[{"recID":0,"timestamp":0,"world2head":{"data":[0.7266761,0.04059334,-0.6857798,-0.193239868,0.48573792,0.675554931,0.554692864,-0.104482025,0.485798746,-0.7361913,0.471191943,-0.100736395,0.0,0.0,0.0,1.0]},"headPose":{"x":0.2401113,"y":0.004266328,"z":-0.0270983875}},{"recID":1,"timestamp":0,"world2head":{"data":[0.7266761,0.04059334,-0.6857798,-0.193239868,0.48573792,0.675554931,0.554692864,-0.104482025,0.485798746,-0.7361913,0.471191943,-0.100736395,0.0,0.0,0.0,1.0]},"headPose":{"x":0.2401113,"y":0.004266328,"z":-0.0270983875}},{"recID":2,"timestamp":0,"world2head":{"data":[0.7266761,0.04059334,-0.6857798,-0.193239868,0.48573792,0.675554931,0.554692864,-0.104482025,0.485798746,-0.7361913,0.471191943,-0.100736395,0.0,0.0,0.0,1.0]},"headPose":{"x":0.2401113,"y":0.004266328,"z":-0.0270983875}},{"recID":3,"timestamp":0,"world2head":{"data":[0.7266761,0.04059334,-0.6857798,-0.193239868,0.48573792,0.675554931,0.554692864,-0.104482025,0.485798746,-0.7361913,0.471191943,-0.100736395,0.0,0.0,0.0,1.0]},"headPose":{"x":0.2401113,"y":0.004266328,"z":-0.0270983875}},{"recID":4,"timestamp":0,"world2head":{"data":[0.7266761,0.04059334,-0.6857798,-0.193239868,0.48573792,0.675554931,0.554692864,-0.104482025,0.485798746,-0.7361913,0.471191943,-0.100736395,0.0,0.0,0.0,1.0]},"headPose":{"x":0.2401113,"y":0.004266328,"z":-0.0270983875}},{"recID":5,"timestamp":0,"world2head":{"data":[0.7266761,0.04059334,-0.6857798,-0.193239868,0.48573792,0.675554931,0.554692864,-0.104482025,0.485798746,-0.7361913,0.471191943,-0.100736395,0.0,0.0,0.0,1.0]},"headPose":{"x":0.2401113,"y":0.004266328,"z":-0.0270983875}},{"recID":6,"timestamp":0,"world2head":{"data":[0.7266761,0.04059334,-0.6857798,-0.193239868,0.48573792,0.675554931,0.554692864,-0.104482025,0.485798746,-0.7361913,0.471191943,-0.100736395,0.0,0.0,0.0,1.0]},"headPose":{"x":0.2401113,"y":0.004266328,"z":-0.0270983875}},{"recID":7,"timestamp":0,"world2head":{"data":[0.7266761,0.04059334,-0.6857798,-0.193239868,0.48573792,0.675554931,0.554692864,-0.104482025,0.485798746,-0.7361913,0.471191943,-0.100736395,0.0,0.0,0.0,1.0]},"headPose":{"x":0.2401113,"y":0.004266328,"z":-0.0270983875}},{"recID":8,"timestamp":0,"world2head":{"data":[0.7266761,0.04059334,-0.6857798,-0.193239868,0.48573792,0.675554931,0.554692864,-0.104482025,0.485798746,-0.7361913,0.471191943,-0.100736395,0.0,0.0,0.0,1.0]},"headPose":{"x":0.2401113,"y":0.004266328,"z":-0.0270983875}},{"recID":9,"timestamp":0,"world2head":{"data":[0.7266761,0.04059334,-0.6857798,-0.193239868,0.48573792,0.675554931,0.554692864,-0.104482025,0.485798746,-0.7361913,0.471191943,-0.100736395,0.0,0.0,0.0,1.0]},"headPose":{"x":0.2401113,"y":0.004266328,"z":-0.0270983875}},{"recID":10,"timestamp":0,"world2head":{"data":[0.7266761,0.04059334,-0.6857798,-0.193239868,0.48573792,0.675554931,0.554692864,-0.104482025,0.485798746,-0.7361913,0.471191943,-0.100736395,0.0,0.0,0.0,1.0]},"headPose":{"x":0.2401113,"y":0.004266328,"z":-0.0270983875}},{"recID":11,"timestamp":0,"world2head":{"data":[0.7266761,0.04059334,-0.6857798,-0.193239868,0.48573792,0.675554931,0.554692864,-0.104482025,0.485798746,-0.7361913,0.471191943,-0.100736395,0.0,0.0,0.0,1.0]},"headPose":{"x":0.2401113,"y":0.004266328,"z":-0.0270983875}},{"recID":12,"timestamp":0,"world2head":{"data":[0.7266761,0.04059334,-0.6857798,-0.193239868,0.48573792,0.675554931,0.554692864,-0.104482025,0.485798746,-0.7361913,0.471191943,-0.100736395,0.0,0.0,0.0,1.0]},"headPose":{"x":0.2401113,"y":0.004266328,"z":-0.0270983875}},{"recID":13,"timestamp":0,"world2head":{"data":[0.7266761,0.04059334,-0.6857798,-0.193239868,0.48573792,0.675554931,0.554692864,-0.104482025,0.485798746,-0.7361913,0.471191943,-0.100736395,0.0,0.0,0.0,1.0]},"headPose":{"x":0.2401113,"y":0.004266328,"z":-0.0270983875}},{"recID":14,"timestamp":0,"world2head":{"data":[0.7266761,0.04059334,-0.6857798,-0.193239868,0.48573792,0.675554931,0.554692864,-0.104482025,0.485798746,-0.7361913,0.471191943,-0.100736395,0.0,0.0,0.0,1.0]},"headPose":{"x":0.2401113,"y":0.004266328,"z":-0.0270983875}},{"recID":15,"timestamp":0,"world2head":{"data":[0.7266761,0.04059334,-0.6857798,-0.193239868,0.48573792,0.675554931,0.554692864,-0.104482025,0.485798746,-0.7361913,0.471191943,-0.100736395,0.0,0.0,0.0,1.0]},"headPose":{"x":0.2401113,"y":0.004266328,"z":-0.0270983875}},{"recID":16,"timestamp":0,"world2head":{"data":[0.7266761,0.04059334,-0.6857798,-0.193239868,0.48573792,0.675554931,0.554692864,-0.104482025,0.485798746,-0.7361913,0.471191943,-0.100736395,0.0,0.0,0.0,1.0]},"headPose":{"x":0.2401113,"y":0.004266328,"z":-0.0270983875}},{"recID":17,"timestamp":0,"world2head":{"data":[0.7266846,0.0404476225,-0.6857795,-0.193160862,0.486002177,0.6752618,0.5548184,-0.104406781,0.485521823,-0.7364683,0.471044719,-0.100727446,0.0,0.0,0.0,1.0]},"headPose":{"x":0.240014315,"y":0.00413225126,"z":-0.0270918384}},{"recID":18,"timestamp":0,"world2head":{"data":[0.726913333,0.0403830856,-0.685540855,-0.193125412,0.4868849,0.6736904,0.5559536,-0.104350783,0.484293431,-0.737909555,0.4700526,-0.100674227,0.0,0.0,0.0,1.0]},"headPose":{"x":0.239948124,"y":0.00381066371,"z":-0.0270589888}},{"recID":19,"timestamp":0,"world2head":{"data":[0.726913333,0.0403830856,-0.685540855,-0.193125412,0.4868849,0.6736904,0.5559536,-0.104350783,0.484293431,-0.737909555,0.4700526,-0.100674227,0.0,0.0,0.0,1.0]},"headPose":{"x":0.239948124,"y":0.00381066371,"z":-0.0270589888}},{"recID":20,"timestamp":0,"world2head":{"data":[0.7264996,0.0405551046,-0.6859691,-0.19308117,0.487278163,0.6734628,0.5558847,-0.104231834,0.484518647,-0.7381078,0.469508827,-0.1007737,0.0,0.0,0.0,1.0]},"headPose":{"x":0.239890024,"y":0.00364483171,"z":-0.02719269}},{"recID":21,"timestamp":0,"world2head":{"data":[0.725707054,0.0404613465,-0.6868131,-0.19292438,0.4881695,0.6731584,0.5554714,-0.104538918,0.48480916,-0.7383907,0.468763769,-0.100811929,0.0,0.0,0.0,1.0]},"headPose":{"x":0.239913821,"y":0.00373866665,"z":-0.02717764}},{"recID":22,"timestamp":0,"world2head":{"data":[0.7251154,0.0408969671,-0.687411845,-0.192701742,0.488095582,0.673646,0.554944932,-0.104465887,0.485767782,-0.7379218,0.468509436,-0.101062104,0.0,0.0,0.0,1.0]},"headPose":{"x":0.23981306,"y":0.00367800728,"z":-0.0271441042}},{"recID":23,"timestamp":0,"world2head":{"data":[0.7251959,0.0415699035,-0.6872866,-0.192649618,0.487707734,0.673592746,0.5553503,-0.104143538,0.486037135,-0.7379327,0.468212724,-0.1010386,0.0,0.0,0.0,1.0]},"headPose":{"x":0.239608824,"y":0.00359906815,"z":-0.0272617936}},{"recID":24,"timestamp":0,"world2head":{"data":[0.725241363,0.0419341475,-0.6872165,-0.19258669,0.487857878,0.6730144,0.555919468,-0.104080029,0.485818624,-0.738439739,0.467639923,-0.100906618,0.0,0.0,0.0,1.0]},"headPose":{"x":0.239470392,"y":0.00360986963,"z":-0.0273006856}},{"recID":25,"timestamp":0,"world2head":{"data":[0.7253161,0.04242839,-0.687107265,-0.192628071,0.487686157,0.672783434,0.556349456,-0.103965595,0.485879362,-0.7386219,0.4672889,-0.100888796,0.0,0.0,0.0,1.0]},"headPose":{"x":0.239438608,"y":0.00360054849,"z":-0.0273707211}},{"recID":26,"timestamp":0,"world2head":{"data":[0.7249063,0.0427711457,-0.687518358,-0.192395285,0.487679124,0.673020363,0.556068957,-0.103958391,0.4864976,-0.7383862,0.467018127,-0.100992255,0.0,0.0,0.0,1.0]},"headPose":{"x":0.239299387,"y":0.00362381176,"z":-0.0273020416}},{"recID":27,"timestamp":0,"world2head":{"data":[0.7246841,0.0427324921,-0.687755048,-0.192252874,0.487773,0.6731819,0.5557911,-0.103896223,0.4867346,-0.738241255,0.467000484,-0.100975096,0.0,0.0,0.0,1.0]},"headPose":{"x":0.239148423,"y":0.00361253624,"z":-0.0273228735}},{"recID":28,"timestamp":0,"world2head":{"data":[0.7248242,0.0427721143,-0.6876049,-0.192180991,0.487561882,0.6732983,0.5558353,-0.103673,0.4867375,-0.7381328,0.4671688,-0.100988194,0.0,0.0,0.0,1.0]},"headPose":{"x":0.238999158,"y":0.00348015525,"z":-0.0273409411}},{"recID":29,"timestamp":0,"world2head":{"data":[0.7254081,0.0424184054,-0.687010765,-0.192085177,0.487339437,0.673205137,0.556143045,-0.103476964,0.486089855,-0.7382381,0.467676282,-0.100814611,0.0,0.0,0.0,1.0]},"headPose":{"x":0.238773525,"y":0.00338398013,"z":-0.0272679925}},{"recID":30,"timestamp":0,"world2head":{"data":[0.7256491,0.0423122346,-0.6867628,-0.192118213,0.4873921,0.6729145,0.5564486,-0.103318349,0.485677272,-0.7385092,0.467677176,-0.100678355,0.0,0.0,0.0,1.0]},"headPose":{"x":0.23866412,"y":0.00330149452,"z":-0.0273633227}},{"recID":31,"timestamp":0,"world2head":{"data":[0.7256917,0.0424021333,-0.6867122,-0.191976383,0.487428784,0.6727334,0.5566354,-0.1032351,0.485576719,-0.7386689,0.467529,-0.100723594,0.0,0.0,0.0,1.0]},"headPose":{"x":0.238544464,"y":0.00318850274,"z":-0.0272770077}},{"recID":32,"timestamp":0,"world2head":{"data":[0.7255399,0.042261526,-0.6868813,-0.191858843,0.487681746,0.6726496,0.556515157,-0.103180587,0.4855496,-0.7387534,0.467423916,-0.100794427,0.0,0.0,0.0,1.0]},"headPose":{"x":0.238461211,"y":0.00305041717,"z":-0.0272489414}},{"recID":33,"timestamp":0,"world2head":{"data":[0.725652337,0.04256855,-0.6867435,-0.1917251,0.487870872,0.6719738,0.557165265,-0.10307043,0.485191375,-0.739350438,0.4668514,-0.100716852,0.0,0.0,0.0,1.0]},"headPose":{"x":0.238277778,"y":0.00295705325,"z":-0.0272188857}},{"recID":34,"timestamp":0,"world2head":{"data":[0.7265035,0.0428689271,-0.685824335,-0.191674113,0.487444758,0.6713245,0.558319867,-0.102593184,0.4843453,-0.7399228,0.466823339,-0.100531541,0.0,0.0,0.0,1.0]},"headPose":{"x":0.237952381,"y":0.002704623,"z":-0.0272444934}},{"recID":35,"timestamp":0,"world2head":{"data":[0.7270077,0.0430922061,-0.6852758,-0.191698372,0.487225,0.6708503,0.5590811,-0.102426812,0.4838095,-0.740339756,0.46671772,-0.10047628,0.0,0.0,0.0,1.0]},"headPose":{"x":0.237882465,"y":0.00258717639,"z":-0.0272072926}},{"recID":36,"timestamp":0,"world2head":{"data":[0.727797151,0.0428627878,-0.6844517,-0.191902816,0.4863627,0.6713709,0.559207,-0.102183074,0.4834901,-0.739881,0.467775,-0.100357972,0.0,0.0,0.0,1.0]},"headPose":{"x":0.237886429,"y":0.00257527083,"z":-0.0272617713}},{"recID":37,"timestamp":0,"world2head":{"data":[0.728302956,0.0424895138,-0.6839368,-0.192034572,0.486155927,0.6713595,0.559400439,-0.102002084,0.482936084,-0.739912868,0.468296528,-0.100300856,0.0,0.0,0.0,1.0]},"headPose":{"x":0.237887159,"y":0.00242562848,"z":-0.02730894}},{"recID":38,"timestamp":0,"world2head":{"data":[0.728760362,0.0416860431,-0.6834988,-0.192272,0.486404717,0.6710611,0.5595422,-0.101896964,0.481994569,-0.740229249,0.468766451,-0.100044832,0.0,0.0,0.0,1.0]},"headPose":{"x":0.237904444,"y":0.0023380497,"z":-0.02750437}},{"recID":39,"timestamp":0,"world2head":{"data":[0.729490042,0.04029274,-0.682803631,-0.1928663,0.486587644,0.671001852,0.5594542,-0.101296015,0.480704427,-0.74036,0.4698832,-0.0999140441,0.0,0.0,0.0,1.0]},"headPose":{"x":0.238012552,"y":0.0017685506,"z":-0.0280713886}},{"recID":40,"timestamp":0,"world2head":{"data":[0.729908168,0.03916292,-0.682422459,-0.193306625,0.487693548,0.669691,0.560061634,-0.101234384,0.478945881,-0.741606534,0.469713449,-0.09935076,0.0,0.0,0.0,1.0]},"headPose":{"x":0.238051057,"y":0.00168705557,"z":-0.0285529122}},{"recID":41,"timestamp":0,"world2head":{"data":[0.7296958,0.0378727019,-0.68272233,-0.193789065,0.488881856,0.669177,0.5596398,-0.101271853,0.478057146,-0.7421373,0.469780326,-0.09919046,0.0,0.0,0.0,1.0]},"headPose":{"x":0.238335729,"y":0.00149517669,"z":-0.0290306285}},{"recID":42,"timestamp":0,"world2head":{"data":[0.7290994,0.0368094146,-0.6834172,-0.194207728,0.490576357,0.668172836,0.5593567,-0.10117685,0.47723043,-0.7430949,0.469106555,-0.09879457,0.0,0.0,0.0,1.0]},"headPose":{"x":0.2383795,"y":0.0013385457,"z":-0.0297857821}},{"recID":43,"timestamp":0,"world2head":{"data":[0.7273735,0.0353429168,-0.685331047,-0.194461823,0.4934798,0.667040765,0.558152556,-0.101495229,0.476870477,-0.744182467,0.467746735,-0.09859717,0.0,0.0,0.0,1.0]},"headPose":{"x":0.2385503,"y":0.0012000195,"z":-0.0305023938}},{"recID":44,"timestamp":0,"world2head":{"data":[0.7208449,0.03197092,-0.692358553,-0.193945184,0.5030105,0.663100958,0.5543262,-0.103571877,0.4768259,-0.747846842,0.4619112,-0.09813663,0.0,0.0,0.0,1.0]},"headPose":{"x":0.238696247,"y":0.0014880239,"z":-0.031536594}},{"recID":45,"timestamp":0,"world2head":{"data":[0.71630317,0.0305285752,-0.697121143,-0.193082839,0.5072895,0.6632019,0.5502914,-0.104762331,0.479131728,-0.747817636,0.459566832,-0.09869184,0.0,0.0,0.0,1.0]},"headPose":{"x":0.238737047,"y":0.00156963058,"z":-0.0315968245}},{"recID":46,"timestamp":0,"world2head":{"data":[0.7130151,0.0302690268,-0.700495,-0.192406744,0.509439051,0.6640786,0.5472399,-0.1053893,0.4817482,-0.7470498,0.458077848,-0.0991369039,0.0,0.0,0.0,1.0]},"headPose":{"x":0.238637373,"y":0.00175054744,"z":-0.0316943377}},{"recID":47,"timestamp":0,"world2head":{"data":[0.7107705,0.0306799114,-0.7027546,-0.19168143,0.510069966,0.6654834,0.54494077,-0.105534717,0.484390259,-0.745781839,0.457357049,-0.0997969061,0.0,0.0,0.0,1.0]},"headPose":{"x":0.238412246,"y":0.00168565218,"z":-0.0315520167}},{"recID":48,"timestamp":0,"world2head":{"data":[0.710155964,0.0314822942,-0.7033402,-0.191351339,0.509251535,0.6668495,0.544035554,-0.1052421,0.486149549,-0.7445271,0.4575348,-0.100118861,0.0,0.0,0.0,1.0]},"headPose":{"x":0.238156736,"y":0.00166362547,"z":-0.0315217748}},{"recID":49,"timestamp":0,"world2head":{"data":[0.7105874,0.03365594,-0.702803552,-0.190980732,0.5072855,0.6676606,0.544876933,-0.104203641,0.487572581,-0.7437047,0.457358,-0.100650191,0.0,0.0,0.0,1.0]},"headPose":{"x":0.237643763,"y":0.00114628184,"z":-0.03141062}},{"recID":50,"timestamp":0,"world2head":{"data":[0.7110422,0.034749195,-0.7022902,-0.190680951,0.507359445,0.666158438,0.546643734,-0.10407149,0.486832023,-0.745000362,0.456036448,-0.10067299,0.0,0.0,0.0,1.0]},"headPose":{"x":0.237394676,"y":0.0009527238,"z":-0.0311127752}},{"recID":51,"timestamp":0,"world2head":{"data":[0.7111751,0.03518696,-0.7021339,-0.190271974,0.5071469,0.6659846,0.547052741,-0.1039796,0.486859471,-0.7451352,0.455786645,-0.100892618,0.0,0.0,0.0,1.0]},"headPose":{"x":0.237170115,"y":0.000765272242,"z":-0.0307285562}},{"recID":52,"timestamp":0,"world2head":{"data":[0.7115139,0.03574601,-0.7017624,-0.1898009,0.5073019,0.6649058,0.548220038,-0.103929222,0.486202568,-0.746071458,0.454955637,-0.100874156,0.0,0.0,0.0,1.0]},"headPose":{"x":0.236814708,"y":0.000628458,"z":-0.0303257778}},{"recID":53,"timestamp":0,"world2head":{"data":[0.7120495,0.0365639925,-0.7011767,-0.18930462,0.506604,0.6646941,0.5491214,-0.103514887,0.486146152,-0.746220469,0.454771578,-0.101157993,0.0,0.0,0.0,1.0]},"headPose":{"x":0.236412853,"y":0.000241336,"z":-0.0298899859}},{"recID":54,"timestamp":0,"world2head":{"data":[0.7153541,0.0391901731,-0.6976623,-0.188508153,0.5044186,0.6619726,0.5543954,-0.10269092,0.483560145,-0.7485028,0.453776538,-0.100548238,0.0,0.0,0.0,1.0]},"headPose":{"x":0.2352704,"y":0.000105595776,"z":-0.0289572254}},{"recID":55,"timestamp":0,"world2head":{"data":[0.717262864,0.04079607,-0.6956074,-0.18814376,0.5019964,0.6620862,0.5564544,-0.101986393,0.483253241,-0.7483165,0.4544103,-0.100532785,0.0,0.0,0.0,1.0]},"headPose":{"x":0.2347281,"y":-3.1037016E-05,"z":-0.0284402743}},{"recID":56,"timestamp":0,"world2head":{"data":[0.719038546,0.0418230742,-0.6937106,-0.187714547,0.500327349,0.6616402,0.5584844,-0.101577014,0.482344419,-0.7486542,0.45481962,-0.100267962,0.0,0.0,0.0,1.0]},"headPose":{"x":0.23415944,"y":-7.778854E-06,"z":-0.027886562}},{"recID":57,"timestamp":0,"world2head":{"data":[0.7202686,0.0425133556,-0.6923914,-0.187248543,0.499384463,0.6610059,0.560077131,-0.101414457,0.4814856,-0.7491755,0.4548713,-0.100147016,0.0,0.0,0.0,1.0]},"headPose":{"x":0.233733371,"y":-3.154964E-05,"z":-0.027295351}},{"recID":58,"timestamp":0,"world2head":{"data":[0.725015044,0.0463306,-0.6871729,-0.186702356,0.4935681,0.6609206,0.5653091,-0.100164987,0.480357856,-0.7490242,0.4563101,-0.09946053,0.0,0.0,0.0,1.0]},"headPose":{"x":0.232576922,"y":0.000352785573,"z":-0.02628778}},{"recID":59,"timestamp":0,"world2head":{"data":[0.7277653,0.0478645265,-0.684154,-0.186743438,0.4894577,0.6625193,0.56700927,-0.0993473157,0.480404884,-0.747514069,0.458730936,-0.0995629951,0.0,0.0,0.0,1.0]},"headPose":{"x":0.232362241,"y":0.000333185773,"z":-0.0257578045}},{"recID":60,"timestamp":0,"world2head":{"data":[0.7305087,0.0492172539,-0.681127548,-0.186980516,0.485487431,0.664018869,0.568665862,-0.09832237,0.48026976,-0.7460942,0.46117723,-0.0994245261,0.0,0.0,0.0,1.0]},"headPose":{"x":0.232075751,"y":0.0003105173,"z":-0.0255926773}},{"recID":61,"timestamp":0,"world2head":{"data":[0.732315361,0.0502677858,-0.6791078,-0.186990529,0.4831529,0.6644163,0.570187867,-0.09790346,0.479872346,-0.745670259,0.462275267,-0.09930042,0.0,0.0,0.0,1.0]},"headPose":{"x":0.2318899,"y":0.000402882375,"z":-0.02525922}},{"recID":62,"timestamp":0,"world2head":{"data":[0.7333791,0.05097072,-0.6779064,-0.186912283,0.48142463,0.665120244,0.570828736,-0.09765166,0.4799848,-0.7449947,0.4632467,-0.09942262,0.0,0.0,0.0,1.0]},"headPose":{"x":0.231810823,"y":0.000407825049,"z":-0.0249094516}},{"recID":63,"timestamp":0,"world2head":{"data":[0.7353779,0.0511856526,-0.6757214,-0.186849,0.478823841,0.6663568,0.571573555,-0.09681867,0.47952795,-0.743874133,0.4655152,-0.09937301,0.0,0.0,0.0,1.0]},"headPose":{"x":0.231415853,"y":0.0001587767,"z":-0.0246592239}},{"recID":64,"timestamp":0,"world2head":{"data":[0.736597657,0.05091192,-0.674412251,-0.187053,0.47783798,0.6665151,0.5722137,-0.0963115,0.4786385,-0.7437511,0.4666258,-0.09917298,0.0,0.0,0.0,1.0]},"headPose":{"x":0.231272087,"y":-4.369462E-05,"z":-0.0247634128}},{"recID":65,"timestamp":0,"world2head":{"data":[0.737163544,0.0500777662,-0.673856258,-0.187298968,0.478513271,0.6654233,0.572919667,-0.09624535,0.47709024,-0.744784653,0.466562867,-0.0987780839,0.0,0.0,0.0,1.0]},"headPose":{"x":0.231250674,"y":-0.00014496388,"z":-0.02498553}},{"recID":66,"timestamp":0,"world2head":{"data":[0.736482859,0.04842423,-0.6747209,-0.187348127,0.480626941,0.6644259,0.5723077,-0.09680988,0.4760156,-0.7457838,0.466064274,-0.0985388458,0.0,0.0,0.0,1.0]},"headPose":{"x":0.231414124,"y":-9.34642158E-05,"z":-0.0250772089}},{"recID":67,"timestamp":0,"world2head":{"data":[0.7353377,0.0470105559,-0.676068366,-0.18723768,0.482752025,0.6638107,0.5712319,-0.09720309,0.47563532,-0.746421754,0.465430558,-0.0984287858,0.0,0.0,0.0,1.0]},"headPose":{"x":0.231424123,"y":-0.000142796358,"z":-0.0252482072}},{"recID":68,"timestamp":0,"world2head":{"data":[0.734031,0.0457379371,-0.677574,-0.187117547,0.484811783,0.663379431,0.5699872,-0.09762762,0.475558668,-0.7468841,0.464766741,-0.09839956,0.0,0.0,0.0,1.0]},"headPose":{"x":0.23147586,"y":-0.000170541825,"z":-0.0254066586}},{"recID":69,"timestamp":0,"world2head":{"data":[0.732466,0.0451504,-0.679304838,-0.186925739,0.486702085,0.6629669,0.568855,-0.09791372,0.4760407,-0.747286,0.4636259,-0.09848794,0.0,0.0,0.0,1.0]},"headPose":{"x":0.2314558,"y":-0.000245321542,"z":-0.02561929}},{"recID":70,"timestamp":0,"world2head":{"data":[0.7294263,0.0442061871,-0.682629466,-0.186621726,0.490066469,0.662451863,0.5665619,-0.0989181548,0.477254719,-0.747799,0.461545885,-0.09882514,0.0,0.0,0.0,1.0]},"headPose":{"x":0.231768042,"y":-0.000122991682,"z":-0.0257379115}},{"recID":71,"timestamp":0,"world2head":{"data":[0.727431953,0.0441610962,-0.6847573,-0.1863735,0.491347134,0.663066745,0.5647305,-0.0994118,0.4789789,-0.7472565,0.4606375,-0.09925528,0.0,0.0,0.0,1.0]},"headPose":{"x":0.231960922,"y":-2.20425754E-05,"z":-0.0257590488}},{"recID":72,"timestamp":0,"world2head":{"data":[0.7256169,0.0441973358,-0.686678052,-0.186090738,0.4923836,0.663746953,0.5630261,-0.0996461958,0.48066473,-0.7466502,0.459863961,-0.09966199,0.0,0.0,0.0,1.0]},"headPose":{"x":0.231998727,"y":-4.80783528E-05,"z":-0.0258500651}},{"recID":73,"timestamp":0,"world2head":{"data":[0.723450661,0.0447640866,-0.6889233,-0.185541481,0.4933076,0.66459465,0.5612144,-0.09967352,0.482976973,-0.745862067,0.458718956,-0.100134261,0.0,0.0,0.0,1.0]},"headPose":{"x":0.23176235,"y":-0.00013826447,"z":-0.0259521529}},{"recID":74,"timestamp":0,"world2head":{"data":[0.7212682,0.04578826,-0.6911408,-0.184881851,0.4947823,0.6642232,0.5603552,-0.1003434,0.4847294,-0.7461306,0.456427872,-0.100202836,0.0,0.0,0.0,1.0]},"headPose":{"x":0.231568813,"y":0.000351412338,"z":-0.0258160755}},{"recID":75,"timestamp":0,"world2head":{"data":[0.720501065,0.0463791639,-0.691901147,-0.18462123,0.494316459,0.665414,0.559352756,-0.1006394,0.486342967,-0.7450323,0.456505477,-0.100444034,0.0,0.0,0.0,1.0]},"headPose":{"x":0.231617749,"y":0.000695366936,"z":-0.0255934671}},{"recID":76,"timestamp":0,"world2head":{"data":[0.719963849,0.0472548157,-0.692400932,-0.184382588,0.493378639,0.6668024,0.558526754,-0.100619324,0.488087654,-0.743734837,0.4567591,-0.10045404,0.0,0.0,0.0,1.0]},"headPose":{"x":0.2314226,"y":0.00109499751,"z":-0.0255847946}},{"recID":77,"timestamp":0,"world2head":{"data":[0.7194016,0.0477487445,-0.692951262,-0.1840748,0.492923737,0.6677853,0.5577536,-0.100974306,0.4893747,-0.7428209,0.456869245,-0.100295082,0.0,0.0,0.0,1.0]},"headPose":{"x":0.2312782,"y":0.00171721727,"z":-0.02541434}},{"recID":78,"timestamp":0,"world2head":{"data":[0.7187444,0.0480389446,-0.6936128,-0.183782548,0.491767049,0.6701,0.5559957,-0.10124734,0.4914994,-0.7407148,0.45800662,-0.100265115,0.0,0.0,0.0,1.0]},"headPose":{"x":0.231163025,"y":0.00240671937,"z":-0.0252587572}},{"recID":79,"timestamp":0,"world2head":{"data":[0.717990756,0.0499607921,-0.6942574,-0.1832536,0.487194657,0.6762885,0.5525173,-0.101302482,0.497122437,-0.734940767,0.4612282,-0.100514948,0.0,0.0,0.0,1.0]},"headPose":{"x":0.230896637,"y":0.003792669,"z":-0.0248934552}},{"recID":80,"timestamp":0,"world2head":{"data":[0.7180606,0.05096893,-0.6941118,-0.183068871,0.484040976,0.680043042,0.550677657,-0.10102579,0.500093341,-0.731398463,0.463641047,-0.100643121,0.0,0.0,0.0,1.0]},"headPose":{"x":0.230686113,"y":0.00442249049,"z":-0.0247753412}},{"recID":81,"timestamp":0,"world2head":{"data":[0.717958,0.05178225,-0.6941577,-0.1829153,0.48148936,0.6832315,0.548965156,-0.100886047,0.5026971,-0.728363454,0.465598881,-0.10075362,0.0,0.0,0.0,1.0]},"headPose":{"x":0.2305496,"y":0.00501504168,"z":-0.02467838}},{"recID":82,"timestamp":0,"world2head":{"data":[0.717605352,0.0526863337,-0.6944543,-0.182665542,0.478908777,0.686638832,0.546967566,-0.100659534,0.505656958,-0.7250871,0.467503726,-0.10111922,0.0,0.0,0.0,1.0]},"headPose":{"x":0.230420142,"y":0.005420473,"z":-0.0245217532}},{"recID":83,"timestamp":0,"world2head":{"data":[0.717034638,0.0534787029,-0.694982946,-0.182353824,0.477143645,0.689177155,0.5453152,-0.100489758,0.5081292,-0.7226166,0.468646884,-0.101247795,0.0,0.0,0.0,1.0]},"headPose":{"x":0.230149016,"y":0.0058439537,"z":-0.0244847387}},{"recID":84,"timestamp":0,"world2head":{"data":[0.7161553,0.0562220961,-0.69567287,-0.181895882,0.474192977,0.6921727,0.5440938,-0.100379065,0.512115836,-0.719538748,0.469043016,-0.101597607,0.0,0.0,0.0,1.0]},"headPose":{"x":0.229894489,"y":0.00660280231,"z":-0.024270758}},{"recID":85,"timestamp":0,"world2head":{"data":[0.715796769,0.0577703267,-0.6959149,-0.181708559,0.47229898,0.69400686,0.5434042,-0.100329906,0.5143624,-0.717646956,0.469483018,-0.101967789,0.0,0.0,0.0,1.0]},"headPose":{"x":0.229900509,"y":0.006950148,"z":-0.0240618587}},{"recID":86,"timestamp":0,"world2head":{"data":[0.715530157,0.0592854768,-0.69606173,-0.181550726,0.469456315,0.697060347,0.5419573,-0.0995277762,0.5173272,-0.71455735,0.4709357,-0.102646112,0.0,0.0,0.0,1.0]},"headPose":{"x":0.229730576,"y":0.00679365452,"z":-0.024090983}},{"recID":87,"timestamp":0,"world2head":{"data":[0.71508,0.0600913167,-0.696455061,-0.181343555,0.469681263,0.696606159,0.5423461,-0.0993010253,0.5177452,-0.7149328,0.469905376,-0.102420233,0.0,0.0,0.0,1.0]},"headPose":{"x":0.229342565,"y":0.00684730848,"z":-0.0243142843}},{"recID":88,"timestamp":0,"world2head":{"data":[0.7140563,0.0607808828,-0.697444856,-0.180997834,0.471313775,0.6949144,0.5430998,-0.0999829248,0.5176746,-0.7165192,0.467561126,-0.102365144,0.0,0.0,0.0,1.0]},"headPose":{"x":0.229357779,"y":0.00713421637,"z":-0.0240733474}},{"recID":89,"timestamp":0,"world2head":{"data":[0.7134907,0.0621622652,-0.6979017,-0.180643052,0.469134927,0.6974486,0.541736,-0.100101046,0.520426154,-0.7139337,0.468460679,-0.1029651,0.0,0.0,0.0,1.0]},"headPose":{"x":0.229433775,"y":0.007534284,"z":-0.0236076638}},{"recID":90,"timestamp":0,"world2head":{"data":[0.71331346,0.062067017,-0.698091447,-0.180433825,0.468777716,0.6982005,0.541076243,-0.09990174,0.5209908,-0.7132067,0.468940139,-0.103065908,0.0,0.0,0.0,1.0]},"headPose":{"x":0.229233965,"y":0.007443148,"z":-0.0235730931}},{"recID":91,"timestamp":0,"world2head":{"data":[0.713009357,0.0612211227,-0.6984767,-0.1802306,0.469621181,0.698022962,0.540573657,-0.100117967,0.5206473,-0.7134535,0.468946159,-0.102852069,0.0,0.0,0.0,1.0]},"headPose":{"x":0.229073271,"y":0.007538395,"z":-0.0235336423}},{"recID":92,"timestamp":0,"world2head":{"data":[0.7124966,0.06067036,-0.6990477,-0.179972351,0.47085923,0.69729495,0.540436268,-0.100604519,0.5202309,-0.71421206,0.468253076,-0.102803245,0.0,0.0,0.0,1.0]},"headPose":{"x":0.229081675,"y":0.00764669,"z":-0.02330099}},{"recID":93,"timestamp":0,"world2head":{"data":[0.712525,0.06079796,-0.6990077,-0.1797682,0.470530838,0.6976168,0.5403069,-0.100530773,0.520489037,-0.713886857,0.4684621,-0.102975652,0.0,0.0,0.0,1.0]},"headPose":{"x":0.228989869,"y":0.007548527,"z":-0.0231016874}},{"recID":94,"timestamp":0,"world2head":{"data":[0.7134635,0.060703814,-0.698058,-0.179554224,0.470674038,0.696493864,0.5416293,-0.100196764,0.519072056,-0.7149905,0.468351245,-0.102557607,0.0,0.0,0.0,1.0]},"headPose":{"x":0.228500187,"y":0.007358352,"z":-0.023036778}},{"recID":95,"timestamp":0,"world2head":{"data":[0.71385026,0.0603830367,-0.697690248,-0.179504961,0.471496582,0.695192933,0.5425843,-0.10063538,0.5177922,-0.7162825,0.467793226,-0.102244265,0.0,0.0,0.0,1.0]},"headPose":{"x":0.228530183,"y":0.00756427273,"z":-0.0228065029}},{"recID":96,"timestamp":0,"world2head":{"data":[0.7140342,0.06023203,-0.69751513,-0.179400817,0.471028745,0.6957594,0.5422645,-0.100730509,0.517964363,-0.715745032,0.468425035,-0.102431849,0.0,0.0,0.0,1.0]},"headPose":{"x":0.228601322,"y":0.00757478876,"z":-0.0225305483}},{"recID":97,"timestamp":0,"world2head":{"data":[0.714060545,0.06026925,-0.697484851,-0.179241627,0.470338464,0.696655035,0.5417136,-0.100533105,0.518555045,-0.7148702,0.4691069,-0.102804258,0.0,0.0,0.0,1.0]},"headPose":{"x":0.228583619,"y":0.007347949,"z":-0.0223319978}},{"recID":98,"timestamp":0,"world2head":{"data":[0.714280367,0.06043896,-0.6972451,-0.179082483,0.470404953,0.6961957,0.542246044,-0.100337848,0.518191934,-0.715303242,0.4688481,-0.102816477,0.0,0.0,0.0,1.0]},"headPose":{"x":0.228393167,"y":0.00713339727,"z":-0.0222512856}},{"recID":99,"timestamp":0,"world2head":{"data":[0.714994,0.06127225,-0.696440458,-0.178952456,0.470623255,0.6944742,0.544260263,-0.100010164,0.517008066,-0.7169039,0.467708826,-0.1029327,0.0,0.0,0.0,1.0]},"headPose":{"x":0.228234068,"y":0.006626468,"z":-0.0220556334}},{"recID":100,"timestamp":0,"world2head":{"data":[0.715377331,0.061691165,-0.696009755,-0.178889662,0.4711513,0.6929959,0.545686,-0.100000784,0.515996,-0.718297243,0.466687679,-0.102806933,0.0,0.0,0.0,1.0]},"headPose":{"x":0.228137046,"y":0.00649012951,"z":-0.0219611973}},{"recID":101,"timestamp":0,"world2head":{"data":[0.7153592,0.06158848,-0.6960374,-0.178798422,0.472675145,0.6909694,0.546936452,-0.10033951,0.514625549,-0.720255554,0.46517992,-0.102625586,0.0,0.0,0.0,1.0]},"headPose":{"x":0.228146821,"y":0.00642679539,"z":-0.0218316838}},{"recID":102,"timestamp":0,"world2head":{"data":[0.7149333,0.061609596,-0.696473062,-0.178663045,0.4738929,0.6897153,0.5474654,-0.100743443,0.5140973,-0.7214548,0.463904023,-0.102623135,0.0,0.0,0.0,1.0]},"headPose":{"x":0.228232011,"y":0.00645370176,"z":-0.0216731578}},{"recID":103,"timestamp":0,"world2head":{"data":[0.7141148,0.06183499,-0.6972923,-0.178373262,0.4749081,0.689015746,0.547466457,-0.100867,0.514297962,-0.722103655,0.4626704,-0.102891244,0.0,0.0,0.0,1.0]},"headPose":{"x":0.22819829,"y":0.00623051636,"z":-0.0215522647}},{"recID":104,"timestamp":0,"world2head":{"data":[0.7133125,0.0631824,-0.6979924,-0.177869916,0.477572441,0.6850901,0.5500692,-0.100581013,0.5129424,-0.725713134,0.4585092,-0.103283644,0.0,0.0,0.0,1.0]},"headPose":{"x":0.2278901,"y":0.005191018,"z":-0.0214688256}},{"recID":105,"timestamp":0,"world2head":{"data":[0.7129476,0.0640097558,-0.698289633,-0.1777337,0.4796283,0.681927443,0.5522062,-0.100696154,0.511529446,-0.728613555,0.4554777,-0.103417248,0.0,0.0,0.0,1.0]},"headPose":{"x":0.227912515,"y":0.004692953,"z":-0.021400325}},{"recID":106,"timestamp":0,"world2head":{"data":[0.712431133,0.06511107,-0.698715,-0.177544668,0.481839746,0.678478956,0.554524,-0.100671537,0.510169,-0.731728733,0.451996446,-0.103728227,0.0,0.0,0.0,1.0]},"headPose":{"x":0.2279148,"y":0.00396273658,"z":-0.02134353}},{"recID":107,"timestamp":0,"world2head":{"data":[0.7118207,0.06614339,-0.69923985,-0.177302882,0.4846996,0.6742372,0.557198763,-0.100683562,0.50830853,-0.735546947,0.447876334,-0.103992939,0.0,0.0,0.0,1.0]},"headPose":{"x":0.227869645,"y":0.0031203304,"z":-0.0213005021}},{"recID":108,"timestamp":0,"world2head":{"data":[0.711278558,0.06718846,-0.6996918,-0.177040592,0.4886427,0.6682896,0.5609076,-0.100548916,0.505283237,-0.7408608,0.442508936,-0.104114078,0.0,0.0,0.0,1.0]},"headPose":{"x":0.227664754,"y":0.00195683818,"z":-0.0214037746}},{"recID":109,"timestamp":0,"world2head":{"data":[0.7096281,0.06883083,-0.7012063,-0.176435888,0.500111639,0.651822567,0.570101559,-0.100797631,0.4963027,-0.7552416,0.428128481,-0.104279481,0.0,0.0,0.0,1.0]},"headPose":{"x":0.2273681,"y":-0.0009097787,"z":-0.0216080621}},{"recID":110,"timestamp":0,"world2head":{"data":[0.7083574,0.06973116,-0.7024013,-0.175987035,0.5075909,0.641168237,0.575547457,-0.101334564,0.490491033,-0.7642257,0.4187814,-0.10454651,0.0,0.0,0.0,1.0]},"headPose":{"x":0.22737731,"y":-0.00265281624,"z":-0.0215085372}},{"recID":111,"timestamp":0,"world2head":{"data":[0.707259655,0.07069977,-0.7034098,-0.175494239,0.515024364,0.630071,0.581171632,-0.101629943,0.4842868,-0.773312449,0.4092117,-0.104962364,0.0,0.0,0.0,1.0]},"headPose":{"x":0.227293774,"y":-0.00472722529,"z":-0.0214280933}},{"recID":112,"timestamp":0,"world2head":{"data":[0.707717657,0.07243289,-0.702772439,-0.175408766,0.521274745,0.617892,0.588627338,-0.100987688,0.476873457,-0.7829195,0.399535656,-0.104958005,0.0,0.0,0.0,1.0]},"headPose":{"x":0.226833925,"y":-0.00706881424,"z":-0.0218938813}},{"recID":113,"timestamp":0,"world2head":{"data":[0.7082286,0.07401335,-0.7020928,-0.175435036,0.530493,0.6003909,0.5984212,-0.1012121,0.465821326,-0.7962743,0.385950446,-0.103982463,0.0,0.0,0.0,1.0]},"headPose":{"x":0.226377651,"y":-0.009047206,"z":-0.0224721432}},{"recID":114,"timestamp":0,"world2head":{"data":[0.707663357,0.0752351,-0.7025328,-0.175286815,0.5409155,0.58200264,0.607193232,-0.102507666,0.4545582,-0.8096992,0.3711661,-0.103516817,0.0,0.0,0.0,1.0]},"headPose":{"x":0.226546422,"y":-0.0109700235,"z":-0.02248086}},{"recID":115,"timestamp":0,"world2head":{"data":[0.706994653,0.0768488944,-0.7030312,-0.175065026,0.548811436,0.567364454,0.6139247,-0.103417441,0.446054369,-0.819873035,0.3589481,-0.103329882,0.0,0.0,0.0,1.0]},"headPose":{"x":0.22661747,"y":-0.01258843,"z":-0.0224955752}},{"recID":116,"timestamp":0,"world2head":{"data":[0.7032672,0.0782733858,-0.7066035,-0.174260288,0.5642768,0.5431254,0.6217769,-0.107575394,0.4324429,-0.835995257,0.337794423,-0.102855191,0.0,0.0,0.0,1.0]},"headPose":{"x":0.227732852,"y":-0.0139195686,"z":-0.0215011239}},{"recID":117,"timestamp":0,"world2head":{"data":[0.70179534,0.07906854,-0.707977057,-0.173875749,0.5655446,0.542476058,0.6211917,-0.109066091,0.433177352,-0.836342037,0.335990369,-0.104018658,0.0,0.0,0.0,1.0]},"headPose":{"x":0.228765443,"y":-0.0140813142,"z":-0.0203998238}},{"recID":118,"timestamp":0,"world2head":{"data":[0.6998354,0.07859185,-0.7099674,-0.173432231,0.5634812,0.550108433,0.6163357,-0.109389275,0.438998073,-0.831386864,0.3407004,-0.106435232,0.0,0.0,0.0,1.0]},"headPose":{"x":0.229737684,"y":-0.0146824988,"z":-0.0194482058}},{"recID":119,"timestamp":0,"world2head":{"data":[0.698951,0.0776831657,-0.710938,-0.1732338,0.5630239,0.553203642,0.6139788,-0.109794751,0.440989345,-0.8294162,0.3429247,-0.106965572,0.0,0.0,0.0,1.0]},"headPose":{"x":0.230069682,"y":-0.0145227434,"z":-0.01906573}},{"recID":120,"timestamp":0,"world2head":{"data":[0.698286951,0.0768895745,-0.7116765,-0.173122153,0.560464442,0.5597318,0.6103933,-0.109977394,0.44528082,-0.825099,0.347759545,-0.108210579,0.0,0.0,0.0,1.0]},"headPose":{"x":0.23071143,"y":-0.014415306,"z":-0.01844623}},{"recID":121,"timestamp":0,"world2head":{"data":[0.69787693,0.07628037,-0.7121441,-0.1730627,0.5577117,0.5659624,0.6071609,-0.109694622,0.449361265,-0.8208946,0.352429628,-0.109138265,0.0,0.0,0.0,1.0]},"headPose":{"x":0.230996922,"y":-0.0143066728,"z":-0.018179737}},{"recID":122,"timestamp":0,"world2head":{"data":[0.697751462,0.07569441,-0.712329447,-0.173111841,0.555717,0.5702818,0.6049441,-0.109991625,0.4520194,-0.8179542,0.355850279,-0.109832361,0.0,0.0,0.0,1.0]},"headPose":{"x":0.231559619,"y":-0.014008021,"z":-0.01769001}},{"recID":123,"timestamp":0,"world2head":{"data":[0.698182,0.07520954,-0.7119589,-0.173297852,0.552003443,0.576709867,0.6022441,-0.109962747,0.455888271,-0.8134797,0.3611325,-0.110728323,0.0,0.0,0.0,1.0]},"headPose":{"x":0.232173,"y":-0.0136249755,"z":-0.0171689466}},{"recID":124,"timestamp":0,"world2head":{"data":[0.6969749,0.07363869,-0.7133046,-0.173243642,0.545904636,0.5905188,0.5943701,-0.109427311,0.4649884,-0.8036573,0.371377051,-0.112786271,0.0,0.0,0.0,1.0]},"headPose":{"x":0.232927635,"y":-0.0132651711,"z":-0.0166489333}},{"recID":125,"timestamp":0,"world2head":{"data":[0.69644773,0.07265574,-0.71392,-0.173185915,0.5445188,0.5944742,0.5916922,-0.109337144,0.467396855,-0.8008256,0.374457777,-0.113069318,0.0,0.0,0.0,1.0]},"headPose":{"x":0.23299931,"y":-0.0129677253,"z":-0.0166072622}},{"recID":126,"timestamp":0,"world2head":{"data":[0.6959846,0.07195367,-0.7144425,-0.173188984,0.5430431,0.5982256,0.5892625,-0.109575748,0.4697974,-0.7980907,0.3772819,-0.113470316,0.0,0.0,0.0,1.0]},"headPose":{"x":0.2333493,"y":-0.012547,"z":-0.01635439}},{"recID":127,"timestamp":0,"world2head":{"data":[0.695925951,0.07197295,-0.7144977,-0.173326284,0.540431559,0.6027039,0.587096035,-0.108979166,0.4728856,-0.7947125,0.380540848,-0.114044569,0.0,0.0,0.0,1.0]},"headPose":{"x":0.233448073,"y":-0.0124756619,"z":-0.01646138}},{"recID":128,"timestamp":0,"world2head":{"data":[0.6954362,0.07242228,-0.714929044,-0.173447058,0.5391881,0.6050909,0.585782647,-0.109017618,0.475020826,-0.7928556,0.3817529,-0.114289463,0.0,0.0,0.0,1.0]},"headPose":{"x":0.233692229,"y":-0.0120880306,"z":-0.016511403}},{"recID":129,"timestamp":0,"world2head":{"data":[0.6914343,0.0725694,-0.718785346,-0.172782227,0.5377369,0.612731,0.579137146,-0.1100643,0.4824497,-0.7869527,0.384639978,-0.115550652,0.0,0.0,0.0,1.0]},"headPose":{"x":0.234400541,"y":-0.0109543791,"z":-0.016005598}},{"recID":130,"timestamp":0,"world2head":{"data":[0.6895874,0.07357107,-0.720455766,-0.17251119,0.53653,0.6162882,0.576475859,-0.10934525,0.4864203,-0.7840767,0.385511518,-0.116204135,0.0,0.0,0.0,1.0]},"headPose":{"x":0.234152615,"y":-0.0110329287,"z":-0.01645375}},{"recID":131,"timestamp":0,"world2head":{"data":[0.687575459,0.07529938,-0.7221981,-0.172095656,0.537263,0.6163136,0.5757658,-0.109312236,0.488455325,-0.7838927,0.3833065,-0.11633426,0.0,0.0,0.0,1.0]},"headPose":{"x":0.233882219,"y":-0.0108642466,"z":-0.0167572424}},{"recID":132,"timestamp":0,"world2head":{"data":[0.6852177,0.07635851,-0.7243246,-0.1715464,0.5384725,0.6165366,0.5743954,-0.109707646,0.49043262,-0.783614755,0.3813448,-0.116401866,0.0,0.0,0.0,1.0]},"headPose":{"x":0.233708441,"y":-0.0104764039,"z":-0.0168504715}},{"recID":133,"timestamp":0,"world2head":{"data":[0.683041751,0.07755418,-0.726250231,-0.170716211,0.540426731,0.61522007,0.5739715,-0.110597014,0.4913176,-0.7845315,0.378308654,-0.115931131,0.0,0.0,0.0,1.0]},"headPose":{"x":0.233334869,"y":-0.009670369,"z":-0.01664541}},{"recID":134,"timestamp":0,"world2head":{"data":[0.681076169,0.07962541,-0.7278702,-0.169905171,0.5386227,0.618905663,0.571700454,-0.111251369,0.49600485,-0.7814189,0.378633857,-0.115944482,0.0,0.0,0.0,1.0]},"headPose":{"x":0.233149916,"y":-0.008218348,"z":-0.01616595}},{"recID":135,"timestamp":0,"world2head":{"data":[0.6806843,0.08062531,-0.7281267,-0.169573,0.5367078,0.621608138,0.5705682,-0.110696584,0.498611748,-0.7791681,0.379846632,-0.115916982,0.0,0.0,0.0,1.0]},"headPose":{"x":0.232634947,"y":-0.00783703,"z":-0.0162799954}},{"recID":136,"timestamp":0,"world2head":{"data":[0.680877566,0.0808658749,-0.7279192,-0.169273943,0.536572635,0.6213939,0.5709286,-0.111118793,0.498493284,-0.779314041,0.3797028,-0.115404174,0.0,0.0,0.0,1.0]},"headPose":{"x":0.232406333,"y":-0.00719905039,"z":-0.0159575865}},{"recID":137,"timestamp":0,"world2head":{"data":[0.6817398,0.0808728337,-0.727111,-0.169202089,0.5340124,0.6243249,0.5701308,-0.1108994,0.500061631,-0.776967168,0.3824401,-0.1153242,0.0,0.0,0.0,1.0]},"headPose":{"x":0.232242659,"y":-0.00668200338,"z":-0.0156969428}},{"recID":138,"timestamp":0,"world2head":{"data":[0.6822001,0.0804601163,-0.726725042,-0.168998465,0.531710446,0.6276541,0.568625033,-0.110372767,0.501883566,-0.7743233,0.3854041,-0.115471259,0.0,0.0,0.0,1.0]},"headPose":{"x":0.231930226,"y":-0.00653853,"z":-0.0155515894}},{"recID":139,"timestamp":0,"world2head":{"data":[0.6832737,0.07923718,-0.7258503,-0.168625414,0.530175149,0.6296824,0.5678155,-0.109588176,0.502047241,-0.7728011,0.3882358,-0.115089536,0.0,0.0,0.0,1.0]},"headPose":{"x":0.2310986,"y":-0.006574168,"z":-0.0154890567}},{"recID":140,"timestamp":0,"world2head":{"data":[0.6842071,0.07811725,-0.725092053,-0.168525681,0.5303119,0.629221559,0.5681986,-0.1096833,0.500629663,-0.773290455,0.3890913,-0.11451868,0.0,0.0,0.0,1.0]},"headPose":{"x":0.23080425,"y":-0.00637631631,"z":-0.0153165162}},{"recID":141,"timestamp":0,"world2head":{"data":[0.6850774,0.0766761154,-0.724423766,-0.168391764,0.5303469,0.629241943,0.568143368,-0.109715171,0.499400854,-0.773418069,0.390414476,-0.114277847,0.0,0.0,0.0,1.0]},"headPose":{"x":0.230618924,"y":-0.006435515,"z":-0.0150373206}},{"recID":142,"timestamp":0,"world2head":{"data":[0.685781,0.07524139,-0.723908246,-0.168407068,0.530465,0.62932837,0.567937136,-0.109573923,0.4983084,-0.7734885,0.391668558,-0.114127375,0.0,0.0,0.0,1.0]},"headPose":{"x":0.23048614,"y":-0.00664704666,"z":-0.0149800628}},{"recID":143,"timestamp":0,"world2head":{"data":[0.68625,0.07414931,-0.7235765,-0.168356791,0.531629741,0.627799869,0.5685396,-0.109479547,0.496418059,-0.7748351,0.3914076,-0.113849208,0.0,0.0,0.0,1.0]},"headPose":{"x":0.2302542,"y":-0.006999553,"z":-0.015014112}},{"recID":144,"timestamp":0,"world2head":{"data":[0.686317742,0.07222393,-0.7237069,-0.168224663,0.5354458,0.6232341,0.569979966,-0.110511109,0.492205054,-0.77869314,0.3890646,-0.113013,0.0,0.0,0.0,1.0]},"headPose":{"x":0.230253831,"y":-0.006978293,"z":-0.0147868842}},{"recID":145,"timestamp":0,"world2head":{"data":[0.6857648,0.07114929,-0.7243373,-0.1680573,0.5366157,0.6229161,0.5692268,-0.111152828,0.491701424,-0.7790465,0.3889941,-0.112990685,0.0,0.0,0.0,1.0]},"headPose":{"x":0.230451792,"y":-0.00682895025,"z":-0.01450628}},{"recID":146,"timestamp":0,"world2head":{"data":[0.6850207,0.07023972,-0.725129664,-0.16781339,0.5367025,0.62441504,0.567500055,-0.111245841,0.492642939,-0.7779282,0.390039384,-0.11319378,0.0,0.0,0.0,1.0]},"headPose":{"x":0.230425686,"y":-0.00680587161,"z":-0.0144044235}},{"recID":147,"timestamp":0,"world2head":{"data":[0.6840492,0.06931548,-0.726135,-0.167587072,0.537867069,0.624496758,0.5663063,-0.11162208,0.49272275,-0.777945459,0.389903963,-0.113166369,0.0,0.0,0.0,1.0]},"headPose":{"x":0.2304353,"y":-0.006713258,"z":-0.0143545419}},{"recID":148,"timestamp":0,"w