[{"recID":0,"timestamp":0,"world2head":{"data":[0.999309659,0.03598875,-0.00921818,-0.310970545,-0.02008497,0.7321088,0.6808916,0.315878779,0.0312531479,-0.6802364,0.7323262,-0.323253274,0.0,0.0,0.0,1.0]},"headPose":{"x":0.327202976,"y":-0.439954817,"z":0.0187810436}},{"recID":1,"timestamp":0,"world2head":{"data":[0.9969969,0.0400331654,-0.0662910938,-0.313128233,0.0163043626,0.728319168,0.6850441,0.301941067,0.07570556,-0.684067667,0.725479245,-0.337071866,0.0,0.0,0.0,1.0]},"headPose":{"x":0.332783163,"y":-0.43795386,"z":0.0169380829}},{"recID":2,"timestamp":0,"world2head":{"data":[0.9969969,0.0400331654,-0.0662910938,-0.313128233,0.0163043626,0.728319168,0.6850441,0.301941067,0.07570556,-0.684067667,0.725479245,-0.337071866,0.0,0.0,0.0,1.0]},"headPose":{"x":0.332783163,"y":-0.43795386,"z":0.0169380829}},{"recID":3,"timestamp":0,"world2head":{"data":[0.9969969,0.0400331654,-0.0662910938,-0.313128233,0.0163043626,0.728319168,0.6850441,0.301941067,0.07570556,-0.684067667,0.725479245,-0.337071866,0.0,0.0,0.0,1.0]},"headPose":{"x":0.332783163,"y":-0.43795386,"z":0.0169380829}},{"recID":4,"timestamp":0,"world2head":{"data":[0.9969969,0.0400331654,-0.0662910938,-0.313128233,0.0163043626,0.728319168,0.6850441,0.301941067,0.07570556,-0.684067667,0.725479245,-0.337071866,0.0,0.0,0.0,1.0]},"headPose":{"x":0.332783163,"y":-0.43795386,"z":0.0169380829}},{"recID":5,"timestamp":0,"world2head":{"data":[0.9969969,0.0400331654,-0.0662910938,-0.313128233,0.0163043626,0.728319168,0.6850441,0.301941067,0.07570556,-0.684067667,0.725479245,-0.337071866,0.0,0.0,0.0,1.0]},"headPose":{"x":0.332783163,"y":-0.43795386,"z":0.0169380829}},{"recID":6,"timestamp":0,"world2head":{"data":[0.9969969,0.0400331654,-0.0662910938,-0.313128233,0.0163043626,0.728319168,0.6850441,0.301941067,0.07570556,-0.684067667,0.725479245,-0.337071866,0.0,0.0,0.0,1.0]},"headPose":{"x":0.332783163,"y":-0.43795386,"z":0.0169380829}},{"recID":7,"timestamp":0,"world2head":{"data":[0.9969969,0.0400331654,-0.0662910938,-0.313128233,0.0163043626,0.728319168,0.6850441,0.301941067,0.07570556,-0.684067667,0.725479245,-0.337071866,0.0,0.0,0.0,1.0]},"headPose":{"x":0.332783163,"y":-0.43795386,"z":0.0169380829}},{"recID":8,"timestamp":0,"world2head":{"data":[0.9969969,0.0400331654,-0.0662910938,-0.313128233,0.0163043626,0.728319168,0.6850441,0.301941067,0.07570556,-0.684067667,0.725479245,-0.337071866,0.0,0.0,0.0,1.0]},"headPose":{"x":0.332783163,"y":-0.43795386,"z":0.0169380829}},{"recID":9,"timestamp":0,"world2head":{"data":[0.9969969,0.0400331654,-0.0662910938,-0.313128233,0.0163043626,0.728319168,0.6850441,0.301941067,0.07570556,-0.684067667,0.725479245,-0.337071866,0.0,0.0,0.0,1.0]},"headPose":{"x":0.332783163,"y":-0.43795386,"z":0.0169380829}},{"recID":10,"timestamp":0,"world2head":{"data":[0.9969969,0.0400331654,-0.0662910938,-0.313128233,0.0163043626,0.728319168,0.6850441,0.301941067,0.07570556,-0.684067667,0.725479245,-0.337071866,0.0,0.0,0.0,1.0]},"headPose":{"x":0.332783163,"y":-0.43795386,"z":0.0169380829}},{"recID":11,"timestamp":0,"world2head":{"data":[0.9969969,0.0400331654,-0.0662910938,-0.313128233,0.0163043626,0.728319168,0.6850441,0.301941067,0.07570556,-0.684067667,0.725479245,-0.337071866,0.0,0.0,0.0,1.0]},"headPose":{"x":0.332783163,"y":-0.43795386,"z":0.0169380829}},{"recID":12,"timestamp":0,"world2head":{"data":[0.9969969,0.0400331654,-0.0662910938,-0.313128233,0.0163043626,0.728319168,0.6850441,0.301941067,0.07570556,-0.684067667,0.725479245,-0.337071866,0.0,0.0,0.0,1.0]},"headPose":{"x":0.332783163,"y":-0.43795386,"z":0.0169380829}},{"recID":13,"timestamp":0,"world2head":{"data":[0.9969969,0.0400331654,-0.0662910938,-0.313128233,0.0163043626,0.728319168,0.6850441,0.301941067,0.07570556,-0.684067667,0.725479245,-0.337071866,0.0,0.0,0.0,1.0]},"headPose":{"x":0.332783163,"y":-0.43795386,"z":0.0169380829}},{"recID":14,"timestamp":0,"world2head":{"data":[0.9969969,0.0400331654,-0.0662910938,-0.313128233,0.0163043626,0.728319168,0.6850441,0.301941067,0.07570556,-0.684067667,0.725479245,-0.337071866,0.0,0.0,0.0,1.0]},"headPose":{"x":0.332783163,"y":-0.43795386,"z":0.0169380829}},{"recID":15,"timestamp":0,"world2head":{"data":[0.9969969,0.0400331654,-0.0662910938,-0.313128233,0.0163043626,0.728319168,0.6850441,0.301941067,0.07570556,-0.684067667,0.725479245,-0.337071866,0.0,0.0,0.0,1.0]},"headPose":{"x":0.332783163,"y":-0.43795386,"z":0.0169380829}},{"recID":16,"timestamp":0,"world2head":{"data":[0.9969969,0.0400331654,-0.0662910938,-0.313128233,0.0163043626,0.728319168,0.6850441,0.301941067,0.07570556,-0.684067667,0.725479245,-0.337071866,0.0,0.0,0.0,1.0]},"headPose":{"x":0.332783163,"y":-0.43795386,"z":0.0169380829}},{"recID":17,"timestamp":0,"world2head":{"data":[0.9969969,0.0400331654,-0.0662910938,-0.313128233,0.0163043626,0.728319168,0.6850441,0.301941067,0.07570556,-0.684067667,0.725479245,-0.337071866,0.0,0.0,0.0,1.0]},"headPose":{"x":0.332783163,"y":-0.43795386,"z":0.0169380829}},{"recID":18,"timestamp":0,"world2head":{"data":[0.9970435,0.03871362,-0.0663739,-0.314129531,0.0172730237,0.728773236,0.6845373,0.301821232,0.0748724341,-0.6836599,0.7259499,-0.336718976,0.0,0.0,0.0,1.0]},"headPose":{"x":0.333198428,"y":-0.437999368,"z":0.0169832334}},{"recID":19,"timestamp":0,"world2head":{"data":[0.9970435,0.03871362,-0.0663739,-0.314129531,0.0172730237,0.728773236,0.6845373,0.301821232,0.0748724341,-0.6836599,0.7259499,-0.336718976,0.0,0.0,0.0,1.0]},"headPose":{"x":0.333198428,"y":-0.437999368,"z":0.0169832334}},{"recID":20,"timestamp":0,"world2head":{"data":[0.99719435,0.0350862071,-0.06612373,-0.316648781,0.0196595434,0.7295842,0.6836083,0.3013465,0.07222805,-0.6829903,0.7268475,-0.335647136,0.0,0.0,0.0,1.0]},"headPose":{"x":0.3340792,"y":-0.4379914,"z":0.0170233175}},{"recID":21,"timestamp":0,"world2head":{"data":[0.9972475,0.03415975,-0.06580646,-0.317201376,0.02010483,0.729709566,0.6834616,0.301252365,0.07136649,-0.682903469,0.7270143,-0.335329741,0.0,0.0,0.0,1.0]},"headPose":{"x":0.334202945,"y":-0.437989,"z":0.0170211568}},{"recID":22,"timestamp":0,"world2head":{"data":[0.997300267,0.0330409259,-0.06557835,-0.317909032,0.0207554772,0.7297996,0.683346033,0.301077366,0.07043744,-0.6828623,0.7271435,-0.335039735,0.0,0.0,0.0,1.0]},"headPose":{"x":0.3344011,"y":-0.4380081,"z":0.01703401}},{"recID":23,"timestamp":0,"world2head":{"data":[0.997321248,0.0322075039,-0.06567343,-0.3185041,0.0214267485,0.7298186,0.683305,0.300979316,0.06993724,-0.682881832,0.727173448,-0.334844083,0.0,0.0,0.0,1.0]},"headPose":{"x":0.334619969,"y":-0.438060969,"z":0.0169117823}},{"recID":24,"timestamp":0,"world2head":{"data":[0.997307956,0.03211729,-0.06591883,-0.318722725,0.0216628127,0.729797959,0.683319569,0.300984263,0.0700538,-0.682908058,0.727137566,-0.335000873,0.0,0.0,0.0,1.0]},"headPose":{"x":0.334812641,"y":-0.438195974,"z":0.0169134364}},{"recID":25,"timestamp":0,"world2head":{"data":[0.9972793,0.03171561,-0.06654448,-0.319225371,0.022426134,0.7293931,0.683727145,0.300707459,0.07022191,-0.683359265,0.7266973,-0.335197747,0.0,0.0,0.0,1.0]},"headPose":{"x":0.335151374,"y":-0.438269943,"z":0.0167427883}},{"recID":26,"timestamp":0,"world2head":{"data":[0.99725914,0.03170044,-0.066852726,-0.319370449,0.02265216,0.729357839,0.683757365,0.300624281,0.0704349652,-0.6833976,0.7266407,-0.335378349,0.0,0.0,0.0,1.0]},"headPose":{"x":0.3353077,"y":-0.43833524,"z":0.0167947337}},{"recID":27,"timestamp":0,"world2head":{"data":[0.9972349,0.0317838639,-0.06717412,-0.319415838,0.0228277426,0.7292028,0.6839168,0.3005327,0.0707210749,-0.6835592,0.726460934,-0.3355575,0.0,0.0,0.0,1.0]},"headPose":{"x":0.3354031,"y":-0.438370377,"z":0.0167735666}},{"recID":28,"timestamp":0,"world2head":{"data":[0.997229755,0.0318074748,-0.06723936,-0.319506168,0.02285362,0.7292187,0.6838989,0.3006919,0.0707853,-0.683541059,0.7264717,-0.335545242,0.0,0.0,0.0,1.0]},"headPose":{"x":0.3355008,"y":-0.43846643,"z":0.0166378543}},{"recID":29,"timestamp":0,"world2head":{"data":[0.9972218,0.0316591673,-0.06742682,-0.319657147,0.0231075175,0.7290524,0.684067667,0.3006838,0.07081471,-0.6837253,0.7262954,-0.335586131,0.0,0.0,0.0,1.0]},"headPose":{"x":0.335585445,"y":-0.438542873,"z":0.0164931342}},{"recID":30,"timestamp":0,"world2head":{"data":[0.997221649,0.03107457,-0.067700915,-0.3200808,0.0238193,0.7281045,0.6850522,0.300120652,0.07058104,-0.684761465,0.7253414,-0.3358367,0.0,0.0,0.0,1.0]},"headPose":{"x":0.3357465,"y":-0.438540816,"z":0.0163281783}},{"recID":31,"timestamp":0,"world2head":{"data":[0.997199833,0.03053677,-0.06826443,-0.3204634,0.0245742165,0.7283325,0.6847831,0.300013036,0.0706302747,-0.684543133,0.725542665,-0.335874021,0.0,0.0,0.0,1.0]},"headPose":{"x":0.3359163,"y":-0.438643575,"z":0.016370818}},{"recID":32,"timestamp":0,"world2head":{"data":[0.9971946,0.0307704825,-0.06823548,-0.320418984,0.0244416464,0.727776766,0.6853785,0.30008924,0.07074962,-0.6851235,0.724983,-0.336038858,0.0,0.0,0.0,1.0]},"headPose":{"x":0.335960031,"y":-0.4387666,"z":0.0160838068}},{"recID":33,"timestamp":0,"world2head":{"data":[0.997178,0.0307101235,-0.06850469,-0.3205385,0.0246860459,0.7276274,0.6855282,0.299902022,0.07089855,-0.6852848,0.724815845,-0.336096644,0.0,0.0,0.0,1.0]},"headPose":{"x":0.3360593,"y":-0.4386951,"z":0.0160584971}},{"recID":34,"timestamp":0,"world2head":{"data":[0.99711,0.0308922678,-0.06940682,-0.3206359,0.0251691453,0.727671862,0.685463548,0.299770445,0.07168092,-0.6852294,0.724791348,-0.33619526,0.0,0.0,0.0,1.0]},"headPose":{"x":0.3362631,"y":-0.4386002,"z":0.015935421}},{"recID":35,"timestamp":0,"world2head":{"data":[0.997080445,0.0307835378,-0.06987775,-0.320756972,0.02551315,0.728231549,0.6848561,0.300019532,0.07196947,-0.6846395,0.725320041,-0.335926652,0.0,0.0,0.0,1.0]},"headPose":{"x":0.336342543,"y":-0.438598275,"z":0.015770331}},{"recID":36,"timestamp":0,"world2head":{"data":[0.9970567,0.0305426661,-0.07032084,-0.320928752,0.02600577,0.728108048,0.6849689,0.299874067,0.07212194,-0.6847816,0.725170732,-0.33601284,0.0,0.0,0.0,1.0]},"headPose":{"x":0.3364196,"y":-0.438634127,"z":0.01569429}},{"recID":37,"timestamp":0,"world2head":{"data":[0.9969912,0.0302412119,-0.07137245,-0.32106787,0.0268920455,0.7286304,0.684379,0.299883,0.07270059,-0.684239149,0.725624859,-0.336040437,0.0,0.0,0.0,1.0]},"headPose":{"x":0.336467683,"y":-0.438726425,"z":0.0156902969}},{"recID":38,"timestamp":0,"world2head":{"data":[0.9969628,0.02995421,-0.071888335,-0.321201026,0.027453132,0.728648841,0.6843371,0.2997791,0.07288013,-0.6842322,0.7256135,-0.335911155,0.0,0.0,0.0,1.0]},"headPose":{"x":0.336476833,"y":-0.438653558,"z":0.01550106}},{"recID":39,"timestamp":0,"world2head":{"data":[0.9969757,0.0301292259,-0.0716355741,-0.321178526,0.0271781217,0.7284055,0.684607,0.2997875,0.07280642,-0.6844835,0.7253837,-0.335667223,0.0,0.0,0.0,1.0]},"headPose":{"x":0.33649826,"y":-0.438448638,"z":0.0152430981}},{"recID":40,"timestamp":0,"world2head":{"data":[0.9969421,0.0302475337,-0.07205193,-0.3213061,0.0273035262,0.7291008,0.683861434,0.2998122,0.07321824,-0.6837376,0.7260455,-0.33523497,0.0,0.0,0.0,1.0]},"headPose":{"x":0.336683,"y":-0.438087344,"z":0.015215084}},{"recID":41,"timestamp":0,"world2head":{"data":[0.99690634,0.03069079,-0.0723590553,-0.321095645,0.0271140076,0.7298173,0.6831044,0.3003179,0.0737739056,-0.682953,0.726727247,-0.334941477,0.0,0.0,0.0,1.0]},"headPose":{"x":0.3366694,"y":-0.438071817,"z":0.0150284544}},{"recID":42,"timestamp":0,"world2head":{"data":[0.996890247,0.03074949,-0.0725558,-0.321119249,0.0271629151,0.730215132,0.68267715,0.300602525,0.07397332,-0.682525039,0.7271091,-0.334688425,0.0,0.0,0.0,1.0]},"headPose":{"x":0.3367134,"y":-0.438063473,"z":0.0148414373}},{"recID":43,"timestamp":0,"world2head":{"data":[0.996879756,0.0306586772,-0.07273788,-0.3211282,0.0272902064,0.730801463,0.6820444,0.300763518,0.0740675256,-0.6819012,0.7276845,-0.334299445,0.0,0.0,0.0,1.0]},"headPose":{"x":0.336679041,"y":-0.437912256,"z":0.0147723034}},{"recID":44,"timestamp":0,"world2head":{"data":[0.9968871,0.0309329126,-0.07252066,-0.321011752,0.0268457662,0.7316803,0.681119144,0.301592,0.07413094,-0.6809458,0.728572249,-0.3337079,0.0,0.0,0.0,1.0]},"headPose":{"x":0.3366541,"y":-0.437976032,"z":0.0144302025}},{"recID":45,"timestamp":0,"world2head":{"data":[0.9968889,0.0309943128,-0.07247001,-0.320965528,0.0267224442,0.7320827,0.6806915,0.301870376,0.0741516054,-0.6805104,0.728976846,-0.33342,0.0,0.0,0.0,1.0]},"headPose":{"x":0.336623877,"y":-0.4379417,"z":0.014314495}},{"recID":46,"timestamp":0,"world2head":{"data":[0.996885061,0.03128955,-0.07239553,-0.320825577,0.02639298,0.73265624,0.680087,0.302180976,0.07432066,-0.6798793,0.7295482,-0.333203256,0.0,0.0,0.0,1.0]},"headPose":{"x":0.336614668,"y":-0.437894255,"z":0.0143521726}},{"recID":47,"timestamp":0,"world2head":{"data":[0.9968979,0.0313259922,-0.07220324,-0.320757031,0.0262304582,0.7326989,0.680047333,0.3024345,0.07420639,-0.6798317,0.7296043,-0.3330024,0.0,0.0,0.0,1.0]},"headPose":{"x":0.3365399,"y":-0.4379309,"z":0.0141304731}},{"recID":48,"timestamp":0,"world2head":{"data":[0.996917248,0.03196826,-0.07165181,-0.320490867,0.0254160427,0.732406,0.6803936,0.302637368,0.07422922,-0.680117249,0.729335666,-0.33300823,0.0,0.0,0.0,1.0]},"headPose":{"x":0.33653,"y":-0.437892526,"z":0.0139984861}},{"recID":49,"timestamp":0,"world2head":{"data":[0.9969927,0.03216805,-0.07050346,-0.320492864,0.0243895389,0.733298063,0.6794697,0.303413421,0.07355727,-0.679145932,0.7303083,-0.332239866,0.0,0.0,0.0,1.0]},"headPose":{"x":0.336567581,"y":-0.4378222,"z":0.0138814226}},{"recID":50,"timestamp":0,"world2head":{"data":[0.996961236,0.03139562,-0.07129244,-0.3208067,0.0254573561,0.733629465,0.6790728,0.3031292,0.0736221448,-0.6788241,0.730600834,-0.332110137,0.0,0.0,0.0,1.0]},"headPose":{"x":0.336565644,"y":-0.437756926,"z":0.0139220655}},{"recID":51,"timestamp":0,"world2head":{"data":[0.996946633,0.03161618,-0.0713991746,-0.3206952,0.0253565032,0.7337385,0.6789588,0.303380281,0.07385441,-0.678696036,0.73069644,-0.33196336,0.0,0.0,0.0,1.0]},"headPose":{"x":0.336540282,"y":-0.437764823,"z":0.0136843771}},{"recID":52,"timestamp":0,"world2head":{"data":[0.996934235,0.0317443758,-0.07151539,-0.320619553,0.0253028478,0.734094143,0.6785762,0.303554565,0.07404,-0.6783053,0.731040359,-0.331703871,0.0,0.0,0.0,1.0]},"headPose":{"x":0.336515158,"y":-0.437656254,"z":0.0135748014}},{"recID":53,"timestamp":0,"world2head":{"data":[0.9968931,0.0320525654,-0.07194971,-0.320616364,0.02533705,0.734415531,0.678227,0.303722084,0.0745799,-0.6779428,0.7313217,-0.331586242,0.0,0.0,0.0,1.0]},"headPose":{"x":0.336654484,"y":-0.437578171,"z":0.0134354308}},{"recID":54,"timestamp":0,"world2head":{"data":[0.996780634,0.0330686346,-0.0730403438,-0.3202999,0.0252642073,0.735031545,0.6775621,0.304000258,0.07609301,-0.677226067,0.731829762,-0.331745178,0.0,0.0,0.0,1.0]},"headPose":{"x":0.336831868,"y":-0.437524348,"z":0.0134071186}},{"recID":55,"timestamp":0,"world2head":{"data":[0.9964991,0.0344302,-0.07618403,-0.319912583,0.0262191631,0.7365834,0.6758383,0.304187119,0.07938514,-0.6754698,0.733101964,-0.331874251,0.0,0.0,0.0,1.0]},"headPose":{"x":0.337163,"y":-0.437215567,"z":0.0133441538}},{"recID":56,"timestamp":0,"world2head":{"data":[0.9963073,0.03539123,-0.07822532,-0.3195986,0.0267960522,0.7374133,0.6749102,0.3043967,0.08157029,-0.674514055,0.7337419,-0.332066178,0.0,0.0,0.0,1.0]},"headPose":{"x":0.337348521,"y":-0.437138438,"z":0.0132097453}},{"recID":57,"timestamp":0,"world2head":{"data":[0.9960914,0.0362396836,-0.08055173,-0.3192848,0.0276589021,0.738120556,0.67410177,0.3043064,0.08388612,-0.6736949,0.734233141,-0.3324061,0.0,0.0,0.0,1.0]},"headPose":{"x":0.337504327,"y":-0.436984271,"z":0.0132111982}},{"recID":58,"timestamp":0,"world2head":{"data":[0.99588877,0.03728719,-0.08255402,-0.31888938,0.02813754,0.7389332,0.6731909,0.304524,0.08610331,-0.6727461,0.7348462,-0.332589447,0.0,0.0,0.0,1.0]},"headPose":{"x":0.337646842,"y":-0.436880678,"z":0.013073653}},{"recID":59,"timestamp":0,"world2head":{"data":[0.9956979,0.0379670858,-0.08452294,-0.318657815,0.0288771819,0.7396159,0.6724094,0.3045614,0.0880439356,-0.6719575,0.7353377,-0.3327276,0.0,0.0,0.0,1.0]},"headPose":{"x":0.3377867,"y":-0.436738729,"z":0.0129432827}},{"recID":60,"timestamp":0,"world2head":{"data":[0.995313942,0.0392946526,-0.0883520842,-0.3182347,0.03037753,0.740383148,0.6714983,0.304286242,0.09180069,-0.6710355,0.735720038,-0.33353588,0.0,0.0,0.0,1.0]},"headPose":{"x":0.3381188,"y":-0.436597943,"z":0.0129446164}},{"recID":61,"timestamp":0,"world2head":{"data":[0.995156765,0.039667394,-0.08994204,-0.31863907,0.0310726948,0.7411157,0.670657933,0.3044091,0.0932607055,-0.670204461,0.7362937,-0.333888143,0.0,0.0,0.0,1.0]},"headPose":{"x":0.338775635,"y":-0.4367361,"z":0.0130263269}},{"recID":62,"timestamp":0,"world2head":{"data":[0.994988561,0.0404371358,-0.0914472938,-0.3183669,0.0315424241,0.7409383,0.6708319,0.304266572,0.09488332,-0.6703546,0.735949636,-0.334335625,0.0,0.0,0.0,1.0]},"headPose":{"x":0.338897,"y":-0.436692327,"z":0.012828663}},{"recID":63,"timestamp":0,"world2head":{"data":[0.994827449,0.04121696,-0.09284125,-0.3181857,0.0319166966,0.7408576,0.6709034,0.304032534,0.09643474,-0.670396268,0.73571,-0.334932745,0.0,0.0,0.0,1.0]},"headPose":{"x":0.3391353,"y":-0.43666783,"z":0.01289615}},{"recID":64,"timestamp":0,"world2head":{"data":[0.9946833,0.0416068546,-0.09420171,-0.318144977,0.0324495174,0.741516948,0.670149,0.30402258,0.09773495,-0.669642866,0.7362244,-0.3350988,0.0,0.0,0.0,1.0]},"headPose":{"x":0.339338958,"y":-0.436597377,"z":0.012997672}},{"recID":65,"timestamp":0,"world2head":{"data":[0.994402051,0.04237437,-0.09679344,-0.317992181,0.0335819,0.7418205,0.6697571,0.30356586,0.100183904,-0.669258356,0.736244857,-0.3360498,0.0,0.0,0.0,1.0]},"headPose":{"x":0.339684546,"y":-0.4366208,"z":0.0133199692}},{"recID":66,"timestamp":0,"world2head":{"data":[0.9943247,0.042635195,-0.09747114,-0.3180348,0.0337293148,0.7425883,0.668898344,0.304045647,0.10089954,-0.6683898,0.7369358,-0.3361416,0.0,0.0,0.0,1.0]},"headPose":{"x":0.339891136,"y":-0.436894834,"z":0.0133399442}},{"recID":67,"timestamp":0,"world2head":{"data":[0.99421376,0.04243816,-0.09868104,-0.31817916,0.0347134955,0.742429733,0.669024,0.303571761,0.101655878,-0.6685784,0.736660659,-0.336558282,0.0,0.0,0.0,1.0]},"headPose":{"x":0.3400132,"y":-0.436893374,"z":0.0134342164}},{"recID":68,"timestamp":0,"world2head":{"data":[0.9941022,0.04284414,-0.09962544,-0.318084717,0.0350258872,0.742573857,0.6688478,0.303661764,0.102635443,-0.668392539,0.7366936,-0.337125361,0.0,0.0,0.0,1.0]},"headPose":{"x":0.340173721,"y":-0.437195241,"z":0.0135652944}},{"recID":69,"timestamp":0,"world2head":{"data":[0.9941345,0.0425849557,-0.0994137749,-0.318197161,0.0353403762,0.74084115,0.6707499,0.303156853,0.102213673,-0.670329,0.734990835,-0.337915,0.0,0.0,0.0,1.0]},"headPose":{"x":0.340156645,"y":-0.437554866,"z":0.0133887753}},{"recID":70,"timestamp":0,"world2head":{"data":[0.994203269,0.0424898379,-0.09876486,-0.318383664,0.03517906,0.739480138,0.6722586,0.302621663,0.101598807,-0.671836138,0.7336988,-0.338589549,0.0,0.0,0.0,1.0]},"headPose":{"x":0.340292424,"y":-0.4377313,"z":0.0135376006}},{"recID":71,"timestamp":0,"world2head":{"data":[0.9942843,0.0423076972,-0.09802503,-0.318534225,0.0349469557,0.738589644,0.673248947,0.302366316,0.100883879,-0.672826469,0.732889533,-0.3389389,0.0,0.0,0.0,1.0]},"headPose":{"x":0.340340227,"y":-0.4378952,"z":0.013612628}},{"recID":72,"timestamp":0,"world2head":{"data":[0.9943762,0.0419325978,-0.09725058,-0.318855673,0.034846,0.737601757,0.6743362,0.3022538,0.100008875,-0.6739327,0.7319925,-0.339222223,0.0,0.0,0.0,1.0]},"headPose":{"x":0.340455383,"y":-0.438185453,"z":0.0134785175}},{"recID":73,"timestamp":0,"world2head":{"data":[0.994468451,0.0415487,-0.09646867,-0.319227517,0.03482113,0.7360866,0.6759911,0.301632524,0.09909585,-0.67561096,0.7305682,-0.339777738,0.0,0.0,0.0,1.0]},"headPose":{"x":0.340629071,"y":-0.438321769,"z":0.013534449}},{"recID":74,"timestamp":0,"world2head":{"data":[0.994522154,0.0410577133,-0.09612493,-0.319695145,0.03508603,0.7351416,0.6770052,0.301019967,0.09846172,-0.67666924,0.729674,-0.340167671,0.0,0.0,0.0,1.0]},"headPose":{"x":0.340875775,"y":-0.43834725,"z":0.0136887655}},{"recID":75,"timestamp":0,"world2head":{"data":[0.994535446,0.0400880948,-0.09639599,-0.32060042,0.0361890644,0.7337112,0.678497136,0.3001338,0.0979264751,-0.6782779,0.72825104,-0.34102577,0.0,0.0,0.0,1.0]},"headPose":{"x":0.341382384,"y":-0.438669473,"z":0.0138078779}},{"recID":76,"timestamp":0,"world2head":{"data":[0.9944722,0.03935728,-0.09734469,-0.321139485,0.03754602,0.732503533,0.679727137,0.2992693,0.09805753,-0.6796246,0.7269767,-0.341760635,0.0,0.0,0.0,1.0]},"headPose":{"x":0.341640145,"y":-0.438845575,"z":0.0137693584}},{"recID":77,"timestamp":0,"world2head":{"data":[0.9943599,0.03887162,-0.09867803,-0.321488976,0.03899123,0.731270552,0.6809722,0.2982389,0.09863082,-0.680979,0.7256304,-0.342779577,0.0,0.0,0.0,1.0]},"headPose":{"x":0.341855675,"y":-0.4390222,"z":0.0139150023}},{"recID":78,"timestamp":0,"world2head":{"data":[0.994289339,0.0385703072,-0.0995037854,-0.321826726,0.0398952961,0.730453551,0.681796134,0.2977411,0.09897998,-0.6818724,0.7247434,-0.3436845,0.0,0.0,0.0,1.0]},"headPose":{"x":0.3421283,"y":-0.439422041,"z":0.014061369}},{"recID":79,"timestamp":0,"world2head":{"data":[0.9940563,0.0369304232,-0.102412246,-0.3228325,0.0436432846,0.726626158,0.685645461,0.2953537,0.09973659,-0.6860398,0.7206955,-0.346231818,0.0,0.0,0.0,1.0]},"headPose":{"x":0.342555463,"y":-0.44021818,"z":0.0139577687}},{"recID":80,"timestamp":0,"world2head":{"data":[0.9939214,0.0365792438,-0.103837542,-0.3230396,0.04519391,0.724484444,0.687808,0.294255167,0.100388177,-0.688319862,0.7184274,-0.3478926,0.0,0.0,0.0,1.0]},"headPose":{"x":0.342701733,"y":-0.440828145,"z":0.014000915}},{"recID":81,"timestamp":0,"world2head":{"data":[0.9938351,0.0362144671,-0.1047873,-0.323282,0.04651084,0.72177124,0.6905672,0.293192655,0.100640975,-0.6911836,0.7156372,-0.349499583,0.0,0.0,0.0,1.0]},"headPose":{"x":0.342826337,"y":-0.4414789,"z":0.0137698352}},{"recID":82,"timestamp":0,"world2head":{"data":[0.9937613,0.0358105265,-0.1056223,-0.323577821,0.0480550565,0.7171376,0.6952729,0.291087061,0.100643806,-0.696011066,0.7109426,-0.351885319,0.0,0.0,0.0,1.0]},"headPose":{"x":0.342986,"y":-0.442078024,"z":0.013608329}},{"recID":83,"timestamp":0,"world2head":{"data":[0.9937088,0.0354193151,-0.1062465,-0.3239123,0.04961045,0.711307645,0.7011279,0.2885983,0.100407422,-0.701987863,0.7050755,-0.354861766,0.0,0.0,0.0,1.0]},"headPose":{"x":0.343187749,"y":-0.442918062,"z":0.0134454519}},{"recID":84,"timestamp":0,"world2head":{"data":[0.9936383,0.0350453556,-0.107027166,-0.324232072,0.0512677431,0.705404162,0.7069488,0.285970777,0.100272678,-0.7079385,0.6991198,-0.357969463,0.0,0.0,0.0,1.0]},"headPose":{"x":0.343402863,"y":-0.443782449,"z":0.0133951753}},{"recID":85,"timestamp":0,"world2head":{"data":[0.993481755,0.0339516737,-0.108817689,-0.324971974,0.05510219,0.69263804,0.719177663,0.280406952,0.099788554,-0.720486,0.686252356,-0.364575684,0.0,0.0,0.0,1.0]},"headPose":{"x":0.34378317,"y":-0.445858747,"z":0.0131658167}},{"recID":86,"timestamp":0,"world2head":{"data":[0.993388236,0.0332265459,-0.109889977,-0.3254679,0.0572802164,0.6860951,0.725253463,0.277326733,0.09949265,-0.726752758,0.6796557,-0.367621928,0.0,0.0,0.0,1.0]},"headPose":{"x":0.34400633,"y":-0.446628571,"z":0.0129584745}},{"recID":87,"timestamp":0,"world2head":{"data":[0.9932315,0.0326940268,-0.111455515,-0.3258632,0.0596148223,0.6800492,0.730738759,0.2734709,0.09968603,-0.732437134,0.6734972,-0.370286256,0.0,0.0,0.0,1.0]},"headPose":{"x":0.34426704,"y":-0.4465313,"z":0.0132317171}},{"recID":88,"timestamp":0,"world2head":{"data":[0.993072152,0.0327770375,-0.1128421,-0.3259102,0.06085496,0.678036332,0.732504964,0.27184698,0.100520372,-0.7342973,0.67134434,-0.371925145,0.0,0.0,0.0,1.0]},"headPose":{"x":0.344495177,"y":-0.446743339,"z":0.0137842223}},{"recID":89,"timestamp":0,"world2head":{"data":[0.9930028,0.0329121724,-0.113412119,-0.325942844,0.0610607564,0.6789336,0.7316562,0.272682846,0.101079695,-0.7334616,0.672173262,-0.3721771,0.0,0.0,0.0,1.0]},"headPose":{"x":0.344631463,"y":-0.447383642,"z":0.0136915594}},{"recID":90,"timestamp":0,"world2head":{"data":[0.992915034,0.03215491,-0.114393115,-0.326538384,0.06298234,0.6739238,0.736111343,0.2701943,0.100761831,-0.7381008,0.667123854,-0.374619246,0.0,0.0,0.0,1.0]},"headPose":{"x":0.344954729,"y":-0.448097318,"z":0.013670586}},{"recID":91,"timestamp":0,"world2head":{"data":[0.9930093,0.03191106,-0.113640629,-0.326763183,0.06263975,0.6735411,0.7364907,0.270173281,0.100043841,-0.738460541,0.666833758,-0.374711931,0.0,0.0,0.0,1.0]},"headPose":{"x":0.3450429,"y":-0.44825545,"z":0.0137568861}},{"recID":92,"timestamp":0,"world2head":{"data":[0.993066251,0.0314327963,-0.11327558,-0.3271508,0.0628400743,0.6724204,0.7374971,0.269859672,0.0993504,-0.7395017,0.66578275,-0.375248283,0.0,0.0,0.0,1.0]},"headPose":{"x":0.3452055,"y":-0.448672652,"z":0.0137548968}},{"recID":93,"timestamp":0,"world2head":{"data":[0.9931206,0.0300373025,-0.11317759,-0.32798034,0.0638784,0.671077967,0.7386297,0.269016981,0.09813743,-0.740777969,0.6645427,-0.3754305,0.0,0.0,0.0,1.0]},"headPose":{"x":0.345383465,"y":-0.448790431,"z":0.0136656091}},{"recID":94,"timestamp":0,"world2head":{"data":[0.9931305,0.0290717129,-0.113342866,-0.3285842,0.0648564249,0.6694735,0.739999235,0.268006563,0.0973930955,-0.742266834,0.66298914,-0.375924647,0.0,0.0,0.0,1.0]},"headPose":{"x":0.3455575,"y":-0.448907167,"z":0.0136666223}},{"recID":95,"timestamp":0,"world2head":{"data":[0.9931657,0.0274288971,-0.113444082,-0.3296407,0.06618184,0.668263137,0.7409753,0.266865849,0.09613464,-0.74341923,0.661880732,-0.3761433,0.0,0.0,0.0,1.0]},"headPose":{"x":0.345886528,"y":-0.448927045,"z":0.0138251781}},{"recID":96,"timestamp":0,"world2head":{"data":[0.993197739,0.0275067855,-0.113144368,-0.3298166,0.0659068,0.6682608,0.741001844,0.267109632,0.09599252,-0.743418336,0.661902249,-0.376218647,0.0,0.0,0.0,1.0]},"headPose":{"x":0.346082956,"y":-0.449114561,"z":0.0137743577}},{"recID":97,"timestamp":0,"world2head":{"data":[0.9931643,0.0272342674,-0.113503091,-0.3300932,0.06636523,0.6681851,0.7410293,0.266806722,0.0960224643,-0.7434965,0.66181016,-0.376345634,0.0,0.0,0.0,1.0]},"headPose":{"x":0.34626776,"y":-0.449098051,"z":0.0138912126}},{"recID":98,"timestamp":0,"world2head":{"data":[0.9930643,0.0270786025,-0.114411727,-0.330256343,0.06708278,0.6686763,0.7405214,0.266780645,0.09655669,-0.7430604,0.662222,-0.37645334,0.0,0.0,0.0,1.0]},"headPose":{"x":0.3464185,"y":-0.449174553,"z":0.01395373}},{"recID":99,"timestamp":0,"world2head":{"data":[0.992939,0.02748705,-0.115397625,-0.32998085,0.06754528,0.668686,0.740470648,0.266868383,0.09751812,-0.743036747,0.662107766,-0.377157658,0.0,0.0,0.0,1.0]},"headPose":{"x":0.34640485,"y":-0.4496229,"z":0.0140318125}},{"recID":100,"timestamp":0,"world2head":{"data":[0.9929461,0.0274648387,-0.115341626,-0.3299653,0.06758243,0.6681967,0.740908742,0.26673308,0.0974198356,-0.7434776,0.6616272,-0.3776243,0.0,0.0,0.0,1.0]},"headPose":{"x":0.3463994,"y":-0.4499229,"z":0.0141628832}},{"recID":101,"timestamp":0,"world2head":{"data":[0.992979169,0.0276260022,-0.115018338,-0.329904646,0.06737976,0.667083144,0.74193,0.266395956,0.09722336,-0.744470954,0.660538256,-0.378281742,0.0,0.0,0.0,1.0]},"headPose":{"x":0.346416563,"y":-0.450214028,"z":0.0142773017}},{"recID":102,"timestamp":0,"world2head":{"data":[0.9930276,0.02743129,-0.114645593,-0.330098748,0.0673876852,0.665871859,0.7430166,0.265891045,0.09672118,-0.7455617,0.6593807,-0.378857732,0.0,0.0,0.0,1.0]},"headPose":{"x":0.346522957,"y":-0.450456083,"z":0.0144056231}},{"recID":103,"timestamp":0,"world2head":{"data":[0.9930197,0.027241962,-0.114759624,-0.330179274,0.0678122,0.664219,0.744455934,0.2651225,0.09650597,-0.747041464,0.6577352,-0.3795711,0.0,0.0,0.0,1.0]},"headPose":{"x":0.346526861,"y":-0.45066005,"z":0.0143940151}},{"recID":104,"timestamp":0,"world2head":{"data":[0.9929939,0.0273291264,-0.114961974,-0.3301371,0.06806312,0.663006544,0.745513141,0.2646027,0.09659476,-0.748114645,0.6565013,-0.380395263,0.0,0.0,0.0,1.0]},"headPose":{"x":0.34655863,"y":-0.45099017,"z":0.01451201}},{"recID":105,"timestamp":0,"world2head":{"data":[0.993148267,0.0272059143,-0.113650329,-0.3301769,0.06761781,0.6594082,0.74873805,0.2630944,0.09531207,-0.7512927,0.653050542,-0.3816407,0.0,0.0,0.0,1.0]},"headPose":{"x":0.346499681,"y":-0.4512277,"z":0.0147171691}},{"recID":106,"timestamp":0,"world2head":{"data":[0.9931747,0.0271046087,-0.113443695,-0.330252975,0.0676047653,0.658804655,0.7492704,0.262570739,0.09504592,-0.751825631,0.6524757,-0.381971747,0.0,0.0,0.0,1.0]},"headPose":{"x":0.34655267,"y":-0.451207578,"z":0.0150256976}},{"recID":107,"timestamp":0,"world2head":{"data":[0.993246257,0.02733537,-0.112759106,-0.3301854,0.06695199,0.6586875,0.749431968,0.262894481,0.09475901,-0.75192,0.6524087,-0.3820611,0.0,0.0,0.0,1.0]},"headPose":{"x":0.346557856,"y":-0.4514189,"z":0.0150070116}},{"recID":108,"timestamp":0,"world2head":{"data":[0.993311763,0.02711336,-0.112234652,-0.330261379,0.06679092,0.6579746,0.7500723,0.262659222,0.09418452,-0.752551854,0.651762962,-0.382307857,0.0,0.0,0.0,1.0]},"headPose":{"x":0.346516728,"y":-0.4515751,"z":0.01509393}},{"recID":109,"timestamp":0,"world2head":{"data":[0.993372,0.026689766,-0.111802183,-0.330496818,0.06681551,0.6573781,0.750593,0.262376934,0.0935294554,-0.7530882,0.6512377,-0.3825178,0.0,0.0,0.0,1.0]},"headPose":{"x":0.346552134,"y":-0.451729566,"z":0.0152214468}},{"recID":110,"timestamp":0,"world2head":{"data":[0.993573368,0.0260037743,-0.110162616,-0.3307883,0.0661623,0.656252,0.7516354,0.2622059,0.0918398052,-0.754093468,0.6503141,-0.382624984,0.0,0.0,0.0,1.0]},"headPose":{"x":0.3464545,"y":-0.452006459,"z":0.015302673}},{"recID":111,"timestamp":0,"world2head":{"data":[0.993640542,0.02527886,-0.1097247,-0.3311239,0.06634831,0.6558844,0.751939952,0.261760235,0.09097491,-0.7544381,0.6500361,-0.3826001,0.0,0.0,0.0,1.0]},"headPose":{"x":0.34645775,"y":-0.451962024,"z":0.0155433714}},{"recID":112,"timestamp":0,"world2head":{"data":[0.993696868,0.0246175975,-0.109364271,-0.3315049,0.06644365,0.6564114,0.7514714,0.262093842,0.09028739,-0.7540014,0.6506383,-0.382360458,0.0,0.0,0.0,1.0]},"headPose":{"x":0.346523225,"y":-0.4521808,"z":0.0155675262}},{"recID":113,"timestamp":0,"world2head":{"data":[0.9937071,0.0239147916,-0.109427035,-0.331797451,0.06698483,0.656116664,0.7516808,0.261883646,0.08977319,-0.7542805,0.650385857,-0.3824445,0.0,0.0,0.0,1.0]},"headPose":{"x":0.346500516,"y":-0.452361763,"z":0.0155759975}},{"recID":114,"timestamp":0,"world2head":{"data":[0.9937245,0.02346482,-0.109366342,-0.3320231,0.06728166,0.6557009,0.752017,0.261677831,0.0893575549,-0.7546561,0.6500073,-0.3825029,0.0,0.0,0.0,1.0]},"headPose":{"x":0.346512884,"y":-0.45244965,"z":0.0155313611}},{"recID":115,"timestamp":0,"world2head":{"data":[0.99382,0.0226328876,-0.108671866,-0.33233884,0.0673832,0.654975533,0.7526398,0.261318833,0.08821183,-0.755311131,0.6494027,-0.382417858,0.0,0.0,0.0,1.0]},"headPose":{"x":0.346410275,"y":-0.452480078,"z":0.0155483708}},{"recID":116,"timestamp":0,"world2head":{"data":[0.9938544,0.0224388633,-0.108397186,-0.33235836,0.06730958,0.6549062,0.7527067,0.26121816,0.08787988,-0.755377,0.649371,-0.382298827,0.0,0.0,0.0,1.0]},"headPose":{"x":0.3463297,"y":-0.45239535,"z":0.0156064332}},{"recID":117,"timestamp":0,"world2head":{"data":[0.9938735,0.0221615154,-0.108278975,-0.332491845,0.06743751,0.6545881,0.7529719,0.260847569,0.08756514,-0.7556609,0.649083257,-0.3824091,0.0,0.0,0.0,1.0]},"headPose":{"x":0.346349627,"y":-0.452350736,"z":0.01580257}},{"recID":118,"timestamp":0,"world2head":{"data":[0.9939039,0.0223211423,-0.107967168,-0.3323719,0.06697388,0.6556537,0.7520856,0.261524618,0.08757649,-0.754731834,0.650161862,-0.382186741,0.0,0.0,0.0,1.0]},"headPose":{"x":0.34630096,"y":-0.452499062,"z":0.0159090385}},{"recID":119,"timestamp":0,"world2head":{"data":[0.9939573,0.0226111431,-0.107413486,-0.332207978,0.0662892237,0.65631485,0.751569331,0.262271076,0.0874909163,-0.7541482,0.650850058,-0.3819713,0.0,0.0,0.0,1.0]},"headPose":{"x":0.346233815,"y":-0.4526838,"z":0.01580754}},{"recID":120,"timestamp":0,"world2head":{"data":[0.9939886,0.02213655,-0.107222423,-0.3322688,0.0666045845,0.655011833,0.752677441,0.261522621,0.08689365,-0.7552943,0.6495999,-0.382631779,0.0,0.0,0.0,1.0]},"headPose":{"x":0.346101075,"y":-0.452944726,"z":0.0160887167}},{"recID":121,"timestamp":0,"world2head":{"data":[0.9940109,0.02240265,-0.106959827,-0.331979871,0.0662763938,0.6546296,0.7530389,0.2617221,0.08688914,-0.755617738,0.6492243,-0.3828142,0.0,0.0,0.0,1.0]},"headPose":{"x":0.345908016,"y":-0.453155,"z":0.0159368441}},{"recID":122,"timestamp":0,"world2head":{"data":[0.994135439,0.0228026118,-0.105710559,-0.331735134,0.06522065,0.6533065,0.754279137,0.261638343,0.08626094,-0.7567501,0.647987962,-0.3831466,0.0,0.0,0.0,1.0]},"headPose":{"x":0.345776021,"y":-0.4533118,"z":0.0158581436}},{"recID":123,"timestamp":0,"world2head":{"data":[0.994259059,0.0227839127,-0.104545787,-0.3317075,0.06452176,0.651775241,0.7556626,0.261141837,0.08535731,-0.758069932,0.6465634,-0.383459657,0.0,0.0,0.0,1.0]},"headPose":{"x":0.345684946,"y":-0.453337371,"z":0.0159171969}},{"recID":124,"timestamp":0,"world2head":{"data":[0.99439,0.0227207337,-0.103306979,-0.33167398,0.06377847,0.6503624,0.7569419,0.260638863,0.084385246,-0.759284258,0.645264745,-0.3837825,0.0,0.0,0.0,1.0]},"headPose":{"x":0.3455757,"y":-0.453373849,"z":0.0160886124}},{"recID":125,"timestamp":0,"world2head":{"data":[0.9944744,0.0225294419,-0.102533266,-0.3317238,0.06336571,0.6498865,0.757385254,0.260523528,0.08369845,-0.7596973,0.6448679,-0.38377732,0.0,0.0,0.0,1.0]},"headPose":{"x":0.345504135,"y":-0.453391761,"z":0.0161563}},{"recID":126,"timestamp":0,"world2head":{"data":[0.9944988,0.0221540947,-0.102378711,-0.3317845,0.06345704,0.6501931,0.757114351,0.260505617,0.0833391249,-0.759445965,0.645210445,-0.383546,0.0,0.0,0.0,1.0]},"headPose":{"x":0.3453927,"y":-0.453311026,"z":0.0162676275}},{"recID":127,"timestamp":0,"world2head":{"data":[0.9945703,0.02207564,-0.101698615,-0.3318364,0.06297014,0.6503755,0.7569983,0.260953337,0.0828535,-0.759292,0.645454049,-0.383306324,0.0,0.0,0.0,1.0]},"headPose":{"x":0.3453606,"y":-0.4534336,"z":0.016118072}},{"recID":128,"timestamp":0,"world2head":{"data":[0.99460876,0.0219948124,-0.10133934,-0.331771582,0.0627733842,0.650150955,0.7572076,0.2609034,0.08254051,-0.759486735,0.6452651,-0.383436829,0.0,0.0,0.0,1.0]},"headPose":{"x":0.345254183,"y":-0.453544468,"z":0.0162388831}},{"recID":129,"timestamp":0,"world2head":{"data":[0.994666,0.0217915438,-0.100820251,-0.33183378,0.062487524,0.650356,0.7570551,0.261187762,0.082066454,-0.759317,0.6455253,-0.3832561,0.0,0.0,0.0,1.0]},"headPose":{"x":0.345195264,"y":-0.4536467,"z":0.0162124112}},{"recID":130,"timestamp":0,"world2head":{"data":[0.994801462,0.0212704651,-0.09958697,-0.331963837,0.0620115735,0.64917624,0.758106053,0.261026174,0.08077476,-0.760340631,0.644482434,-0.38332963,0.0,0.0,0.0,1.0]},"headPose":{"x":0.34501484,"y":-0.453852028,"z":0.0161044374}},{"recID":131,"timestamp":0,"world2head":{"data":[0.994867742,0.0213245545,-0.09891154,-0.331952035,0.06151638,0.64866066,0.7585876,0.2608984,0.08033657,-0.760779,0.6440197,-0.383455724,0.0,0.0,0.0,1.0]},"headPose":{"x":0.34500435,"y":-0.453880847,"z":0.0162048563}},{"recID":132,"timestamp":0,"world2head":{"data":[0.994918168,0.0209473781,-0.0984837338,-0.332189739,0.0614515878,0.648489535,0.7587391,0.2607033,0.07975926,-0.7609353,0.6439068,-0.3833583,0.0,0.0,0.0,1.0]},"headPose":{"x":0.345057338,"y":-0.4538157,"z":0.01632595}},{"recID":133,"timestamp":0,"world2head":{"data":[0.9949385,0.0205118712,-0.09837001,-0.332445532,0.06163285,0.648614764,0.7586174,0.260688424,0.0793649,-0.760840535,0.6440675,-0.383261681,0.0,0.0,0.0,1.0]},"headPose":{"x":0.345113426,"y":-0.45386824,"z":0.0163809434}},{"recID":134,"timestamp":0,"world2head":{"data":[0.99486357,0.0200112145,-0.0992274,-0.332568973,0.06259273,0.6487771,0.758399844,0.260496318,0.07955296,-0.760715246,0.6441922,-0.383347929,0.0,0.0,0.0,1.0]},"headPose":{"x":0.345052034,"y":-0.4539676,"z":0.0163894445}},{"recID":135,"timestamp":0,"world2head":{"data":[0.994905233,0.020048039,-0.09880087,-0.3324054,0.0623680577,0.647583842,0.759437561,0.260019749,0.07920708,-0.761730433,0.64303416,-0.383744061,0.0,0.0,0.0,1.0]},"headPose":{"x":0.3448902,"y":-0.454030037,"z":0.0164498761}},{"recID":136,"timestamp":0,"world2head":{"data":[0.9949149,0.0200622156,-0.0987009257,-0.332395762,0.0622632951,0.6477698,0.759287536,0.2601044,0.07916847,-0.761571944,0.6432267,-0.383741915,0.0,0.0,0.0,1.0]},"headPose":{"x":0.3448908,"y":-0.454066217,"z":0.0165312439}},{"recID":137,"timestamp":0,"world2head":{"data":[0.994881451,0.02015878,-0.09901791,-0.332376659,0.06241916,0.647998,0.75908,0.260192722,0.07946553,-0.761375248,0.643422842,-0.383787155,0.0,0.0,0.0,1.0]},"headPose":{"x":0.3449322,"y":-0.4541101,"z":0.0165190846}},{"recID":138,"timestamp":0,"world2head":{"data":[0.994827,0.0202544965,-0.0995441154,-0.3323149,0.06279996,0.64760685,0.759382367,0.2599367,0.07984636,-0.7617054,0.642984748,-0.3841142,0.0,0.0,0.0,1.0]},"headPose":{"x":0.344941944,"y":-0.4541878,"z":0.0165082514}},{"recID":139,"timestamp":0,"world2head":{"data":[0.994772851,0.0205158424,-0.100030191,-0.332048029,0.063017644,0.647464156,0.75948596,0.259650826,0.08034747,-0.7618197,0.642787,-0.3843105,0.0,0.0,0.0,1.0]},"headPose":{"x":0.344828159,"y":-0.454077661,"z":0.0166137889}},{"recID":140,"timestamp":0,"world2head":{"data":[0.994757354,0.0212307833,-0.100035444,-0.331497252,0.06251274,0.6479194,0.7591394,0.260149181,0.080932036,-0.761413,0.6431954,-0.3844002,0.0,0.0,0.0,1.0]},"headPose":{"x":0.344606966,"y":-0.454205036,"z":0.0165934414}},{"recID":141,"timestamp":0,"world2head":{"data":[0.9947758,0.0214300118,-0.0998092145,-0.331382543,0.06223947,0.647657633,0.759385169,0.260076433,0.08091584,-0.76163,0.6429404,-0.3844371,0.0,0.0,0.0,1.0]},"headPose":{"x":0.344571382,"y":-0.4541378,"z":0.0165969282}},{"recID":142,"timestamp":0,"world2head":{"data":[0.9947915,0.0216542147,-0.09960414,-0.331177354,0.0619146861,0.64788115,0.7592211,0.260240048,0.08097198,-0.7614336,0.643165946,-0.3844343,0.0,0.0,0.0,1.0]},"headPose":{"x":0.344468147,"y":-0.454154432,"z":0.016688697}},{"recID":143,"timestamp":0,"world2head":{"data":[0.99483645,0.02177729,-0.09912684,-0.331067443,0.06143454,0.6482253,0.758966267,0.260537416,0.08078476,-0.7611372,0.6435403,-0.3842066,0.0,0.0,0.0,1.0]},"headPose":{"x":0.34439,"y":-0.454111069,"z":0.0166956484}},{"recID":144,"timestamp":0,"world2head":{"data":[0.9949643,0.0212817639,-0.09794472,-0.33115533,0.0607872978,0.648846865,0.7584871,0.260694683,0.07969308,-0.7606214,0.6442858,-0.383579522,0.0,0.0,0.0,1.0]},"headPose":{"x":0.3442094,"y":-0.4538621,"z":0.0169663653}},{"recID":145,"timestamp":0,"world2head":{"data":[0.9950384,0.0209504981,-0.09726092,-0.331241548,0.06038399,0.64977,0.7577287,0.2612746,0.07907203,-0.759842157,0.645280957,-0.383008838,0.0,0.0,0.0,1.0]},"headPose":{"x":0.344106525,"y":-0.453854948,"z":0.0169562176}},{"recID":146,"timestamp":0,"world2head":{"data":[0.995089,0.02054033,-0.09682983,-0.331461936,0.06030822,0.6498934,0.757628858,0.2612648,0.07849102,-0.7597478,0.645463,-0.3827783,0.0,0.0,0.0,1.0]},"headPose":{"x":0.34412238,"y":-0.453800827,"z":0.01703205}},{"recID":147,"timestamp":0,"world2head":{"data":[0.9951398,0.0201719515,-0.09638394,-0.331596971,0.0601672642,0.650280952,0.75730747,0.2612741,0.077953,-0.759425938,0.645906746,-0.3824172,0.0,0.0,0.0,1.0]},"headPose":{"x":0.3440758,"y":-0.453630179,"z":0.017180413}},{"recID":148,"timestamp":0,"world2head":{"data":[0.99513644,0.02022915,-0.0964064,-0.3316122,0.05998298,0.651878238,0.755947649,0.261924475,0.07813741,-0.758053839,0.6474944,-0.382046044,0.0,0.0,0.0,1.0]},"headPose":{"x":0.3441405,"y":-0.453646064,"z":0.0174019262}},{"recID":149,"timestamp":0,"world2head":{"data":[0.995110452,0.0201730244,