[{"recID":0,"timestamp":0,"world2head":{"data":[0.9984978,-0.03226103,-0.04428803,-0.0411630832,0.05385907,0.726439238,0.685116947,-0.215120435,0.0100699905,-0.6864731,0.727085531,-0.279196322,0.0,0.0,0.0,1.0]},"headPose":{"x":0.0554989353,"y":-0.0367167853,"z":0.3485592}},{"recID":1,"timestamp":0,"world2head":{"data":[0.9984978,-0.03226103,-0.04428803,-0.0411630832,0.05385907,0.726439238,0.685116947,-0.215120435,0.0100699905,-0.6864731,0.727085531,-0.279196322,0.0,0.0,0.0,1.0]},"headPose":{"x":0.0554989353,"y":-0.0367167853,"z":0.3485592}},{"recID":2,"timestamp":0,"world2head":{"data":[0.9984978,-0.03226103,-0.04428803,-0.0411630832,0.05385907,0.726439238,0.685116947,-0.215120435,0.0100699905,-0.6864731,0.727085531,-0.279196322,0.0,0.0,0.0,1.0]},"headPose":{"x":0.0554989353,"y":-0.0367167853,"z":0.3485592}},{"recID":3,"timestamp":0,"world2head":{"data":[0.9984978,-0.03226103,-0.04428803,-0.0411630832,0.05385907,0.726439238,0.685116947,-0.215120435,0.0100699905,-0.6864731,0.727085531,-0.279196322,0.0,0.0,0.0,1.0]},"headPose":{"x":0.0554989353,"y":-0.0367167853,"z":0.3485592}},{"recID":4,"timestamp":0,"world2head":{"data":[0.9984978,-0.03226103,-0.04428803,-0.0411630832,0.05385907,0.726439238,0.685116947,-0.215120435,0.0100699905,-0.6864731,0.727085531,-0.279196322,0.0,0.0,0.0,1.0]},"headPose":{"x":0.0554989353,"y":-0.0367167853,"z":0.3485592}},{"recID":5,"timestamp":0,"world2head":{"data":[0.9984978,-0.03226103,-0.04428803,-0.0411630832,0.05385907,0.726439238,0.685116947,-0.215120435,0.0100699905,-0.6864731,0.727085531,-0.279196322,0.0,0.0,0.0,1.0]},"headPose":{"x":0.0554989353,"y":-0.0367167853,"z":0.3485592}},{"recID":6,"timestamp":0,"world2head":{"data":[0.9984978,-0.03226103,-0.04428803,-0.0411630832,0.05385907,0.726439238,0.685116947,-0.215120435,0.0100699905,-0.6864731,0.727085531,-0.279196322,0.0,0.0,0.0,1.0]},"headPose":{"x":0.0554989353,"y":-0.0367167853,"z":0.3485592}},{"recID":7,"timestamp":0,"world2head":{"data":[0.9984978,-0.03226103,-0.04428803,-0.0411630832,0.05385907,0.726439238,0.685116947,-0.215120435,0.0100699905,-0.6864731,0.727085531,-0.279196322,0.0,0.0,0.0,1.0]},"headPose":{"x":0.0554989353,"y":-0.0367167853,"z":0.3485592}},{"recID":8,"timestamp":0,"world2head":{"data":[0.9984978,-0.03226103,-0.04428803,-0.0411630832,0.05385907,0.726439238,0.685116947,-0.215120435,0.0100699905,-0.6864731,0.727085531,-0.279196322,0.0,0.0,0.0,1.0]},"headPose":{"x":0.0554989353,"y":-0.0367167853,"z":0.3485592}},{"recID":9,"timestamp":0,"world2head":{"data":[0.9984978,-0.03226103,-0.04428803,-0.0411630832,0.05385907,0.726439238,0.685116947,-0.215120435,0.0100699905,-0.6864731,0.727085531,-0.279196322,0.0,0.0,0.0,1.0]},"headPose":{"x":0.0554989353,"y":-0.0367167853,"z":0.3485592}},{"recID":10,"timestamp":0,"world2head":{"data":[0.9984978,-0.03226103,-0.04428803,-0.0411630832,0.05385907,0.726439238,0.685116947,-0.215120435,0.0100699905,-0.6864731,0.727085531,-0.279196322,0.0,0.0,0.0,1.0]},"headPose":{"x":0.0554989353,"y":-0.0367167853,"z":0.3485592}},{"recID":11,"timestamp":0,"world2head":{"data":[0.9984978,-0.03226103,-0.04428803,-0.0411630832,0.05385907,0.726439238,0.685116947,-0.215120435,0.0100699905,-0.6864731,0.727085531,-0.279196322,0.0,0.0,0.0,1.0]},"headPose":{"x":0.0554989353,"y":-0.0367167853,"z":0.3485592}},{"recID":12,"timestamp":0,"world2head":{"data":[0.9984978,-0.03226103,-0.04428803,-0.0411630832,0.05385907,0.726439238,0.685116947,-0.215120435,0.0100699905,-0.6864731,0.727085531,-0.279196322,0.0,0.0,0.0,1.0]},"headPose":{"x":0.0554989353,"y":-0.0367167853,"z":0.3485592}},{"recID":13,"timestamp":0,"world2head":{"data":[0.9984978,-0.03226103,-0.04428803,-0.0411630832,0.05385907,0.726439238,0.685116947,-0.215120435,0.0100699905,-0.6864731,0.727085531,-0.279196322,0.0,0.0,0.0,1.0]},"headPose":{"x":0.0554989353,"y":-0.0367167853,"z":0.3485592}},{"recID":14,"timestamp":0,"world2head":{"data":[0.9984978,-0.03226103,-0.04428803,-0.0411630832,0.05385907,0.726439238,0.685116947,-0.215120435,0.0100699905,-0.6864731,0.727085531,-0.279196322,0.0,0.0,0.0,1.0]},"headPose":{"x":0.0554989353,"y":-0.0367167853,"z":0.3485592}},{"recID":15,"timestamp":0,"world2head":{"data":[0.9984978,-0.03226103,-0.04428803,-0.0411630832,0.05385907,0.726439238,0.685116947,-0.215120435,0.0100699905,-0.6864731,0.727085531,-0.279196322,0.0,0.0,0.0,1.0]},"headPose":{"x":0.0554989353,"y":-0.0367167853,"z":0.3485592}},{"recID":16,"timestamp":0,"world2head":{"data":[0.9984978,-0.03226103,-0.04428803,-0.0411630832,0.05385907,0.726439238,0.685116947,-0.215120435,0.0100699905,-0.6864731,0.727085531,-0.279196322,0.0,0.0,0.0,1.0]},"headPose":{"x":0.0554989353,"y":-0.0367167853,"z":0.3485592}},{"recID":17,"timestamp":0,"world2head":{"data":[0.998638868,-0.0321219638,-0.0410929024,-0.0418816358,0.0515523329,0.727588356,0.6840742,-0.21479933,0.007924911,-0.685261548,0.728253961,-0.2794025,0.0,0.0,0.0,1.0]},"headPose":{"x":0.0551122762,"y":-0.0365235955,"z":0.3486936}},{"recID":18,"timestamp":0,"world2head":{"data":[0.9989825,-0.0319487825,-0.0318326578,-0.0439811125,0.0450752079,0.730847955,0.68105036,-0.213878,0.00150610879,-0.6817922,0.731544435,-0.27990672,0.0,0.0,0.0,1.0]},"headPose":{"x":0.0539985225,"y":-0.035931062,"z":0.3490258}},{"recID":19,"timestamp":0,"world2head":{"data":[0.999059,-0.0318066776,-0.0294851251,-0.0445550121,0.0433708578,0.731464148,0.6804992,-0.21362564,-7.710792E-05,-0.6811377,0.7321553,-0.2801573,0.0,0.0,0.0,1.0]},"headPose":{"x":0.0537566133,"y":-0.03598335,"z":0.349177063}},{"recID":20,"timestamp":0,"world2head":{"data":[0.9991645,-0.03222155,-0.02514087,-0.0457160771,0.04072056,0.732465148,0.679585636,-0.213496849,-0.00348249078,-0.6800416,0.733165264,-0.280095547,0.0,0.0,0.0,1.0]},"headPose":{"x":0.05339616,"y":-0.0355706662,"z":0.3492964}},{"recID":21,"timestamp":0,"world2head":{"data":[0.999192834,-0.0322362036,-0.0239686184,-0.0459723063,0.03993974,0.7333707,0.6786548,-0.213023573,-0.004299364,-0.6790643,0.734066248,-0.280274123,0.0,0.0,0.0,1.0]},"headPose":{"x":0.0532383025,"y":-0.035580866,"z":0.3492073}},{"recID":22,"timestamp":0,"world2head":{"data":[0.9992265,-0.0321415439,-0.022656098,-0.0463280454,0.0389811024,0.7336787,0.678377569,-0.2129346,-0.005181806,-0.678736031,0.734364033,-0.2803112,0.0,0.0,0.0,1.0]},"headPose":{"x":0.05314012,"y":-0.03552081,"z":0.349250942}},{"recID":23,"timestamp":0,"world2head":{"data":[0.9992506,-0.03205575,-0.0216940064,-0.04656602,0.03827051,0.73433274,0.677710056,-0.2127446,-0.00579388067,-0.6780324,0.7350092,-0.280543923,0.0,0.0,0.0,1.0]},"headPose":{"x":0.05304753,"y":-0.0354852863,"z":0.3493713}},{"recID":24,"timestamp":0,"world2head":{"data":[0.9992502,-0.0320775956,-0.021682281,-0.046559535,0.0382820219,0.7347303,0.67727834,-0.212512448,-0.005794826,-0.677600563,0.735407352,-0.280596167,0.0,0.0,0.0,1.0]},"headPose":{"x":0.0530340225,"y":-0.0354862958,"z":0.349273026}},{"recID":25,"timestamp":0,"world2head":{"data":[0.9992542,-0.03190591,-0.021749109,-0.0464367568,0.0382020064,0.734848261,0.6771549,-0.212471336,-0.005622941,-0.6774807,0.735519052,-0.280607164,0.0,0.0,0.0,1.0]},"headPose":{"x":0.0529411137,"y":-0.035453368,"z":0.349257946}},{"recID":26,"timestamp":0,"world2head":{"data":[0.999242,-0.031934537,-0.0222628638,-0.0462900326,0.038571775,0.734920561,0.6770554,-0.212506011,-0.005260012,-0.6774009,0.7355952,-0.2808099,0.0,0.0,0.0,1.0]},"headPose":{"x":0.0529746152,"y":-0.035524115,"z":0.349410236}},{"recID":27,"timestamp":0,"world2head":{"data":[0.999233365,-0.0315098725,-0.023232732,-0.0459439233,0.0389128961,0.7343531,0.6776513,-0.212683976,-0.004291675,-0.678035855,0.735016346,-0.280679971,0.0,0.0,0.0,1.0]},"headPose":{"x":0.0529802665,"y":-0.0355736054,"z":0.3493625}},{"recID":28,"timestamp":0,"world2head":{"data":[0.999209762,-0.03151253,-0.0242246576,-0.04558606,0.03958439,0.733757436,0.6782574,-0.212901816,-0.00359858014,-0.67868036,0.734425,-0.280459046,0.0,0.0,0.0,1.0]},"headPose":{"x":0.0529683679,"y":-0.0355602838,"z":0.349274039}},{"recID":29,"timestamp":0,"world2head":{"data":[0.9992034,-0.0312057883,-0.0248762034,-0.0454001762,0.0397987962,0.7331681,0.6788819,-0.213095233,-0.002946605,-0.679331064,0.733826,-0.280352235,0.0,0.0,0.0,1.0]},"headPose":{"x":0.0530188568,"y":-0.0356341153,"z":0.349266857}},{"recID":30,"timestamp":0,"world2head":{"data":[0.999192953,-0.030167371,-0.0265200958,-0.0447017774,0.04015336,0.7330018,0.679040551,-0.213281319,-0.00104558188,-0.679557443,0.733621657,-0.2803684,0.0,0.0,0.0,1.0]},"headPose":{"x":0.0529365167,"y":-0.03553935,"z":0.349325448}},{"recID":31,"timestamp":0,"world2head":{"data":[0.999194562,-0.02971597,-0.02696624,-0.04459262,0.0401256159,0.7333815,0.6786321,-0.213062823,-0.000389665365,-0.679167569,0.7339832,-0.28060773,0.0,0.0,0.0,1.0]},"headPose":{"x":0.0529966354,"y":-0.03564845,"z":0.349350125}},{"recID":32,"timestamp":0,"world2head":{"data":[0.9991972,-0.0294096731,-0.02720318,-0.0444435738,0.040061716,0.7330155,0.679031253,-0.21316573,-2.97334045E-05,-0.6795759,0.733605266,-0.2804186,0.0,0.0,0.0,1.0]},"headPose":{"x":0.0529393442,"y":-0.0356190167,"z":0.3492537}},{"recID":33,"timestamp":0,"world2head":{"data":[0.9991927,-0.02934156,-0.0274403617,-0.0444064066,0.0401730947,0.732362449,0.679728866,-0.213668466,0.0001519844,-0.6802825,0.73295,-0.2802069,0.0,0.0,0.0,1.0]},"headPose":{"x":0.05299687,"y":-0.0354400575,"z":0.349395752}},{"recID":34,"timestamp":0,"world2head":{"data":[0.999215543,-0.0288326871,-0.0271463618,-0.0446114242,0.0395996645,0.733355761,0.678690732,-0.213351771,0.000339464284,-0.6792334,0.7339223,-0.280664027,0.0,0.0,0.0,1.0]},"headPose":{"x":0.0531203635,"y":-0.0354598761,"z":0.349574417}},{"recID":35,"timestamp":0,"world2head":{"data":[0.999150932,-0.0300034229,-0.0282343123,-0.0443073846,0.04119728,0.7343677,0.6775005,-0.212975621,0.0004070364,-0.6780884,0.7349802,-0.281056434,0.0,0.0,0.0,1.0]},"headPose":{"x":0.0531581827,"y":-0.03550808,"z":0.349611}},{"recID":36,"timestamp":0,"world2head":{"data":[0.999065,-0.0302613247,-0.0308782645,-0.04344362,0.0431809947,0.7339124,0.6778702,-0.213221774,0.00214869436,-0.678569734,0.734532833,-0.280935675,0.0,0.0,0.0,1.0]},"headPose":{"x":0.0532137677,"y":-0.035463,"z":0.3495517}},{"recID":37,"timestamp":0,"world2head":{"data":[0.999065,-0.0302613247,-0.0308782645,-0.04344362,0.0431809947,0.7339124,0.6778702,-0.213221774,0.00214869436,-0.678569734,0.734532833,-0.280935675,0.0,0.0,0.0,1.0]},"headPose":{"x":0.0532137677,"y":-0.035463,"z":0.3495517}},{"recID":38,"timestamp":0,"world2head":{"data":[0.999078751,-0.0295168068,-0.03115065,-0.0433818847,0.042821262,0.733373165,0.678476334,-0.213531911,0.00281859934,-0.6791853,0.7339615,-0.280660272,0.0,0.0,0.0,1.0]},"headPose":{"x":0.0532766953,"y":-0.0353022069,"z":0.3495188}},{"recID":39,"timestamp":0,"world2head":{"data":[0.9990959,-0.028491037,-0.0315529034,-0.04335124,0.0423431247,0.733117,0.678783059,-0.213766634,0.00379273575,-0.679505467,0.7336606,-0.280547529,0.0,0.0,0.0,1.0]},"headPose":{"x":0.0534276366,"y":-0.03515276,"z":0.349560022}},{"recID":40,"timestamp":0,"world2head":{"data":[0.9990801,-0.0262151621,-0.03393673,-0.0426744223,0.04227529,0.7348449,0.6769163,-0.213444829,0.00719276629,-0.677728355,0.735277236,-0.281108528,0.0,0.0,0.0,1.0]},"headPose":{"x":0.053680554,"y":-0.03478505,"z":0.349728733}},{"recID":41,"timestamp":0,"world2head":{"data":[0.999063432,-0.0254720133,-0.03497713,-0.04235122,0.0424286872,0.7352667,0.6764486,-0.21333839,0.00848701,-0.677299142,0.7356588,-0.2810696,0.0,0.0,0.0,1.0]},"headPose":{"x":0.0537486672,"y":-0.0345863439,"z":0.349602461}},{"recID":42,"timestamp":0,"world2head":{"data":[0.999038339,-0.024581464,-0.03630643,-0.0419848822,0.0426630378,0.7359917,0.675644934,-0.213258445,0.01011289,-0.67654413,0.736332655,-0.281383425,0.0,0.0,0.0,1.0]},"headPose":{"x":0.05388836,"y":-0.0344439037,"z":0.349754453}},{"recID":43,"timestamp":0,"world2head":{"data":[0.9990291,-0.02341247,-0.03731985,-0.041686248,0.0424672551,0.7371925,0.674347,-0.212765068,0.0117237866,-0.675277054,0.737471,-0.28175506,0.0,0.0,0.0,1.0]},"headPose":{"x":0.0539845563,"y":-0.034389887,"z":0.3497079}},{"recID":44,"timestamp":0,"world2head":{"data":[0.999003768,-0.0227571428,-0.03838677,-0.0413811952,0.0426929742,0.7377852,0.6736841,-0.212554634,0.0129900668,-0.674651861,0.7380218,-0.281907082,0.0,0.0,0.0,1.0]},"headPose":{"x":0.0540765524,"y":-0.03431114,"z":0.349659741}},{"recID":45,"timestamp":0,"world2head":{"data":[0.998921156,-0.0216747522,-0.0410691276,-0.0406462476,0.0436740741,0.7390417,0.672242463,-0.212274477,0.0157811046,-0.673310935,0.739191055,-0.2822023,0.0,0.0,0.0,1.0]},"headPose":{"x":0.0543267578,"y":-0.0340111926,"z":0.349632025}},{"recID":46,"timestamp":0,"world2head":{"data":[0.9988929,-0.0206494741,-0.0422682241,-0.0402651727,0.0437013246,0.7399034,0.6712922,-0.21202141,0.017412575,-0.6723962,0.739986658,-0.282465,0.0,0.0,0.0,1.0]},"headPose":{"x":0.0544046536,"y":-0.0338844731,"z":0.3496467}},{"recID":47,"timestamp":0,"world2head":{"data":[0.998852551,-0.0201644562,-0.04343991,-0.039867267,0.044118423,0.7403228,0.6708023,-0.211937025,0.0186331943,-0.6719491,0.740362942,-0.2824967,0.0,0.0,0.0,1.0]},"headPose":{"x":0.0544356629,"y":-0.03372546,"z":0.34958607}},{"recID":48,"timestamp":0,"world2head":{"data":[0.998792231,-0.0195423346,-0.04507985,-0.0393470079,0.044747442,0.7407205,0.6703215,-0.211727664,0.0202919245,-0.6715291,0.740700364,-0.2827832,0.0,0.0,0.0,1.0]},"headPose":{"x":0.05451197,"y":-0.0338350758,"z":0.349609435}},{"recID":49,"timestamp":0,"world2head":{"data":[0.9987809,-0.0184628721,-0.0457796939,-0.03908223,0.0444163829,0.7407737,0.6702847,-0.2114127,0.02153701,-0.671501,0.740690649,-0.282623231,0.0,0.0,0.0,1.0]},"headPose":{"x":0.0545116365,"y":-0.0338943824,"z":0.349253923}},{"recID":50,"timestamp":0,"world2head":{"data":[0.9987694,-0.0173652973,-0.0464558341,-0.038782,0.0440743044,0.7402837,0.67084837,-0.211551562,0.022741016,-0.6720704,0.740138054,-0.2825134,0.0,0.0,0.0,1.0]},"headPose":{"x":0.0544829071,"y":-0.0339341462,"z":0.349216282}},{"recID":51,"timestamp":0,"world2head":{"data":[0.9987577,-0.0159492381,-0.0472084,-0.03855676,0.0435503125,0.739786267,0.671431065,-0.211419865,0.02421531,-0.67265296,0.7395618,-0.282364428,0.0,0.0,0.0,1.0]},"headPose":{"x":0.0545538031,"y":-0.0341426954,"z":0.348959625}},{"recID":52,"timestamp":0,"world2head":{"data":[0.9987414,-0.0150764827,-0.0478365123,-0.03833515,0.043368198,0.7387006,0.672637045,-0.211798638,0.02519586,-0.673865,0.7384247,-0.28212744,0.0,0.0,0.0,1.0]},"headPose":{"x":0.0545806661,"y":-0.03423799,"z":0.348959655}},{"recID":53,"timestamp":0,"world2head":{"data":[0.998732448,-0.0149879493,-0.04805081,-0.03829725,0.0434686467,0.7381309,0.6732557,-0.211946055,0.0253770687,-0.674491048,0.737846851,-0.281874061,0.0,0.0,0.0,1.0]},"headPose":{"x":0.05461485,"y":-0.034251567,"z":0.348833531}},{"recID":54,"timestamp":0,"world2head":{"data":[0.9987045,-0.0149160409,-0.0486503243,-0.03814957,0.04384911,0.7373644,0.6740704,-0.212132514,0.0258185621,-0.67533046,0.7370633,-0.28161,0.0,0.0,0.0,1.0]},"headPose":{"x":0.0546727329,"y":-0.034329854,"z":0.348700643}},{"recID":55,"timestamp":0,"world2head":{"data":[0.99865973,-0.0144551536,-0.04969749,-0.0378501043,0.0442318656,0.73697567,0.6744704,-0.212230012,0.0268762652,-0.6757647,0.7366273,-0.281656921,0.0,0.0,0.0,1.0]},"headPose":{"x":0.05475659,"y":-0.0344725847,"z":0.348738}},{"recID":56,"timestamp":0,"world2head":{"data":[0.998556,-0.0134714,-0.0520037971,-0.0371899828,0.045109354,0.7359561,0.6755249,-0.212731361,0.0291722454,-0.6768953,0.735501051,-0.281261861,0.0,0.0,0.0,1.0]},"headPose":{"x":0.0549374968,"y":-0.0343248956,"z":0.348639667}},{"recID":57,"timestamp":0,"world2head":{"data":[0.998511851,-0.0129662063,-0.052971594,-0.03694931,0.0453635678,0.7366085,0.674796343,-0.212473139,0.0302697774,-0.676195145,0.736100435,-0.281227618,0.0,0.0,0.0,1.0]},"headPose":{"x":0.05504556,"y":-0.03413433,"z":0.348430634}},{"recID":58,"timestamp":0,"world2head":{"data":[0.998401344,-0.012180442,-0.05519393,-0.036316,0.04626841,0.7370043,0.674302459,-0.212496147,0.0324648619,-0.67577827,0.736389637,-0.281346619,0.0,0.0,0.0,1.0]},"headPose":{"x":0.05522368,"y":-0.0339597166,"z":0.348463029}},{"recID":59,"timestamp":0,"world2head":{"data":[0.998311341,-0.0109477863,-0.0570493452,-0.03578259,0.0465743,0.7377858,0.67342633,-0.212529227,0.0347176678,-0.6749461,0.7370498,-0.2814219,0.0,0.0,0.0,1.0]},"headPose":{"x":0.0553908758,"y":-0.0335353166,"z":0.348503321}},{"recID":60,"timestamp":0,"world2head":{"data":[0.998236358,-0.009701276,-0.0585663319,-0.0352012739,0.0465495065,0.7401675,0.6708094,-0.211791113,0.03684119,-0.672352552,0.7393137,-0.281942576,0.0,0.0,0.0,1.0]},"headPose":{"x":0.0553850681,"y":-0.03314543,"z":0.348453879}},{"recID":61,"timestamp":0,"world2head":{"data":[0.998119235,-0.007021105,-0.0608990565,-0.0343853645,0.0459283739,0.743622065,0.6670209,-0.210436136,0.04060266,-0.668563366,0.742545962,-0.282799244,0.0,0.0,0.0,1.0]},"headPose":{"x":0.0554680824,"y":-0.032825686,"z":0.348262668}},{"recID":62,"timestamp":0,"world2head":{"data":[0.9980706,-0.00586823747,-0.0618110746,-0.03403945,0.04557181,0.7453723,0.665088952,-0.209895045,0.0421693623,-0.6666226,0.74420166,-0.283268034,0.0,0.0,0.0,1.0]},"headPose":{"x":0.0554843023,"y":-0.03258263,"z":0.348303378}},{"recID":63,"timestamp":0,"world2head":{"data":[0.998036,-0.00485588238,-0.06245396,-0.0337941572,0.0451258272,0.7472332,0.6630281,-0.209117532,0.0434480868,-0.6645442,0.7459848,-0.283735782,0.0,0.0,0.0,1.0]},"headPose":{"x":0.0554921627,"y":-0.0324595049,"z":0.348202765}},{"recID":64,"timestamp":0,"world2head":{"data":[0.99801743,-0.003992999,-0.06281139,-0.03360911,0.0446504354,0.7482724,0.6618873,-0.208811626,0.0443571135,-0.66337955,0.7469672,-0.283842981,0.0,0.0,0.0,1.0]},"headPose":{"x":0.05545646,"y":-0.0321818665,"z":0.3481201}},{"recID":65,"timestamp":0,"world2head":{"data":[0.998048663,-0.00302254222,-0.06236785,-0.03375047,0.0434175655,0.751434445,0.6583777,-0.207974881,0.0448753759,-0.6598008,0.7500994,-0.2847383,0.0,0.0,0.0,1.0]},"headPose":{"x":0.05549211,"y":-0.0316930972,"z":0.3484031}},{"recID":66,"timestamp":0,"world2head":{"data":[0.9980626,-0.002858149,-0.06215187,-0.0338118449,0.0430315658,0.753199458,0.656383157,-0.207268417,0.0449367166,-0.657786,0.7518632,-0.285128146,0.0,0.0,0.0,1.0]},"headPose":{"x":0.0554781444,"y":-0.03153549,"z":0.3483234}},{"recID":67,"timestamp":0,"world2head":{"data":[0.9980682,-0.00298615173,-0.0620560832,-0.0338013656,0.0429357924,0.7550886,0.654215336,-0.206167057,0.0449042581,-0.6556159,0.7537582,-0.2857885,0.0,0.0,0.0,1.0]},"headPose":{"x":0.0554211326,"y":-0.03179404,"z":0.3481955}},{"recID":68,"timestamp":0,"world2head":{"data":[0.998073757,-0.00322652981,-0.0619546622,-0.0338753834,0.04311377,0.754158139,0.65527606,-0.20650202,0.0446093455,-0.6566849,0.7528445,-0.285288244,0.0,0.0,0.0,1.0]},"headPose":{"x":0.055439733,"y":-0.03171863,"z":0.3479948}},{"recID":69,"timestamp":0,"world2head":{"data":[0.998115957,-0.00353235379,-0.06125448,-0.03410443,0.04287037,0.75436604,0.655052662,-0.206832036,0.043894425,-0.65644455,0.7530962,-0.285336941,0.0,0.0,0.0,1.0]},"headPose":{"x":0.0554318354,"y":-0.031401258,"z":0.348283}},{"recID":70,"timestamp":0,"world2head":{"data":[0.998124063,-0.00359058939,-0.061118003,-0.0341109857,0.0427111462,0.756064236,0.6531024,-0.206189916,0.0438641123,-0.6544876,0.754799247,-0.285951018,0.0,0.0,0.0,1.0]},"headPose":{"x":0.0553965941,"y":-0.03138108,"z":0.3484139}},{"recID":71,"timestamp":0,"world2head":{"data":[0.998165369,-0.004206136,-0.0604006574,-0.0344558656,0.04271472,0.755935669,0.653250933,-0.2061599,0.04291135,-0.654632449,0.754728436,-0.285622,0.0,0.0,0.0,1.0]},"headPose":{"x":0.05545514,"y":-0.031278722,"z":0.348160028}},{"recID":72,"timestamp":0,"world2head":{"data":[0.9981649,-0.004081141,-0.06041683,-0.03451339,0.04260019,0.756404161,0.6527159,-0.206003621,0.0430357121,-0.654091835,0.7551899,-0.28566277,0.0,0.0,0.0,1.0]},"headPose":{"x":0.0555195473,"y":-0.03116857,"z":0.3481063}},{"recID":73,"timestamp":0,"world2head":{"data":[0.9981368,-0.004091479,-0.0608778931,-0.0343281254,0.0429127961,0.756354332,0.6527531,-0.206382662,0.0433745347,-0.6541494,0.7551207,-0.285581529,0.0,0.0,0.0,1.0]},"headPose":{"x":0.05550759,"y":-0.0308550056,"z":0.348275632}},{"recID":74,"timestamp":0,"world2head":{"data":[0.9981225,-0.003796531,-0.0611315854,-0.034260124,0.04274413,0.7580228,0.650826,-0.205852076,0.0438682549,-0.652217031,0.7567619,-0.286180973,0.0,0.0,0.0,1.0]},"headPose":{"x":0.0555490255,"y":-0.0307415873,"z":0.3484503}},{"recID":75,"timestamp":0,"world2head":{"data":[0.998102665,-0.0032017678,-0.061488416,-0.03412499,0.04242557,0.75950253,0.649119437,-0.2047743,0.044622276,-0.650496542,0.7581973,-0.286555648,0.0,0.0,0.0,1.0]},"headPose":{"x":0.055534672,"y":-0.030986106,"z":0.34809038}},{"recID":76,"timestamp":0,"world2head":{"data":[0.998083949,-0.00310502388,-0.0617967248,-0.03407769,0.0426181033,0.7585546,0.6502143,-0.2055651,0.0448572561,-0.651602149,0.7572335,-0.28616026,0.0,0.0,0.0,1.0]},"headPose":{"x":0.0556095541,"y":-0.0306360889,"z":0.3482456}},{"recID":77,"timestamp":0,"world2head":{"data":[0.9980588,-0.00259520113,-0.06222485,-0.03395968,0.042441003,0.7595557,0.6490562,-0.205488563,0.045578815,-0.6504371,0.7581914,-0.286696374,0.0,0.0,0.0,1.0]},"headPose":{"x":0.0556821749,"y":-0.0304860789,"z":0.348631173}},{"recID":78,"timestamp":0,"world2head":{"data":[0.9980544,-0.00238827616,-0.06230327,-0.033894293,0.0422014669,0.7614495,0.6468491,-0.204751417,0.0458959453,-0.6482199,0.760068834,-0.287255347,0.0,0.0,0.0,1.0]},"headPose":{"x":0.0556530133,"y":-0.0303777065,"z":0.348665357}},{"recID":79,"timestamp":0,"world2head":{"data":[0.9980216,-0.00268293172,-0.06281484,-0.03371814,0.04270928,0.7621189,0.646026969,-0.2043215,0.04613913,-0.6474316,0.7607257,-0.287583143,0.0,0.0,0.0,1.0]},"headPose":{"x":0.05564669,"y":-0.0305636078,"z":0.348651052}},{"recID":80,"timestamp":0,"world2head":{"data":[0.997953355,-0.00324003957,-0.06386387,-0.0332486928,0.0438567251,0.7614969,0.646683156,-0.204715237,0.0465368666,-0.6481605,0.760080457,-0.2871495,0.0,0.0,0.0,1.0]},"headPose":{"x":0.0555218235,"y":-0.0303366724,"z":0.348519236}},{"recID":81,"timestamp":0,"world2head":{"data":[0.998006165,-0.00247594342,-0.06306776,-0.0333953723,0.04272475,0.7619909,0.6461768,-0.204695925,0.046457164,-0.647583,0.76057744,-0.2872524,0.0,0.0,0.0,1.0]},"headPose":{"x":0.0554193,"y":-0.0301260166,"z":0.348641247}},{"recID":82,"timestamp":0,"world2head":{"data":[0.9980197,-0.00242308341,-0.06285527,-0.0334177539,0.042502895,0.7626065,0.645464838,-0.204448462,0.04636983,-0.646858156,0.761199355,-0.287260562,0.0,0.0,0.0,1.0]},"headPose":{"x":0.05536145,"y":-0.0299840849,"z":0.348526329}},{"recID":83,"timestamp":0,"world2head":{"data":[0.9980329,-0.00195738114,-0.06266104,-0.033568684,0.04202894,0.7625216,0.645596147,-0.204696462,0.0465167239,-0.6469598,0.761104,-0.287135571,0.0,0.0,0.0,1.0]},"headPose":{"x":0.0554624349,"y":-0.02974541,"z":0.3485878}},{"recID":84,"timestamp":0,"world2head":{"data":[0.9980138,-0.00119632855,-0.0629846,-0.033465568,0.0415943228,0.7634072,0.6445769,-0.204493791,0.04731177,-0.645916462,0.7619406,-0.28747797,0.0,0.0,0.0,1.0]},"headPose":{"x":0.05550597,"y":-0.0296147615,"z":0.348745316}},{"recID":85,"timestamp":0,"world2head":{"data":[0.997989535,-0.0004741922,-0.06337722,-0.0331979468,0.0412191749,0.7644608,0.6433511,-0.203977317,0.0481443256,-0.64467,0.762943447,-0.287604034,0.0,0.0,0.0,1.0]},"headPose":{"x":0.05538548,"y":-0.0294927787,"z":0.348550647}},{"recID":86,"timestamp":0,"world2head":{"data":[0.997993,-0.000363184139,-0.06332385,-0.0332373381,0.0410984159,0.764483035,0.643332541,-0.203889653,0.04817636,-0.644643843,0.7629636,-0.287650973,0.0,0.0,0.0,1.0]},"headPose":{"x":0.0554081462,"y":-0.029574316,"z":0.3485313}},{"recID":87,"timestamp":0,"world2head":{"data":[0.997978747,-7.221103E-05,-0.06354891,-0.033202678,0.0410728827,0.7637999,0.644145,-0.204079315,0.0484921336,-0.6454531,0.762259,-0.287448823,0.0,0.0,0.0,1.0]},"headPose":{"x":0.0554566979,"y":-0.0296613984,"z":0.348457128}},{"recID":88,"timestamp":0,"world2head":{"data":[0.997962952,0.000152451918,-0.0637956,-0.03315094,0.0411153138,0.7630793,0.644995749,-0.204316109,0.048779428,-0.6463049,0.7615186,-0.287249,0.0,0.0,0.0,1.0]},"headPose":{"x":0.0554957762,"y":-0.0297359582,"z":0.3484136}},{"recID":89,"timestamp":0,"world2head":{"data":[0.9979261,0.000366972759,-0.06436826,-0.0329559371,0.0413672179,0.7624876,0.6456791,-0.204663187,0.0493169464,-0.6470028,0.7608911,-0.2871623,0.0,0.0,0.0,1.0]},"headPose":{"x":0.0555159077,"y":-0.0297296029,"z":0.34852466}},{"recID":90,"timestamp":0,"world2head":{"data":[0.9979078,0.0008828901,-0.064646855,-0.0327892676,0.04122403,0.7615894,0.646747351,-0.205152452,0.049805373,-0.648059249,0.759959638,-0.287059724,0.0,0.0,0.0,1.0]},"headPose":{"x":0.0554749928,"y":-0.02976083,"z":0.3487159}},{"recID":91,"timestamp":0,"world2head":{"data":[0.9978957,-3.03406268E-05,-0.06483938,-0.03224223,0.04216712,0.7599538,0.64860785,-0.2059745,0.04925525,-0.6499771,0.7583559,-0.286547542,0.0,0.0,0.0,1.0]},"headPose":{"x":0.0549737066,"y":-0.0297192074,"z":0.34881115}},{"recID":92,"timestamp":0,"world2head":{"data":[0.997997463,-0.0005313605,-0.0632514656,-0.0326601937,0.0416125134,0.758622944,0.6501998,-0.20625864,0.04763852,-0.6515298,0.757125854,-0.285859644,0.0,0.0,0.0,1.0]},"headPose":{"x":0.0547956638,"y":-0.0297908951,"z":0.348475218}},{"recID":93,"timestamp":0,"world2head":{"data":[0.99810034,-0.0002522692,-0.06160911,-0.03314951,0.0404612571,0.756798267,0.65239495,-0.206865266,0.04646109,-0.653648436,0.755370855,-0.285020918,0.0,0.0,0.0,1.0]},"headPose":{"x":0.0546989478,"y":-0.0297565591,"z":0.348212034}},{"recID":94,"timestamp":0,"world2head":{"data":[0.9982479,-0.0005607698,-0.0591668822,-0.0341109931,0.0392316133,0.7548255,0.6547514,-0.208081037,0.0442935042,-0.6559255,0.753524959,-0.283851832,0.0,0.0,0.0,1.0]},"headPose":{"x":0.05478738,"y":-0.02913992,"z":0.348112553}},{"recID":95,"timestamp":0,"world2head":{"data":[0.9983653,-0.000514619052,-0.0571535,-0.0353892148,0.0379429646,0.753801644,0.65600574,-0.208669528,0.0427448153,-0.65710187,0.752588868,-0.282741,0.0,0.0,0.0,1.0]},"headPose":{"x":0.0553346127,"y":-0.0285124443,"z":0.3476535}},{"recID":96,"timestamp":0,"world2head":{"data":[0.998379767,0.0006583091,-0.0568979979,-0.03598271,0.03687241,0.754104,0.655719161,-0.209191442,0.04333868,-0.656754732,0.7528579,-0.282369941,0.0,0.0,0.0,1.0]},"headPose":{"x":0.0558753423,"y":-0.0276720077,"z":0.347707927}},{"recID":97,"timestamp":0,"world2head":{"data":[0.9982517,0.0025738962,-0.05905098,-0.03584472,0.03659196,0.7576719,0.651609063,-0.208321333,0.04641844,-0.652630568,0.756253064,-0.2831786,0.0,0.0,0.0,1.0]},"headPose":{"x":0.0565496422,"y":-0.0268795211,"z":0.347782046}},{"recID":98,"timestamp":0,"world2head":{"data":[0.998031855,0.00390907936,-0.06258661,-0.0348739773,0.0377042145,0.760091543,0.6487212,-0.207832366,0.05010746,-0.649804235,0.758448243,-0.2832376,0.0,0.0,0.0,1.0]},"headPose":{"x":0.05683381,"y":-0.02594104,"z":0.347463667}},{"recID":99,"timestamp":0,"world2head":{"data":[0.9977449,0.00504187867,-0.06692983,-0.03370394,0.0393530019,0.763852656,0.6441897,-0.206837788,0.05437246,-0.64537096,0.7619317,-0.284054637,0.0,0.0,0.0,1.0]},"headPose":{"x":0.0572123751,"y":-0.0251570735,"z":0.347417235}},{"recID":100,"timestamp":0,"world2head":{"data":[0.9972249,0.00663609244,-0.07415131,-0.03151084,0.042264,0.7694947,0.6372532,-0.204531208,0.06128791,-0.638618767,0.7670789,-0.2845445,0.0,0.0,0.0,1.0]},"headPose":{"x":0.057506837,"y":-0.02412064,"z":0.346269637}},{"recID":101,"timestamp":0,"world2head":{"data":[0.9970482,0.007258568,-0.0764341354,-0.0310290921,0.0431996174,0.769952059,0.636637747,-0.204644144,0.0634717047,-0.6380605,0.7673658,-0.284018517,0.0,0.0,0.0,1.0]},"headPose":{"x":0.057805188,"y":-0.02342956,"z":0.345858574}},{"recID":102,"timestamp":0,"world2head":{"data":[0.9968119,0.007916592,-0.07939322,-0.0305515472,0.0444753245,0.7709972,0.6352836,-0.204949021,0.0662412345,-0.6367893,0.768187165,-0.2836801,0.0,0.0,0.0,1.0]},"headPose":{"x":0.0583606474,"y":-0.0223874729,"z":0.3456946}},{"recID":103,"timestamp":0,"world2head":{"data":[0.9964063,0.008987797,-0.08422415,-0.0293614585,0.04641293,0.773851752,0.6316639,-0.2034912,0.07085428,-0.633303046,0.7706536,-0.2845104,0.0,0.0,0.0,1.0]},"headPose":{"x":0.05885934,"y":-0.02244537,"z":0.345324069}},{"recID":104,"timestamp":0,"world2head":{"data":[0.9959849,0.01022381,-0.08893572,-0.0282276534,0.04853604,0.7730994,0.6324251,-0.203497544,0.07522194,-0.6342024,0.769499063,-0.283342123,0.0,0.0,0.0,1.0]},"headPose":{"x":0.059304826,"y":-0.022083858,"z":0.344218045}},{"recID":105,"timestamp":0,"world2head":{"data":[0.99480927,0.0145824868,-0.100706831,-0.0253912844,0.0528663173,0.771563947,0.6339513,-0.204492614,0.08694635,-0.635984659,0.766788065,-0.28198,0.0,0.0,0.0,1.0]},"headPose":{"x":0.0605873875,"y":-0.0211855546,"z":0.343300164}},{"recID":106,"timestamp":0,"world2head":{"data":[0.993958354,0.0181958545,-0.108239263,-0.0234525949,0.05500704,0.7707945,0.6347047,-0.204404756,0.09497923,-0.636824,0.7651367,-0.28135857,0.0,0.0,0.0,1.0]},"headPose":{"x":0.0612778179,"y":-0.0211950745,"z":0.342475951}},{"recID":107,"timestamp":0,"world2head":{"data":[0.9929334,0.0226867944,-0.11648424,-0.0212117024,0.057338804,0.7676663,0.6382795,-0.205202177,0.103901535,-0.640448153,0.7609407,-0.279610068,0.0,0.0,0.0,1.0]},"headPose":{"x":0.06187977,"y":-0.0210677236,"z":0.341272175}},{"recID":108,"timestamp":0,"world2head":{"data":[0.991872251,0.0265209656,-0.1244432,-0.0190298967,0.0599294156,0.7653803,0.6407818,-0.206118,0.112240538,-0.643031538,0.757570148,-0.2781844,0.0,0.0,0.0,1.0]},"headPose":{"x":0.0624513254,"y":-0.0206179712,"z":0.340452731}},{"recID":109,"timestamp":0,"world2head":{"data":[0.9906766,0.0311978944,-0.132614657,-0.01672605,0.0620470457,0.763283968,0.643076837,-0.206901327,0.121285282,-0.6453095,0.7542318,-0.2767752,0.0,0.0,0.0,1.0]},"headPose":{"x":0.06297648,"y":-0.0201593786,"z":0.339587957}},{"recID":110,"timestamp":0,"world2head":{"data":[0.9881518,0.0398780666,-0.14820838,-0.0122406185,0.06615119,0.7606956,0.645729244,-0.207739815,0.1384919,-0.64788264,0.7490447,-0.274374276,0.0,0.0,0.0,1.0]},"headPose":{"x":0.06383644,"y":-0.0192474462,"z":0.337848127}},{"recID":111,"timestamp":0,"world2head":{"data":[0.9868672,0.0429914668,-0.155707687,-0.0100536086,0.0690414,0.7591907,0.6471962,-0.208174035,0.146035731,-0.649446964,0.7462522,-0.273041129,0.0,0.0,0.0,1.0]},"headPose":{"x":0.06416796,"y":-0.0188497175,"z":0.3369215}},{"recID":112,"timestamp":0,"world2head":{"data":[0.9857018,0.04505896,-0.162362546,-0.008117218,0.07240819,0.7568044,0.6496185,-0.208818838,0.15214783,-0.6520865,0.742720842,-0.271233231,0.0,0.0,0.0,1.0]},"headPose":{"x":0.0643889,"y":-0.0184667818,"z":0.3357852}},{"recID":113,"timestamp":0,"world2head":{"data":[0.984609246,0.046434138,-0.168489039,-0.00632346049,0.07618511,0.7536072,0.6528951,-0.209831268,0.157291174,-0.6556829,0.738471031,-0.269087255,0.0,0.0,0.0,1.0]},"headPose":{"x":0.0645372048,"y":-0.0180119313,"z":0.3346455}},{"recID":114,"timestamp":0,"world2head":{"data":[0.983546853,0.0468531176,-0.174471781,-0.00464294851,0.080630444,0.7503977,0.6560504,-0.210866526,0.161661223,-0.659324,0.734273434,-0.26715982,0.0,0.0,0.0,1.0]},"headPose":{"x":0.0647582039,"y":-0.0176936071,"z":0.333697379}},{"recID":115,"timestamp":0,"world2head":{"data":[0.982556164,0.0467014,-0.180006683,-0.00305493549,0.0854225159,0.7464508,0.6599351,-0.212548956,0.165186018,-0.6637999,0.729440451,-0.264698923,0.0,0.0,0.0,1.0]},"headPose":{"x":0.0648826659,"y":-0.016907122,"z":0.332800657}},{"recID":116,"timestamp":0,"world2head":{"data":[0.980793238,0.0458478779,-0.189585373,-0.000394359231,0.0928963,0.7448637,0.660718,-0.213384062,0.171507791,-0.6656396,0.726298153,-0.262294859,0.0,0.0,0.0,1.0]},"headPose":{"x":0.06519499,"y":-0.0156337041,"z":0.331416219}},{"recID":117,"timestamp":0,"world2head":{"data":[0.980052054,0.0446950458,-0.193650037,0.00071079284,0.0968390554,0.7434912,0.661697149,-0.213318512,0.173551679,-0.6672505,0.7243318,-0.260513365,0.0,0.0,0.0,1.0]},"headPose":{"x":0.06517348,"y":-0.0152590238,"z":0.329988}},{"recID":118,"timestamp":0,"world2head":{"data":[0.9792001,0.0444099158,-0.197976857,0.00188218057,0.100762308,0.7404835,0.6644781,-0.214320108,0.176108,-0.6706057,0.7206067,-0.258205354,0.0,0.0,0.0,1.0]},"headPose":{"x":0.0652243942,"y":-0.0145370606,"z":0.328848153}},{"recID":119,"timestamp":0,"world2head":{"data":[0.9785695,0.04518523,-0.200898156,0.00261852145,0.102297612,0.740041256,0.6647361,-0.215296417,0.1787092,-0.6710419,0.719559431,-0.256482631,0.0,0.0,0.0,1.0]},"headPose":{"x":0.0652977,"y":-0.012900658,"z":0.32819587}},{"recID":120,"timestamp":0,"world2head":{"data":[0.977891147,0.04689721,-0.2037879,0.00331074,0.101750277,0.744674444,0.6596263,-0.213495657,0.182690263,-0.6657782,0.72343874,-0.25664553,0.0,0.0,0.0,1.0]},"headPose":{"x":0.06537234,"y":-0.0120395059,"z":0.327169359}},{"recID":121,"timestamp":0,"world2head":{"data":[0.977297664,0.04852524,-0.206239283,0.00395652652,0.101699665,0.746504545,0.6575623,-0.212480545,0.185866922,-0.6636086,0.72462213,-0.2555195,0.0,0.0,0.0,1.0]},"headPose":{"x":0.06523512,"y":-0.011139228,"z":0.325690269}},{"recID":122,"timestamp":0,"world2head":{"data":[0.975932837,0.0515970141,-0.211879447,0.005450003,0.101915434,0.751054049,0.6523274,-0.210349411,0.19279106,-0.6582215,0.7277198,-0.253702223,0.0,0.0,0.0,1.0]},"headPose":{"x":0.06503053,"y":-0.009289689,"z":0.322995543}},{"recID":123,"timestamp":0,"world2head":{"data":[0.97534287,0.05386785,-0.214019835,0.006020114,0.10124974,0.7524581,0.6508113,-0.209628358,0.196098775,-0.6564337,0.728450537,-0.252168417,0.0,0.0,0.0,1.0]},"headPose":{"x":0.0648030639,"y":-0.008119576,"z":0.321409136}},{"recID":124,"timestamp":0,"world2head":{"data":[0.9747482,0.056702137,-0.215987936,0.006689951,0.0998006761,0.7546366,0.6485086,-0.208635211,0.199764237,-0.6536884,0.729921758,-0.251242161,0.0,0.0,0.0,1.0]},"headPose":{"x":0.06449011,"y":-0.00716963876,"z":0.3201338}},{"recID":125,"timestamp":0,"world2head":{"data":[0.9744257,0.06176647,-0.216054276,0.00675390661,0.09480573,0.758714557,0.6444874,-0.206455514,0.203731254,-0.6484883,0.7334552,-0.2493072,0.0,0.0,0.0,1.0]},"headPose":{"x":0.06378365,"y":-0.005449139,"z":0.317372859}},{"recID":126,"timestamp":0,"world2head":{"data":[0.9744478,0.06333992,-0.2154984,0.00652272627,0.09257147,0.7608954,0.6422373,-0.20500645,0.204650983,-0.6457757,0.7355894,-0.248523861,0.0,0.0,0.0,1.0]},"headPose":{"x":0.0634823442,"y":-0.004915366,"z":0.3158799}},{"recID":127,"timestamp":0,"world2head":{"data":[0.974535167,0.06501396,-0.214602977,0.006119624,0.090480864,0.7616603,0.641628265,-0.20394364,0.20516935,-0.6447067,0.7363822,-0.247552335,0.0,0.0,0.0,1.0]},"headPose":{"x":0.06327936,"y":-0.00466077,"z":0.314462423}},{"recID":128,"timestamp":0,"world2head":{"data":[0.9748116,0.06616763,-0.2129887,0.00538596138,0.08838705,0.7621734,0.641310751,-0.202807412,0.20476833,-0.6439826,0.7371271,-0.246429428,0.0,0.0,0.0,1.0]},"headPose":{"x":0.0631362,"y":-0.00447823433,"z":0.3128595}},{"recID":129,"timestamp":0,"world2head":{"data":[0.9749797,0.06692674,-0.2119797,0.00467585027,0.08720208,0.762014031,0.6416623,-0.201958984,0.204475865,-0.644092739,0.737112045,-0.2450223,0.0,0.0,0.0,1.0]},"headPose":{"x":0.06315353,"y":-0.004234458,"z":0.3111895}},{"recID":130,"timestamp":0,"world2head":{"data":[0.9750205,0.0672971159,-0.211674422,0.004198201,0.08705455,0.760965765,0.6429251,-0.201714814,0.204344,-0.645292342,0.7360987,-0.243472,0.0,0.0,0.0,1.0]},"headPose":{"x":0.0632189,"y":-0.003895091,"z":0.3097956}},{"recID":131,"timestamp":0,"world2head":{"data":[0.9748132,0.06729533,-0.21262756,0.00387235358,0.0877164453,0.760865033,0.6429543,-0.199947014,0.20504868,-0.6454113,0.735798359,-0.241536722,0.0,0.0,0.0,1.0]},"headPose":{"x":0.0632906,"y":-0.004018434,"z":0.3071025}},{"recID":132,"timestamp":0,"world2head":{"data":[0.9747038,0.06734229,-0.213113874,0.003703341,0.0883411542,0.759797752,0.6441298,-0.199440077,0.205300629,-0.646662533,0.7346287,-0.240462929,0.0,0.0,0.0,1.0]},"headPose":{"x":0.0633763,"y":-0.004213635,"z":0.3059055}},{"recID":133,"timestamp":0,"world2head":{"data":[0.9746722,0.06712436,-0.213326976,0.00342002884,0.0890788659,0.7584308,0.645637453,-0.198914364,0.205131754,-0.648287833,0.733242035,-0.239114031,0.0,0.0,0.0,1.0]},"headPose":{"x":0.06343554,"y":-0.004381495,"z":0.3044846}},{"recID":134,"timestamp":0,"world2head":{"data":[0.974619448,0.06724334,-0.213530481,0.00304369628,0.08994712,0.755825758,0.648565352,-0.199196577,0.20500353,-0.651310861,0.7305941,-0.237355873,0.0,0.0,0.0,1.0]},"headPose":{"x":0.06360951,"y":-0.004239232,"z":0.303252727}},{"recID":135,"timestamp":0,"world2head":{"data":[0.974560738,0.0675303861,-0.213707671,0.00264517218,0.09015257,0.7548673,0.6496522,-0.1989449,0.2051922,-0.652391851,0.729576,-0.236332417,0.0,0.0,0.0,1.0]},"headPose":{"x":0.06385107,"y":-0.00418296736,"z":0.3022327}},{"recID":136,"timestamp":0,"world2head":{"data":[0.974696159,0.06731696,-0.213156819,0.00163083524,0.09009265,0.75439465,0.6502093,-0.1985961,0.204574466,-0.6529604,0.7292408,-0.234528452,0.0,0.0,0.0,1.0]},"headPose":{"x":0.064281024,"y":-0.003427737,"z":0.300504357}},{"recID":137,"timestamp":0,"world2head":{"data":[0.9747821,0.06664174,-0.212975964,0.0010984987,0.08995382,0.756059766,0.648291647,-0.1978531,0.204225823,-0.651101053,0.7309988,-0.234460786,0.0,0.0,0.0,1.0]},"headPose":{"x":0.0646097958,"y":-0.003142104,"z":0.299891}},{"recID":138,"timestamp":0,"world2head":{"data":[0.9749119,0.0657772,-0.212650269,0.000602245331,0.0898523,0.7577542,0.646324337,-0.196909234,0.203650057,-0.649216354,0.7328334,-0.234361559,0.0,0.0,0.0,1.0]},"headPose":{"x":0.06483335,"y":-0.00298218662,"z":0.299143255}},{"recID":139,"timestamp":0,"world2head":{"data":[0.975183,0.06510098,-0.211612627,-8.787215E-05,0.0890311152,0.759799957,0.6440322,-0.195676729,0.2027104,-0.6468894,0.735148,-0.234598711,0.0,0.0,0.0,1.0]},"headPose":{"x":0.0650626048,"y":-0.003078519,"z":0.2984683}},{"recID":140,"timestamp":0,"world2head":{"data":[0.975728035,0.06366877,-0.209525973,-0.0011279285,0.08853899,0.7604113,0.6433782,-0.1949165,0.200289011,-0.646313369,0.736317456,-0.23438485,0.0,0.0,0.0,1.0]},"headPose":{"x":0.06530297,"y":-0.00319752726,"z":0.297750354}},{"recID":141,"timestamp":0,"world2head":{"data":[0.976653,0.06090784,-0.206007838,-0.00303215161,0.08806379,0.7611716,0.6425439,-0.1945834,0.195943266,-0.645684242,0.738036633,-0.233791068,0.0,0.0,0.0,1.0]},"headPose":{"x":0.0659069,"y":-0.002659186,"z":0.2969501}},{"recID":142,"timestamp":0,"world2head":{"data":[0.9771614,0.05968491,-0.203944415,-0.004064314,0.08690859,0.7635583,0.6398637,-0.1935938,0.193913668,-0.6429746,0.7409326,-0.234441459,0.0,0.0,0.0,1.0]},"headPose":{"x":0.06625786,"y":-0.00267718243,"z":0.296750069}},{"recID":143,"timestamp":0,"world2head":{"data":[0.97776264,0.05850624,-0.201388225,-0.005193766,0.08547269,0.7657448,0.6374397,-0.1925155,0.191506192,-0.6404779,0.743716,-0.23483476,0.0,0.0,0.0,1.0]},"headPose":{"x":0.06650539,"y":-0.00268485071,"z":0.2963214}},{"recID":144,"timestamp":0,"world2head":{"data":[0.9783004,0.057052888,-0.199181676,-0.006205976,0.08473053,0.7671132,0.6358916,-0.192114159,0.189074337,-0.6389697,0.745633,-0.235267833,0.0,0.0,0.0,1.0]},"headPose":{"x":0.06683235,"y":-0.00260164426,"z":0.2963511}},{"recID":145,"timestamp":0,"world2head":{"data":[0.978942156,0.05545274,-0.196461916,-0.007331714,0.08344642,0.76961565,0.63303113,-0.1911671,0.186303467,-0.6360949,0.74878186,-0.235848844,0.0,0.0,0.0,1.0]},"headPose":{"x":0.06706899,"y":-0.00249049673,"z":0.296173662}},{"recID":146,"timestamp":0,"world2head":{"data":[0.9801947,0.0513718277,-0.191257179,-0.009369761,0.08230846,0.7727221,0.629385352,-0.189491034,0.180121332,-0.6326623,0.753189743,-0.236726463,0.0,0.0,0.0,1.0]},"headPose":{"x":0.0674203858,"y":-0