[{"recID":0,"timestamp":0,"world2head":{"data":[0.967357159,0.0472180173,-0.248979181,0.336767018,0.186194181,0.5340446,0.824698865,-0.4076138,0.17190665,-0.8441368,0.5078202,0.143439725,0.0,0.0,0.0,1.0]},"headPose":{"x":-0.2745369,"y":0.3228652,"z":0.347164959}},{"recID":1,"timestamp":0,"world2head":{"data":[0.967311263,0.0486893728,-0.248873949,0.337355524,0.1856978,0.532345057,0.825908661,-0.4066359,0.172699809,-0.845126152,0.5059019,0.146367118,0.0,0.0,0.0,1.0]},"headPose":{"x":-0.27609396,"y":0.323743641,"z":0.345755726}},{"recID":2,"timestamp":0,"world2head":{"data":[0.967311263,0.0486893728,-0.248873949,0.337355524,0.1856978,0.532345057,0.825908661,-0.4066359,0.172699809,-0.845126152,0.5059019,0.146367118,0.0,0.0,0.0,1.0]},"headPose":{"x":-0.27609396,"y":0.323743641,"z":0.345755726}},{"recID":3,"timestamp":0,"world2head":{"data":[0.967311263,0.0486893728,-0.248873949,0.337355524,0.1856978,0.532345057,0.825908661,-0.4066359,0.172699809,-0.845126152,0.5059019,0.146367118,0.0,0.0,0.0,1.0]},"headPose":{"x":-0.27609396,"y":0.323743641,"z":0.345755726}},{"recID":4,"timestamp":0,"world2head":{"data":[0.967311263,0.0486893728,-0.248873949,0.337355524,0.1856978,0.532345057,0.825908661,-0.4066359,0.172699809,-0.845126152,0.5059019,0.146367118,0.0,0.0,0.0,1.0]},"headPose":{"x":-0.27609396,"y":0.323743641,"z":0.345755726}},{"recID":5,"timestamp":0,"world2head":{"data":[0.967311263,0.0486893728,-0.248873949,0.337355524,0.1856978,0.532345057,0.825908661,-0.4066359,0.172699809,-0.845126152,0.5059019,0.146367118,0.0,0.0,0.0,1.0]},"headPose":{"x":-0.27609396,"y":0.323743641,"z":0.345755726}},{"recID":6,"timestamp":0,"world2head":{"data":[0.967311263,0.0486893728,-0.248873949,0.337355524,0.1856978,0.532345057,0.825908661,-0.4066359,0.172699809,-0.845126152,0.5059019,0.146367118,0.0,0.0,0.0,1.0]},"headPose":{"x":-0.27609396,"y":0.323743641,"z":0.345755726}},{"recID":7,"timestamp":0,"world2head":{"data":[0.967311263,0.0486893728,-0.248873949,0.337355524,0.1856978,0.532345057,0.825908661,-0.4066359,0.172699809,-0.845126152,0.5059019,0.146367118,0.0,0.0,0.0,1.0]},"headPose":{"x":-0.27609396,"y":0.323743641,"z":0.345755726}},{"recID":8,"timestamp":0,"world2head":{"data":[0.967311263,0.0486893728,-0.248873949,0.337355524,0.1856978,0.532345057,0.825908661,-0.4066359,0.172699809,-0.845126152,0.5059019,0.146367118,0.0,0.0,0.0,1.0]},"headPose":{"x":-0.27609396,"y":0.323743641,"z":0.345755726}},{"recID":9,"timestamp":0,"world2head":{"data":[0.967311263,0.0486893728,-0.248873949,0.337355524,0.1856978,0.532345057,0.825908661,-0.4066359,0.172699809,-0.845126152,0.5059019,0.146367118,0.0,0.0,0.0,1.0]},"headPose":{"x":-0.27609396,"y":0.323743641,"z":0.345755726}},{"recID":10,"timestamp":0,"world2head":{"data":[0.967311263,0.0486893728,-0.248873949,0.337355524,0.1856978,0.532345057,0.825908661,-0.4066359,0.172699809,-0.845126152,0.5059019,0.146367118,0.0,0.0,0.0,1.0]},"headPose":{"x":-0.27609396,"y":0.323743641,"z":0.345755726}},{"recID":11,"timestamp":0,"world2head":{"data":[0.967311263,0.0486893728,-0.248873949,0.337355524,0.1856978,0.532345057,0.825908661,-0.4066359,0.172699809,-0.845126152,0.5059019,0.146367118,0.0,0.0,0.0,1.0]},"headPose":{"x":-0.27609396,"y":0.323743641,"z":0.345755726}},{"recID":12,"timestamp":0,"world2head":{"data":[0.967311263,0.0486893728,-0.248873949,0.337355524,0.1856978,0.532345057,0.825908661,-0.4066359,0.172699809,-0.845126152,0.5059019,0.146367118,0.0,0.0,0.0,1.0]},"headPose":{"x":-0.27609396,"y":0.323743641,"z":0.345755726}},{"recID":13,"timestamp":0,"world2head":{"data":[0.967311263,0.0486893728,-0.248873949,0.337355524,0.1856978,0.532345057,0.825908661,-0.4066359,0.172699809,-0.845126152,0.5059019,0.146367118,0.0,0.0,0.0,1.0]},"headPose":{"x":-0.27609396,"y":0.323743641,"z":0.345755726}},{"recID":14,"timestamp":0,"world2head":{"data":[0.967255056,0.0487308353,-0.249084249,0.337448269,0.185907647,0.5320934,0.8260235,-0.406500638,0.1727889,-0.845282137,0.5056106,0.146565244,0.0,0.0,0.0,1.0]},"headPose":{"x":-0.276151836,"y":0.323741168,"z":0.345727235}},{"recID":15,"timestamp":0,"world2head":{"data":[0.9667014,0.0483105034,-0.25130567,0.338404953,0.1878718,0.5328113,0.8251159,-0.4058256,0.17376028,-0.844854,0.505993247,0.146621138,0.0,0.0,0.0,1.0]},"headPose":{"x":-0.276370257,"y":0.3237534,"z":0.345706969}},{"recID":16,"timestamp":0,"world2head":{"data":[0.966459334,0.0479356125,-0.252306521,0.338900268,0.188892126,0.532935262,0.824802935,-0.4050577,0.174000487,-0.8447972,0.5060056,0.146687031,0.0,0.0,0.0,1.0]},"headPose":{"x":-0.27654472,"y":0.3235449,"z":0.345375061}},{"recID":17,"timestamp":0,"world2head":{"data":[0.9663827,0.0484856,-0.2524948,0.338988423,0.189049333,0.53159,0.825634539,-0.40478912,0.174255118,-0.845612943,0.5045532,0.1479397,0.0,0.0,0.0,1.0]},"headPose":{"x":-0.2768467,"y":0.3238455,"z":0.345157266}},{"recID":18,"timestamp":0,"world2head":{"data":[0.9662076,0.04851342,-0.2531586,0.339270771,0.189415812,0.5324919,0.824969053,-0.404760927,0.174827,-0.845043659,0.505308568,0.147779822,0.0,0.0,0.0,1.0]},"headPose":{"x":-0.276973784,"y":0.323953122,"z":0.345130146}},{"recID":19,"timestamp":0,"world2head":{"data":[0.965994,0.04930979,-0.253819078,0.3393381,0.18951723,0.5327612,0.824771941,-0.404585928,0.17589429,-0.844827831,0.5052991,0.1484642,0.0,0.0,0.0,1.0]},"headPose":{"x":-0.277236551,"y":0.3242417,"z":0.344802767}},{"recID":20,"timestamp":0,"world2head":{"data":[0.9658352,0.0498059541,-0.254325956,0.3394903,0.189343944,0.534446,0.823721,-0.404732645,0.17694971,-0.843733847,0.5067563,0.148030326,0.0,0.0,0.0,1.0]},"headPose":{"x":-0.277451932,"y":0.3242973,"z":0.344712675}},{"recID":21,"timestamp":0,"world2head":{"data":[0.9657614,0.0501273423,-0.254543066,0.339765668,0.189207658,0.535191655,0.8232682,-0.404388577,0.177497581,-0.843242168,0.507383,0.148320258,0.0,0.0,0.0,1.0]},"headPose":{"x":-0.277945638,"y":0.324463665,"z":0.34415}},{"recID":22,"timestamp":0,"world2head":{"data":[0.965709269,0.05046493,-0.254674047,0.339819849,0.189143464,0.5352044,0.8232746,-0.404176235,0.177849174,-0.8432139,0.507306755,0.148552433,0.0,0.0,0.0,1.0]},"headPose":{"x":-0.2781398,"y":0.324429333,"z":0.343929648}},{"recID":23,"timestamp":0,"world2head":{"data":[0.9658332,0.051160872,-0.2540646,0.3397415,0.188241929,0.535322666,0.8234043,-0.404169917,0.178132623,-0.843096852,0.5074017,0.148799643,0.0,0.0,0.0,1.0]},"headPose":{"x":-0.278557956,"y":0.3244323,"z":0.343610346}},{"recID":24,"timestamp":0,"world2head":{"data":[0.96591,0.05097072,-0.253810525,0.3398732,0.18815951,0.535149,0.823536038,-0.403770924,0.177802667,-0.843218565,0.507315159,0.14872472,0.0,0.0,0.0,1.0]},"headPose":{"x":-0.278757244,"y":0.32416147,"z":0.343333}},{"recID":25,"timestamp":0,"world2head":{"data":[0.9659764,0.0502622053,-0.2536991,0.340408623,0.188899308,0.532900333,0.8248238,-0.4024785,0.1766538,-0.844683945,0.5052747,0.149542168,0.0,0.0,0.0,1.0]},"headPose":{"x":-0.279216021,"y":0.3236871,"z":0.342775315}},{"recID":26,"timestamp":0,"world2head":{"data":[0.9660379,0.0495899469,-0.25359714,0.3409846,0.189542577,0.5310402,0.8258752,-0.401564717,0.1756254,-0.8458943,0.5036056,0.150127351,0.0,0.0,0.0,1.0]},"headPose":{"x":-0.279656649,"y":0.323329449,"z":0.342510074}},{"recID":27,"timestamp":0,"world2head":{"data":[0.966590643,0.0472836122,-0.2519261,0.3418184,0.190430433,0.525419354,0.8292592,-0.399772823,0.171577245,-0.8495286,0.498861253,0.151780665,0.0,0.0,0.0,1.0]},"headPose":{"x":-0.280311644,"y":0.322827965,"z":0.34191072}},{"recID":28,"timestamp":0,"world2head":{"data":[0.9667506,0.0463085622,-0.251493,0.342235118,0.190955237,0.523397446,0.830416441,-0.39903605,0.1700862,-0.8508295,0.4971519,0.152168572,0.0,0.0,0.0,1.0]},"headPose":{"x":-0.280539751,"y":0.322475463,"z":0.341784865}},{"recID":29,"timestamp":0,"world2head":{"data":[0.967156351,0.04431244,-0.250289857,0.34288618,0.191499949,0.520468831,0.8321298,-0.398009241,0.167141765,-0.8527301,0.4948889,0.152691483,0.0,0.0,0.0,1.0]},"headPose":{"x":-0.280926943,"y":0.322161883,"z":0.34145093}},{"recID":30,"timestamp":0,"world2head":{"data":[0.967215359,0.04369019,-0.250171065,0.343188554,0.191721141,0.5204041,0.832119346,-0.397474825,0.1665455,-0.8528017,0.4949665,0.152356833,0.0,0.0,0.0,1.0]},"headPose":{"x":-0.281107277,"y":0.321783721,"z":0.341190815}},{"recID":31,"timestamp":0,"world2head":{"data":[0.967460752,0.04279875,-0.24937515,0.343375,0.192182928,0.5167743,0.8342722,-0.3956517,0.164576486,-0.8550512,0.49173367,0.1534208,0.0,0.0,0.0,1.0]},"headPose":{"x":-0.2814138,"y":0.320949256,"z":0.3402682}},{"recID":32,"timestamp":0,"world2head":{"data":[0.967289567,0.04270836,-0.2500538,0.3434396,0.1932252,0.5146313,0.835355461,-0.395004958,0.164362177,-0.856347263,0.489545166,0.1543363,0.0,0.0,0.0,1.0]},"headPose":{"x":-0.281247675,"y":0.320779622,"z":0.340293318}},{"recID":33,"timestamp":0,"world2head":{"data":[0.9665785,0.04330443,-0.2526871,0.34354496,0.195274726,0.5142741,0.8350988,-0.3934791,0.1661139,-0.8565319,0.48863,0.154634252,0.0,0.0,0.0,1.0]},"headPose":{"x":-0.280913562,"y":0.319928229,"z":0.339844346}},{"recID":34,"timestamp":0,"world2head":{"data":[0.965994656,0.0428064167,-0.254994,0.344214559,0.197543517,0.5141183,0.834661,-0.391815484,0.16682592,-0.8566505,0.4881794,0.154599264,0.0,0.0,0.0,1.0]},"headPose":{"x":-0.280899972,"y":0.319142431,"z":0.339333534}},{"recID":35,"timestamp":0,"world2head":{"data":[0.9649988,0.0419687033,-0.2588745,0.345345378,0.202606753,0.507455468,0.8375199,-0.387442917,0.166516915,-0.8606554,0.481190741,0.157632664,0.0,0.0,0.0,1.0]},"headPose":{"x":-0.281007826,"y":0.317783684,"z":0.3380409}},{"recID":36,"timestamp":0,"world2head":{"data":[0.964746356,0.04123713,-0.25993067,0.345795631,0.204698846,0.503193,0.839580357,-0.385520875,0.165417179,-0.863189638,0.4770124,0.159244731,0.0,0.0,0.0,1.0]},"headPose":{"x":-0.281031221,"y":0.31719017,"z":0.337596953}},{"recID":37,"timestamp":0,"world2head":{"data":[0.9636472,0.03873212,-0.2643556,0.347210646,0.210966408,0.4968205,0.841821,-0.3818103,0.1639428,-0.8669886,0.4705885,0.1620342,0.0,0.0,0.0,1.0]},"headPose":{"x":-0.280603766,"y":0.316724747,"z":0.336951554}},{"recID":38,"timestamp":0,"world2head":{"data":[0.9631414,0.0382135436,-0.266267538,0.3476334,0.213195175,0.4951684,0.8422329,-0.3805097,0.164032,-0.86795634,0.4687702,0.162862644,0.0,0.0,0.0,1.0]},"headPose":{"x":-0.280411929,"y":0.316489667,"z":0.3366961}},{"recID":39,"timestamp":0,"world2head":{"data":[0.9619821,0.0369842723,-0.270596921,0.348582447,0.2180615,0.4925298,0.842534065,-0.3777768,0.164437562,-0.869509459,0.465739965,0.164845273,0.0,0.0,0.0,1.0]},"headPose":{"x":-0.280058235,"y":0.31650874,"z":0.3358401}},{"recID":40,"timestamp":0,"world2head":{"data":[0.961334646,0.0369451568,-0.272893369,0.3489137,0.22015655,0.492186427,0.8421897,-0.3769541,0.165429249,-0.8697054,0.465022147,0.1653825,0.0,0.0,0.0,1.0]},"headPose":{"x":-0.279793024,"y":0.316475123,"z":0.335776627}},{"recID":41,"timestamp":0,"world2head":{"data":[0.960535944,0.03632404,-0.275773942,0.3492801,0.222413048,0.495094419,0.8398893,-0.375787824,0.167042315,-0.868079543,0.467477083,0.164866686,0.0,0.0,0.0,1.0]},"headPose":{"x":-0.2794557,"y":0.316480577,"z":0.3348711}},{"recID":42,"timestamp":0,"world2head":{"data":[0.960090339,0.03581299,-0.2773878,0.349447876,0.224073038,0.4950515,0.8394732,-0.374809444,0.16738528,-0.86812526,0.467269421,0.16522947,0.0,0.0,0.0,1.0]},"headPose":{"x":-0.279173821,"y":0.3164751,"z":0.3343684}},{"recID":43,"timestamp":0,"world2head":{"data":[0.958682239,0.0356527045,-0.282236218,0.3500341,0.2283681,0.495152831,0.838255167,-0.372693121,0.16963613,-0.868074059,0.466552258,0.166281551,0.0,0.0,0.0,1.0]},"headPose":{"x":-0.2786676,"y":0.316405118,"z":0.3336252}},{"recID":44,"timestamp":0,"world2head":{"data":[0.957924366,0.03549716,-0.2848172,0.350431442,0.2305713,0.495796084,0.8372712,-0.371647537,0.170932,-0.8677132,0.4667505,0.166613951,0.0,0.0,0.0,1.0]},"headPose":{"x":-0.278475225,"y":0.3163952,"z":0.333211541}},{"recID":45,"timestamp":0,"world2head":{"data":[0.9565517,0.0358810574,-0.289346665,0.350867033,0.234238014,0.496357441,0.835919738,-0.369532675,0.173613042,-0.867376447,0.466386855,0.1675281,0.0,0.0,0.0,1.0]},"headPose":{"x":-0.2781489,"y":0.3161407,"z":0.33228898}},{"recID":46,"timestamp":0,"world2head":{"data":[0.955832541,0.03672877,-0.291607857,0.350867152,0.235737622,0.496745467,0.835267544,-0.368501723,0.17553325,-0.867118835,0.466147125,0.168110356,0.0,0.0,0.0,1.0]},"headPose":{"x":-0.278009474,"y":0.315936238,"z":0.331748962}},{"recID":47,"timestamp":0,"world2head":{"data":[0.9542697,0.03832367,-0.296480417,0.351034075,0.239482731,0.495609283,0.834876835,-0.36630553,0.178934,-0.867699564,0.463767052,0.170244634,0.0,0.0,0.0,1.0]},"headPose":{"x":-0.2777199,"y":0.315812767,"z":0.3309409}},{"recID":48,"timestamp":0,"world2head":{"data":[0.9534473,0.0397586748,-0.2989273,0.350946873,0.2410253,0.495264471,0.834637642,-0.365378231,0.181232169,-0.867832065,0.462625682,0.171449617,0.0,0.0,0.0,1.0]},"headPose":{"x":-0.2776161,"y":0.3157951,"z":0.330549031}},{"recID":49,"timestamp":0,"world2head":{"data":[0.952338159,0.0421688929,-0.3021156,0.3506333,0.242453933,0.496387482,0.833555937,-0.364670366,0.185116529,-0.8670763,0.462504745,0.172755465,0.0,0.0,0.0,1.0]},"headPose":{"x":-0.277485579,"y":0.316024154,"z":0.3300047}},{"recID":50,"timestamp":0,"world2head":{"data":[0.951911569,0.0427804366,-0.30337137,0.35063228,0.243186861,0.496763885,0.833118141,-0.364366084,0.186345115,-0.866830766,0.462471664,0.17327556,0.0,0.0,0.0,1.0]},"headPose":{"x":-0.277450919,"y":0.31620428,"z":0.329796761}},{"recID":51,"timestamp":0,"world2head":{"data":[0.951345146,0.0438197255,-0.304995537,0.350545049,0.24347648,0.499737084,0.8312534,-0.3641684,0.188842908,-0.8650681,0.4647534,0.173148751,0.0,0.0,0.0,1.0]},"headPose":{"x":-0.277520746,"y":0.316413075,"z":0.329159379}},{"recID":52,"timestamp":0,"world2head":{"data":[0.9511528,0.0434554443,-0.305646867,0.350835562,0.24423179,0.4996674,0.831073642,-0.3638885,0.188836455,-0.8651267,0.464646876,0.1736964,0.0,0.0,0.0,1.0]},"headPose":{"x":-0.2776253,"y":0.316846877,"z":0.328942448}},{"recID":53,"timestamp":0,"world2head":{"data":[0.950973868,0.0437157154,-0.306166,0.350497544,0.243980348,0.5023236,0.829544842,-0.364166617,0.190058589,-0.863573968,0.467030883,0.1730834,0.0,0.0,0.0,1.0]},"headPose":{"x":-0.277360469,"y":0.317077518,"z":0.328567624}},{"recID":54,"timestamp":0,"world2head":{"data":[0.950861335,0.04434634,-0.3064248,0.350230932,0.24391517,0.5022942,0.8295818,-0.364137352,0.190704316,-0.863558948,0.466795385,0.173631966,0.0,0.0,0.0,1.0]},"headPose":{"x":-0.277314782,"y":0.317314029,"z":0.328350544}},{"recID":55,"timestamp":0,"world2head":{"data":[0.9504858,0.045422852,-0.307430446,0.3499618,0.243711054,0.5048678,0.8280782,-0.364276171,0.192825422,-0.862000763,0.468799651,0.173351437,0.0,0.0,0.0,1.0]},"headPose":{"x":-0.277282149,"y":0.3174441,"z":0.327970952}},{"recID":56,"timestamp":0,"world2head":{"data":[0.9503752,0.045477666,-0.307764173,0.34991473,0.243931681,0.505064964,0.8278929,-0.364167243,0.193091556,-0.8618823,0.468907773,0.173510566,0.0,0.0,0.0,1.0]},"headPose":{"x":-0.277221769,"y":0.317560524,"z":0.327822268}},{"recID":57,"timestamp":0,"world2head":{"data":[0.9498615,0.0454837829,-0.309345037,0.350261748,0.245122746,0.5058787,0.827043951,-0.363479078,0.194108158,-0.8614047,0.469365537,0.17372489,0.0,0.0,0.0,1.0]},"headPose":{"x":-0.277324557,"y":0.317592472,"z":0.3274244}},{"recID":58,"timestamp":0,"world2head":{"data":[0.949748635,0.045482032,-0.3096917,0.3503005,0.2455988,0.5051092,0.827373,-0.363017231,0.194058746,-0.861856341,0.4685564,0.174364746,0.0,0.0,0.0,1.0]},"headPose":{"x":-0.277377784,"y":0.317708224,"z":0.32713604}},{"recID":59,"timestamp":0,"world2head":{"data":[0.94970113,0.045915328,-0.309773326,0.350082964,0.245257914,0.506024837,0.8269145,-0.3636188,0.194721043,-0.861296,0.469311237,0.174527228,0.0,0.0,0.0,1.0]},"headPose":{"x":-0.277277946,"y":0.3182455,"z":0.32722038}},{"recID":60,"timestamp":0,"world2head":{"data":[0.949708,0.04658369,-0.3096525,0.349621773,0.244396776,0.507956862,0.825984359,-0.364196151,0.195767537,-0.8601221,0.471025825,0.174015686,0.0,0.0,0.0,1.0]},"headPose":{"x":-0.277096868,"y":0.3183839,"z":0.327115685}},{"recID":61,"timestamp":0,"world2head":{"data":[0.9494116,0.0480232462,-0.310340822,0.3491553,0.24396506,0.5094584,0.825186849,-0.36466065,0.197733924,-0.8591542,0.471969724,0.174378663,0.0,0.0,0.0,1.0]},"headPose":{"x":-0.2770082,"y":0.318829954,"z":0.3269688}},{"recID":62,"timestamp":0,"world2head":{"data":[0.9494788,0.0490628928,-0.309972376,0.348669529,0.24278222,0.5110415,0.82455647,-0.365475744,0.198863879,-0.858154655,0.473311484,0.174127609,0.0,0.0,0.0,1.0]},"headPose":{"x":-0.276951,"y":0.319094956,"z":0.3270167}},{"recID":63,"timestamp":0,"world2head":{"data":[0.949311733,0.04964529,-0.310391068,0.3484462,0.242313579,0.513415,0.8232188,-0.3659615,0.200228378,-0.8567033,0.475361168,0.173649713,0.0,0.0,0.0,1.0]},"headPose":{"x":-0.276876181,"y":0.319357663,"z":0.326874673}},{"recID":64,"timestamp":0,"world2head":{"data":[0.9492276,0.049207285,-0.31071797,0.348753631,0.242684886,0.51394105,0.822781146,-0.365947962,0.20017758,-0.856413066,0.47590518,0.173411787,0.0,0.0,0.0,1.0]},"headPose":{"x":-0.276949644,"y":0.319426537,"z":0.326931477}},{"recID":65,"timestamp":0,"world2head":{"data":[0.94953984,0.0482547656,-0.309912175,0.3489401,0.2421504,0.5152094,0.8221451,-0.3663366,0.199342087,-0.8557049,0.4775269,0.172619909,0.0,0.0,0.0,1.0]},"headPose":{"x":-0.277034372,"y":0.3196137,"z":0.326892}},{"recID":66,"timestamp":0,"world2head":{"data":[0.9497093,0.0477254,-0.309474677,0.348967224,0.242089033,0.514943957,0.8223294,-0.3659306,0.19860813,-0.8558943,0.4774933,0.172418475,0.0,0.0,0.0,1.0]},"headPose":{"x":-0.277073324,"y":0.3193511,"z":0.326583356}},{"recID":67,"timestamp":0,"world2head":{"data":[0.949679732,0.0470802039,-0.309664071,0.3491519,0.2431715,0.512315631,0.823650539,-0.3653632,0.1974234,-0.857505739,0.475087285,0.173423082,0.0,0.0,0.0,1.0]},"headPose":{"x":-0.27697432,"y":0.319454461,"z":0.326660335}},{"recID":68,"timestamp":0,"world2head":{"data":[0.9496482,0.04719486,-0.3097434,0.349145472,0.243190676,0.512292,0.823659658,-0.365282953,0.1975516,-0.857513547,0.475019872,0.173579827,0.0,0.0,0.0,1.0]},"headPose":{"x":-0.2770229,"y":0.319500744,"z":0.326560438}},{"recID":69,"timestamp":0,"world2head":{"data":[0.949607,0.04796367,-0.309751451,0.348791033,0.243043,0.5113621,0.8242809,-0.365389079,0.197930709,-0.858025849,0.473935843,0.17437391,0.0,0.0,0.0,1.0]},"headPose":{"x":-0.2769231,"y":0.319734126,"z":0.3265797}},{"recID":70,"timestamp":0,"world2head":{"data":[0.9494199,0.0487705767,-0.3101988,0.3485827,0.24279803,0.5124248,0.8236929,-0.365817368,0.199125558,-0.857346058,0.474664927,0.174365625,0.0,0.0,0.0,1.0]},"headPose":{"x":-0.27685228,"y":0.319944978,"z":0.326685816}},{"recID":71,"timestamp":0,"world2head":{"data":[0.949058,0.05085022,-0.31097132,0.348069966,0.242211521,0.5135241,0.823180735,-0.366244167,0.201550186,-0.8565671,0.475047648,0.174544677,0.0,0.0,0.0,1.0]},"headPose":{"x":-0.276809543,"y":0.319885015,"z":0.3268079}},{"recID":72,"timestamp":0,"world2head":{"data":[0.9489589,0.05144219,-0.311176449,0.3480066,0.242120072,0.5134591,0.823248267,-0.366124481,0.202126071,-0.85657084,0.474796355,0.174811408,0.0,0.0,0.0,1.0]},"headPose":{"x":-0.276931822,"y":0.319826037,"z":0.326702952}},{"recID":73,"timestamp":0,"world2head":{"data":[0.9488683,0.0517889336,-0.311395049,0.348201931,0.24234128,0.512619734,0.8237061,-0.366406173,0.202286124,-0.8570525,0.473858058,0.175453991,0.0,0.0,0.0,1.0]},"headPose":{"x":-0.277094334,"y":0.3201673,"z":0.327099055}},{"recID":74,"timestamp":0,"world2head":{"data":[0.949040532,0.0520320237,-0.310829133,0.348019749,0.2415989,0.5131891,0.823569655,-0.366685629,0.202366143,-0.856696963,0.474466383,0.175128013,0.0,0.0,0.0,1.0]},"headPose":{"x":-0.277133971,"y":0.320102483,"z":0.327073455}},{"recID":75,"timestamp":0,"world2head":{"data":[0.949204,0.0522757471,-0.3102885,0.348045439,0.240896642,0.513679862,0.8234694,-0.367259771,0.202436447,-0.856388,0.474993944,0.174963862,0.0,0.0,0.0,1.0]},"headPose":{"x":-0.27731356,"y":0.320296526,"z":0.3273149}},{"recID":76,"timestamp":0,"world2head":{"data":[0.949388146,0.0520603061,-0.309761018,0.3480401,0.2405015,0.5138546,0.8234759,-0.367367476,0.20204255,-0.856296241,0.4753269,0.174868882,0.0,0.0,0.0,1.0]},"headPose":{"x":-0.277403653,"y":0.32039392,"z":0.3272076}},{"recID":77,"timestamp":0,"world2head":{"data":[0.949410558,0.0519898981,-0.3097041,0.3480246,0.2402036,0.515050769,0.8228152,-0.3680544,0.2022914,-0.8555815,0.476506472,0.174417779,0.0,0.0,0.0,1.0]},"headPose":{"x":-0.277293473,"y":0.320701569,"z":0.327514231}},{"recID":78,"timestamp":0,"world2head":{"data":[0.949201941,0.0525418073,-0.310249925,0.347958684,0.240132973,0.516218,0.8221041,-0.368455559,0.203351438,-0.8548441,0.47737813,0.174314484,0.0,0.0,0.0,1.0]},"headPose":{"x":-0.27725184,"y":0.3209327,"z":0.327649057}},{"recID":79,"timestamp":0,"world2head":{"data":[0.9488541,0.05397135,-0.3110675,0.347721636,0.239569008,0.518635035,0.820746243,-0.369055033,0.205627292,-0.8532906,0.479179084,0.174098492,0.0,0.0,0.0,1.0]},"headPose":{"x":-0.277322352,"y":0.32119444,"z":0.32764107}},{"recID":80,"timestamp":0,"world2head":{"data":[0.948603,0.0550887063,-0.311636955,0.3475026,0.239393592,0.5191523,0.820470333,-0.36926654,0.206985682,-0.852904558,0.479281485,0.174396023,0.0,0.0,0.0,1.0]},"headPose":{"x":-0.277339458,"y":0.321305245,"z":0.3276821}},{"recID":81,"timestamp":0,"world2head":{"data":[0.948074,0.05775042,-0.312762827,0.3468895,0.238707229,0.5206436,0.819725156,-0.3698497,0.210177451,-0.8518188,0.479823232,0.174918771,0.0,0.0,0.0,1.0]},"headPose":{"x":-0.2773551,"y":0.3215259,"z":0.32773906}},{"recID":82,"timestamp":0,"world2head":{"data":[0.947800756,0.0590830669,-0.313341558,0.346636355,0.238422036,0.521194,0.8194582,-0.370048523,0.211727843,-0.85139066,0.4799013,0.17522943,0.0,0.0,0.0,1.0]},"headPose":{"x":-0.277415425,"y":0.321575433,"z":0.3277621}},{"recID":83,"timestamp":0,"world2head":{"data":[0.9475223,0.06216745,-0.31358698,0.345824838,0.2370996,0.521321058,0.8197611,-0.370604932,0.214441985,-0.851093233,0.47922343,0.176086575,0.0,0.0,0.0,1.0]},"headPose":{"x":-0.277566761,"y":0.321571141,"z":0.327868819}},{"recID":84,"timestamp":0,"world2head":{"data":[0.947443664,0.0634758,-0.3135623,0.345527351,0.236334011,0.5217432,0.8197136,-0.37127468,0.215631,-0.8507379,0.479320824,0.1762252,0.0,0.0,0.0,1.0]},"headPose":{"x":-0.2776225,"y":0.3216988,"z":0.3282148}},{"recID":85,"timestamp":0,"world2head":{"data":[0.94774127,0.06626295,-0.312082946,0.344418675,0.233246773,0.5234953,0.8194807,-0.3730892,0.217675164,-0.849448,0.4806825,0.175711378,0.0,0.0,0.0,1.0]},"headPose":{"x":-0.277645916,"y":0.3217459,"z":0.328765184}},{"recID":86,"timestamp":0,"world2head":{"data":[0.947780848,0.06835519,-0.311510831,0.343610257,0.230720565,0.5273863,0.8176991,-0.374888629,0.2201805,-0.8468715,0.484075665,0.174111933,0.0,0.0,0.0,1.0]},"headPose":{"x":-0.277508765,"y":0.321674,"z":0.329301029}},{"recID":87,"timestamp":0,"world2head":{"data":[0.9480842,0.07051355,-0.310103685,0.342847854,0.227298051,0.5317441,0.8158332,-0.376523226,0.222423121,-0.843964458,0.4881106,0.172596186,0.0,0.0,0.0,1.0]},"headPose":{"x":-0.277854979,"y":0.321703643,"z":0.329252452}},{"recID":88,"timestamp":0,"world2head":{"data":[0.948082864,0.07090751,-0.310017824,0.342860639,0.226672679,0.5330894,0.8151289,-0.377180934,0.223065972,-0.8430823,0.489340127,0.1718405,0.0,0.0,0.0,1.0]},"headPose":{"x":-0.277895451,"y":0.321635485,"z":0.3296556}},{"recID":89,"timestamp":0,"world2head":{"data":[0.9487243,0.0733573139,-0.3074749,0.341555655,0.222881168,0.534525037,0.8152343,-0.37752828,0.224156439,-0.841963053,0.490766943,0.171584159,0.0,0.0,0.0,1.0]},"headPose":{"x":-0.27835995,"y":0.3212102,"z":0.328585982}},{"recID":90,"timestamp":0,"world2head":{"data":[0.949122369,0.07443414,-0.30598408,0.340692639,0.2220808,0.5306808,0.817959666,-0.3782362,0.223264,-0.844297051,0.4871506,0.17358689,0.0,0.0,0.0,1.0]},"headPose":{"x":-0.27811572,"y":0.3219224,"z":0.329065531}},{"recID":91,"timestamp":0,"world2head":{"data":[0.9483392,0.07621941,-0.30796653,0.340537727,0.220732123,0.538733542,0.8130459,-0.38029933,0.227881789,-0.8390214,0.49407804,0.170802325,0.0,0.0,0.0,1.0]},"headPose":{"x":-0.2779237,"y":0.322231174,"z":0.329685271}},{"recID":92,"timestamp":0,"world2head":{"data":[0.947668552,0.07668176,-0.309910119,0.341158479,0.222303063,0.5382292,0.812951863,-0.379300028,0.22914128,-0.839302838,0.4930163,0.1719177,0.0,0.0,0.0,1.0]},"headPose":{"x":-0.278379023,"y":0.3222807,"z":0.329322875}},{"recID":93,"timestamp":0,"world2head":{"data":[0.9477986,0.0752416,-0.309865236,0.3424214,0.223263055,0.537223935,0.8133536,-0.379193574,0.227665067,-0.840076864,0.492381454,0.172656015,0.0,0.0,0.0,1.0]},"headPose":{"x":-0.279194385,"y":0.322991848,"z":0.329510331}},{"recID":94,"timestamp":0,"world2head":{"data":[0.948254347,0.07397963,-0.308772951,0.342818439,0.222788945,0.5378622,0.8130617,-0.379488,0.226227313,-0.83978045,0.493548334,0.172075436,0.0,0.0,0.0,1.0]},"headPose":{"x":-0.2794615,"y":0.323256254,"z":0.329472661}},{"recID":95,"timestamp":0,"world2head":{"data":[0.949325,0.07177118,-0.30599165,0.343273133,0.221097171,0.5394479,0.8124729,-0.380464882,0.2233787,-0.838954747,0.49624294,0.170313627,0.0,0.0,0.0,1.0]},"headPose":{"x":-0.2798025,"y":0.3234892,"z":0.329639137}},{"recID":96,"timestamp":0,"world2head":{"data":[0.949661434,0.07006209,-0.305343151,0.343822449,0.221245527,0.5400613,0.812024832,-0.380600154,0.22179617,-0.838704467,0.497374475,0.169579789,0.0,0.0,0.0,1.0]},"headPose":{"x":-0.279921,"y":0.3236858,"z":0.3296959}},{"recID":97,"timestamp":0,"world2head":{"data":[0.9498632,0.06747191,-0.305299044,0.345179081,0.221794859,0.542829037,0.810027,-0.380565941,0.220379233,-0.8371285,0.5006484,0.16762203,0.0,0.0,0.0,1.0]},"headPose":{"x":-0.28040573,"y":0.323613524,"z":0.329731822}},{"recID":98,"timestamp":0,"world2head":{"data":[0.950085938,0.06677706,-0.304758161,0.345499456,0.2218287,0.542292356,0.8103771,-0.3800967,0.219382629,-0.837532043,0.5004113,0.1676731,0.0,0.0,0.0,1.0]},"headPose":{"x":-0.28072235,"y":0.323483676,"z":0.329409927}},{"recID":99,"timestamp":0,"world2head":{"data":[0.9504631,0.0658240244,-0.303787857,0.346009374,0.221599638,0.5418596,0.8107292,-0.38021,0.217975825,-0.837887466,0.500430942,0.167404711,0.0,0.0,0.0,1.0]},"headPose":{"x":-0.281104952,"y":0.323511,"z":0.329586267}},{"recID":100,"timestamp":0,"world2head":{"data":[0.9506808,0.06601521,-0.303064317,0.3459809,0.220946252,0.541624069,0.811064839,-0.3804151,0.217689544,-0.838024735,0.5003258,0.167525738,0.0,0.0,0.0,1.0]},"headPose":{"x":-0.281334728,"y":0.323592663,"z":0.32957834}},{"recID":101,"timestamp":0,"world2head":{"data":[0.9510207,0.06503819,-0.302208,0.346465647,0.220758036,0.541451931,0.811230958,-0.380266,0.2163921,-0.8382123,0.5005743,0.167272747,0.0,0.0,0.0,1.0]},"headPose":{"x":-0.2817457,"y":0.323572338,"z":0.329455853}},{"recID":102,"timestamp":0,"world2head":{"data":[0.950978935,0.06558758,-0.302220643,0.3462894,0.22110796,0.53905344,0.8127317,-0.3797633,0.216218188,-0.8397141,0.4981265,0.168644309,0.0,0.0,0.0,1.0]},"headPose":{"x":-0.281809181,"y":0.323613346,"z":0.329295218}},{"recID":103,"timestamp":0,"world2head":{"data":[0.950683,0.06604609,-0.303050667,0.34680894,0.221613646,0.5389427,0.8126673,-0.3796242,0.21700044,-0.839749157,0.497726977,0.169189274,0.0,0.0,0.0,1.0]},"headPose":{"x":-0.282289624,"y":0.3237669,"z":0.3293988}},{"recID":104,"timestamp":0,"world2head":{"data":[0.950676,0.06595539,-0.30309245,0.347099125,0.221838683,0.5383873,0.812974036,-0.379333138,0.216801152,-0.8401125,0.497200429,0.169602185,0.0,0.0,0.0,1.0]},"headPose":{"x":-0.282597959,"y":0.323819965,"z":0.32926476}},{"recID":105,"timestamp":0,"world2head":{"data":[0.95082283,0.06634024,-0.3025473,0.347033471,0.221614778,0.5366912,0.8141557,-0.3792793,0.216385752,-0.841166854,0.49559623,0.170629859,0.0,0.0,0.0,1.0]},"headPose":{"x":-0.282835335,"y":0.3240617,"z":0.329222918}},{"recID":106,"timestamp":0,"world2head":{"data":[0.9508592,0.06648283,-0.302401841,0.347101271,0.221530482,0.536254764,0.814466238,-0.37910068,0.216312468,-0.8414339,0.495174825,0.1710954,0.0,0.0,0.0,1.0]},"headPose":{"x":-0.2830721,"y":0.324183673,"z":0.329006553}},{"recID":107,"timestamp":0,"world2head":{"data":[0.9507414,0.0664273351,-0.302783966,0.347418576,0.221948341,0.5360116,0.814512432,-0.3789807,0.216401622,-0.8415931,0.494865,0.171492651,0.0,0.0,0.0,1.0]},"headPose":{"x":-0.2833024,"y":0.324386984,"z":0.329011559}},{"recID":108,"timestamp":0,"world2head":{"data":[0.950763464,0.0663436,-0.302733123,0.347511232,0.221909642,0.5361568,0.814427435,-0.378894567,0.216344476,-0.841507256,0.495036,0.171572208,0.0,0.0,0.0,1.0]},"headPose":{"x":-0.2834393,"y":0.324471,"z":0.328850865}},{"recID":109,"timestamp":0,"world2head":{"data":[0.9506626,0.06629184,-0.303061068,0.34774676,0.222352028,0.5356303,0.8146531,-0.378822237,0.216333523,-0.8418465,0.494463563,0.172022641,0.0,0.0,0.0,1.0]},"headPose":{"x":-0.2835722,"y":0.32467258,"z":0.328938335}},{"recID":110,"timestamp":0,"world2head":{"data":[0.950558364,0.06623046,-0.303401232,0.3479158,0.22254993,0.5361142,0.8142806,-0.3787835,0.2165879,-0.8415432,0.494868279,0.171947762,0.0,0.0,0.0,1.0]},"headPose":{"x":-0.283657849,"y":0.3247301,"z":0.328902662}},{"recID":111,"timestamp":0,"world2head":{"data":[0.9505298,0.06607299,-0.303524971,0.3481226,0.222554326,0.536816835,0.813816547,-0.37881726,0.2167086,-0.8411077,0.49555558,0.17173633,0.0,0.0,0.0,1.0]},"headPose":{"x":-0.283810228,"y":0.3248027,"z":0.328846723}},{"recID":112,"timestamp":0,"world2head":{"data":[0.950486243,0.066367574,-0.303597122,0.348131,0.222461671,0.5368395,0.813827,-0.378706664,0.216994673,-0.8410701,0.4954943,0.171879888,0.0,0.0,0.0,1.0]},"headPose":{"x":-0.283943057,"y":0.32476303,"z":0.328727722}},{"recID":113,"timestamp":0,"world2head":{"data":[0.9507524,0.06618414,-0.302802771,0.348052472,0.222223133,0.535481334,0.8147863,-0.3786322,0.216071159,-0.8419498,0.494402528,0.172358632,0.0,0.0,0.0,1.0]},"headPose":{"x":-0.284012645,"y":0.324832171,"z":0.328681}},{"recID":114,"timestamp":0,"world2head":{"data":[0.9507152,0.06592617,-0.302975953,0.3481503,0.222534418,0.5353524,0.814786,-0.378513843,0.215914652,-0.842052042,0.4942968,0.172307327,0.0,0.0,0.0,1.0]},"headPose":{"x":-0.2839631,"y":0.324777782,"z":0.328718}},{"recID":115,"timestamp":0,"world2head":{"data":[0.9505328,0.06540645,-0.303659976,0.348577946,0.2237005,0.53410846,0.815283,-0.377845258,0.215512142,-0.8428821,0.493056118,0.172939584,0.0,0.0,0.0,1.0]},"headPose":{"x":-0.284081161,"y":0.324778736,"z":0.328631043}},{"recID":116,"timestamp":0,"world2head":{"data":[0.9504351,0.0652139,-0.3040071,0.348773479,0.224077642,0.534175634,0.8151354,-0.377918273,0.215551376,-0.84285444,0.493086278,0.172829434,0.0,0.0,0.0,1.0]},"headPose":{"x":-0.2840571,"y":0.324799865,"z":0.3288643}},{"recID":117,"timestamp":0,"world2head":{"data":[0.9506345,0.0645938143,-0.303515583,0.349019855,0.223861933,0.534588933,0.8149235,-0.377997667,0.2148951,-0.842640042,0.4937386,0.172367349,0.0,0.0,0.0,1.0]},"headPose":{"x":-0.284211934,"y":0.3247725,"z":0.3288678}},{"recID":118,"timestamp":0,"world2head":{"data":[0.9509248,0.06388678,-0.30275476,0.349214971,0.223472759,0.534952164,0.8147921,-0.378241628,0.214013755,-0.842463434,0.494422376,0.171846136,0.0,0.0,0.0,1.0]},"headPose":{"x":-0.284327924,"y":0.324805051,"z":0.328950167}},{"recID":119,"timestamp":0,"world2head":{"data":[0.9513058,0.0626053959,-0.301824152,0.349534631,0.223613217,0.5337884,0.8155164,-0.37797457,0.212165952,-0.8432974,0.4937966,0.171766371,0.0,0.0,0.0,1.0]},"headPose":{"x":-0.2844372,"y":0.324725837,"z":0.3289249}},{"recID":120,"timestamp":0,"world2head":{"data":[0.9514753,0.0617722273,-0.301461339,0.349791229,0.223699808,0.5338709,0.8154388,-0.378166378,0.21131289,-0.8433067,0.494146526,0.1712776,0.0,0.0,0.0,1.0]},"headPose":{"x":-0.284415126,"y":0.3247241,"z":0.3291838}},{"recID":121,"timestamp":0,"world2head":{"data":[0.9515444,0.061186932,-0.301362574,0.349950671,0.224119067,0.5330302,0.815873444,-0.377759933,0.210556149,-0.843880951,0.493488729,0.171420246,0.0,0.0,0.0,1.0]},"headPose":{"x":-0.284424,"y":0.3246033,"z":0.329072356}},{"recID":122,"timestamp":0,"world2head":{"data":[0.9515953,0.06133175,-0.3011725,0.349916756,0.224012583,0.532512367,0.816240847,-0.377913624,0.210439563,-0.844197333,0.492997169,0.171623141,0.0,0.0,0.0,1.0]},"headPose":{"x":-0.284438,"y":0.3246664,"z":0.329244047}},{"recID":123,"timestamp":0,"world2head":{"data":[0.9516432,0.06149558,-0.3009874,0.3498082,0.223863125,0.532145858,0.8165207,-0.3778558,0.2103816,-0.8444164,0.4926464,0.171612874,0.0,0.0,0.0,1.0]},"headPose":{"x":-0.2844088,"y":0.3244755,"z":0.329270482}},{"recID":124,"timestamp":0,"world2head":{"data":[0.9515849,0.0619156063,-0.30108577,0.349728853,0.223843783,0.5317191,0.8168041,-0.377905816,0.210665941,-0.8446546,0.4921164,0.171916813,0.0,0.0,0.0,1.0]},"headPose":{"x":-0.284421861,"y":0.324496329,"z":0.32937026}},{"recID":125,"timestamp":0,"world2head":{"data":[0.9516195,0.06253798,-0.300847679,0.34954074,0.223381057,0.531507254,0.8170685,-0.378052175,0.211000532,-0.844742,0.4918229,0.172100738,0.0,0.0,0.0,1.0]},"headPose":{"x":-0.284493446,"y":0.324458629,"z":0.329409957}},{"recID":126,"timestamp":0,"world2head":{"data":[0.951753139,0.0623785555,-0.300457776,0.349543631,0.223126322,0.531505942,0.81713897,-0.378241271,0.210667029,-0.844754636,0.491944134,0.172010124,0.0,0.0,0.0,1.0]},"headPose":{"x":-0.284520537,"y":0.324539781,"z":0.3294794}},{"recID":127,"timestamp":0,"world2head":{"data":[0.9518624,0.06235549,-0.30011633,0.34943676,0.222774029,0.53178966,0.8170505,-0.378368884,0.21054633,-0.8445777,0.492299378,0.171597511,0.0,0.0,0.0,1.0]},"headPose":{"x":-0.2844542,"y":0.3243508,"z":0.329540819}},{"recID":128,"timestamp":0,"world2head":{"data":[0.951945841,0.0622015074,-0.299883485,0.349470526,0.222722232,0.5315043,0.817250252,-0.378250867,0.210223556,-0.844768643,0.492109656,0.171676055,0.0,0.0,0.0,1.0]},"headPose":{"x":-0.2845225,"y":0.324330926,"z":0.32944262}},{"recID":129,"timestamp":0,"world2head":{"data":[0.952023,0.0618735328,-0.299706131,0.349428535,0.222909719,0.5307964,0.81765914,-0.37810263,0.209674388,-0.845237732,0.491538227,0.171604216,0.0,0.0,0.0,1.0]},"headPose":{"x":-0.2843623,"y":0.3241215,"z":0.3295349}},{"recID":130,"timestamp":0,"world2head":{"data":[0.951928556,0.0619915724,-0.299981743,0.349392682,0.22318086,0.530420244,0.8178293,-0.377969623,0.209814936,-0.845465243,0.491086841,0.1716649,0.0,0.0,0.0,1.0]},"headPose":{"x":-0.28425914,"y":0.32396,"z":0.329623669}},{"recID":131,"timestamp":0,"world2head":{"data":[0.95162195,0.0620867833,-0.300933361,0.349481851,0.224470347,0.528328538,0.8188297,-0.37714085,0.20983021,-0.846767,0.4888324,0.172742575,0.0,0.0,0.0,1.0]},"headPose":{"x":-0.28416425,"y":0.323828727,"z":0.3295427}},{"recID":132,"timestamp":0,"world2head":{"data":[0.9515825,0.0624148846,-0.300990343,0.3494185,0.224602669,0.527335167,0.81943357,-0.3768619,0.209867671,-0.8473618,0.4877844,0.173107788,0.0,0.0,0.0,1.0]},"headPose":{"x":-0.284186035,"y":0.323608518,"z":0.329545557}},{"recID":133,"timestamp":0,"world2head":{"data":[0.9515773,0.06243825,-0.3010019,0.34938398,0.225030929,0.525596857,0.820432246,-0.376191258,0.209432,-0.8484394,0.4860955,0.173512623,0.0,0.0,0.0,1.0]},"headPose":{"x":-0.284150273,"y":0.323124975,"z":0.329460949}},{"recID":134,"timestamp":0,"world2head":{"data":[0.9514974,0.06201549,-0.3013417,0.349606663,0.2259038,0.524089932,0.821156,-0.375758618,0.208854556,-0.84940207,0.484660685,0.174120426,0.0,0.0,0.0,1.0]},"headPose":{"x":-0.284130365,"y":0.323148519,"z":0.3295182}},{"recID":135,"timestamp":0,"world2head":{"data":[0.951534331,0.06180784,-0.3012677,0.349624962,0.226338446,0.522474,0.8220656,-0.375038743,0.20821467,-0.85041213,0.483162463,0.17434293,0.0,0.0,0.0,1.0]},"headPose":{"x":-0.2840952,"y":0.322601765,"z":0.3294012}},{"recID":136,"timestamp":0,"world2head":{"data":[0.951648235,0.0616666526,-0.300936729,0.349648,0.226653412,0.520295,0.8233598,-0.37442857,0.207349747,-0.8517572,0.481160879,0.175064564,0.0,0.0,0.0,1.0]},"headPose":{"x":-0.284175962,"y":0.322364181,"z":0.3292771}},{"recID":137,"timestamp":0,"world2head":{"data":[0.9517242,0.06120974,-0.300789654,0.3496948,0.227659464,0.5165347,0.8254472,-0.37348488,0.2058937,-0.8540757,0.477663636,0.1762851,0.0,0.0,0.0,1.0]},"headPose":{"x":-0.284081638,"y":0.322074,"z":0.3292716}},{"recID":138,"timestamp":0,"world2head":{"data":[0.9516076,0.0611647144,-0.3011675,0.349737376,0.22823748,0.515586734,0.8258802,-0.3733479,0.20579271,-0.85465163,0.476676166,0.176666662,0.0,0.0,0.0,1.0]},"headPose":{"x":-0.283957452,"y":0.32209,"z":0.329457343}},{"recID":139,"timestamp":0,"world2head":{"data":[0.951529741,0.0614629537,-0.30135265,0.349830449,0.2281846,0.5158738,0.8257155,-0.373283744,0.206210822,-0.854456842,0.47684437,0.176586658,0.0,0.0,0.0,1.0]},"headPose":{"x":-0.284110576,"y":0.32195136,"z":0.3294441}},{"recID":140,"timestamp":0,"world2head":{"data":[0.951856554,0.0613468438,-0.300342649,0.349706441,0.2274894,0.5153539,0.8262319,-0.373228759,0.2054695,-0.854778945,0.476587236,0.17671974,0.0,0.0,0.0,1.0]},"headPose":{"x":-0.2842753,"y":0.321947753,"z":0.3291828}},{"recID":141,"timestamp":0,"world2head":{"data":[0.9521256,0.0603120551,-0.2996987,0.3499001,0.227461576,0.5152278,0.826318145,-0.373354673,0.204250082,-0.8549286,0.47684288,0.176165864,0.0,0.0,0.0,1.0]},"headPose":{"x":-0.284206867,"y":0.321868658,"z":0.329370856}},{"recID":142,"timestamp":0,"world2head":{"data":[0.952368,0.060440585,-0.2989014,0.349653631,0.2268476,0.514639854,0.8268531,-0.373486847,0.203802079,-0.855273545,0.476415753,0.1763268,0.0,0.0,0.0,1.0]},"headPose":{"x":-0.284210116,"y":0.321885556,"z":0.329325855}},{"recID":143,"timestamp":0,"world2head":{"data":[0.9526063,0.0596139655,-0.298307419,0.349722862,0.226601392,0.5151895,0.8265782,-0.373729616,0.202960476,-0.855000556,0.477264225,0.17565006,0.0,0.0,0.0,1.0]},"headPose":{"x":-0.284110576,"y":0.3218741,"z":0.3294102}},{"recID":144,"timestamp":0,"world2head":{"data":[0.952611864,0.0596544966,-0.298281729,0.349580437,0.22670877,0.5145602,0.8269407,-0.373446018,0.202814639,-0.855376661,0.4766519,0.175873354,0.0,0.0,0.0,1.0]},"headPose":{"x":-0.284020662,"y":0.321744323,"z":0.3292608}},{"recID":145,"timestamp":0,"world2head":{"data":[0.9525409,0.05943737,-0.298551649,0.349645048,0.227089673,0.5143848,0.8269453,-0.37336126,0.202721909,-0.855497241,0.476474941,0.175967738,0.0,0.0,0.0,1.0]},"headPose":{"x":-0.283937216,"y":0.321809262,"z":0.329292238}},{"recID":146,"timestamp":0,"world2head":{"data":[0.952527642,0.0594960526,-0.298582226,0.349534363,0.227090061,0.514375567,0.826950967,-0.37326926,0.202783734,-0.855498731,0.476445973,0.175905734,0.0,0.0,0.0,1.0]},"headPose":{"x":-0.2838462,"y":0.321691781,"z":0.329230577}},{"recID":147,"timestamp":0,"world2head":{"data":[0.952095,0.0591504127,-0.300027281,0.349834323,0.228627369,0.5138881,0.826830447,-0.3726427,0.203087837,-0.8558156,0.47574693,0.176255316,0.0,0.0,0.0,1.0]},"headPose":{"x":-0.2836745,"y":0.321645826,"z":0.329219222}},{"recID":148,"timestamp":0,"world2head":{"data":[0.9518253,0.05907751,-0.300896,0.3501122,0.229430914,0.5138297,0.8266441,-0.372303724,0.20344536,-0.855855644,0.475521922,0.17630145,0.0,0.0,0.0,1.0]},"headPose":{"x":-0.2836954,"y":0.321505547,"z":0.329274833}},{"recID":149,"timestamp":0,"world2head":{"data":[0.9516133,0.0588468537,-0.301611,0.350355983,0.23037377,0.5129434,0.8269324,-0.3716639,0.203371763,-0.856403053,0.474567,0.176672578,0.0,0.0,0.0,1.0]},"headPose":{"x":-0.283712,"y":0.3213281,"z":0.3291691}},{"recID":150,"timestamp":0,"world2head":{"data":[0.9516791,0.0587498322,-0.301422149,0.350319922,0.230323583,0.512660265,0.827121854,-0.371527731,0.203120425,-0.8565792,0.4743566,0.176786542,0.0,0.0,0.0,1.0]},"headPose":{