[{"recID":0,"timestamp":0,"world2head":{"data":[0.410770774,0.082030654,-0.9080409,-0.210926354,0.8044019,0.436223149,0.40329507,-0.06472496,0.429191,-0.8960917,0.113202095,-0.09299071,0.0,0.0,0.0,1.0]},"headPose":{"x":0.178618044,"y":-0.0377912559,"z":-0.154899761}},{"recID":1,"timestamp":0,"world2head":{"data":[0.410770774,0.082030654,-0.9080409,-0.210926354,0.8044019,0.436223149,0.40329507,-0.06472496,0.429191,-0.8960917,0.113202095,-0.09299071,0.0,0.0,0.0,1.0]},"headPose":{"x":0.178618044,"y":-0.0377912559,"z":-0.154899761}},{"recID":2,"timestamp":0,"world2head":{"data":[0.410770774,0.082030654,-0.9080409,-0.210926354,0.8044019,0.436223149,0.40329507,-0.06472496,0.429191,-0.8960917,0.113202095,-0.09299071,0.0,0.0,0.0,1.0]},"headPose":{"x":0.178618044,"y":-0.0377912559,"z":-0.154899761}},{"recID":3,"timestamp":0,"world2head":{"data":[0.410770774,0.082030654,-0.9080409,-0.210926354,0.8044019,0.436223149,0.40329507,-0.06472496,0.429191,-0.8960917,0.113202095,-0.09299071,0.0,0.0,0.0,1.0]},"headPose":{"x":0.178618044,"y":-0.0377912559,"z":-0.154899761}},{"recID":4,"timestamp":0,"world2head":{"data":[0.410770774,0.082030654,-0.9080409,-0.210926354,0.8044019,0.436223149,0.40329507,-0.06472496,0.429191,-0.8960917,0.113202095,-0.09299071,0.0,0.0,0.0,1.0]},"headPose":{"x":0.178618044,"y":-0.0377912559,"z":-0.154899761}},{"recID":5,"timestamp":0,"world2head":{"data":[0.410770774,0.082030654,-0.9080409,-0.210926354,0.8044019,0.436223149,0.40329507,-0.06472496,0.429191,-0.8960917,0.113202095,-0.09299071,0.0,0.0,0.0,1.0]},"headPose":{"x":0.178618044,"y":-0.0377912559,"z":-0.154899761}},{"recID":6,"timestamp":0,"world2head":{"data":[0.410770774,0.082030654,-0.9080409,-0.210926354,0.8044019,0.436223149,0.40329507,-0.06472496,0.429191,-0.8960917,0.113202095,-0.09299071,0.0,0.0,0.0,1.0]},"headPose":{"x":0.178618044,"y":-0.0377912559,"z":-0.154899761}},{"recID":7,"timestamp":0,"world2head":{"data":[0.410770774,0.082030654,-0.9080409,-0.210926354,0.8044019,0.436223149,0.40329507,-0.06472496,0.429191,-0.8960917,0.113202095,-0.09299071,0.0,0.0,0.0,1.0]},"headPose":{"x":0.178618044,"y":-0.0377912559,"z":-0.154899761}},{"recID":8,"timestamp":0,"world2head":{"data":[0.410770774,0.082030654,-0.9080409,-0.210926354,0.8044019,0.436223149,0.40329507,-0.06472496,0.429191,-0.8960917,0.113202095,-0.09299071,0.0,0.0,0.0,1.0]},"headPose":{"x":0.178618044,"y":-0.0377912559,"z":-0.154899761}},{"recID":9,"timestamp":0,"world2head":{"data":[0.410770774,0.082030654,-0.9080409,-0.210926354,0.8044019,0.436223149,0.40329507,-0.06472496,0.429191,-0.8960917,0.113202095,-0.09299071,0.0,0.0,0.0,1.0]},"headPose":{"x":0.178618044,"y":-0.0377912559,"z":-0.154899761}},{"recID":10,"timestamp":0,"world2head":{"data":[0.410770774,0.082030654,-0.9080409,-0.210926354,0.8044019,0.436223149,0.40329507,-0.06472496,0.429191,-0.8960917,0.113202095,-0.09299071,0.0,0.0,0.0,1.0]},"headPose":{"x":0.178618044,"y":-0.0377912559,"z":-0.154899761}},{"recID":11,"timestamp":0,"world2head":{"data":[0.410770774,0.082030654,-0.9080409,-0.210926354,0.8044019,0.436223149,0.40329507,-0.06472496,0.429191,-0.8960917,0.113202095,-0.09299071,0.0,0.0,0.0,1.0]},"headPose":{"x":0.178618044,"y":-0.0377912559,"z":-0.154899761}},{"recID":12,"timestamp":0,"world2head":{"data":[0.410770774,0.082030654,-0.9080409,-0.210926354,0.8044019,0.436223149,0.40329507,-0.06472496,0.429191,-0.8960917,0.113202095,-0.09299071,0.0,0.0,0.0,1.0]},"headPose":{"x":0.178618044,"y":-0.0377912559,"z":-0.154899761}},{"recID":13,"timestamp":0,"world2head":{"data":[0.410770774,0.082030654,-0.9080409,-0.210926354,0.8044019,0.436223149,0.40329507,-0.06472496,0.429191,-0.8960917,0.113202095,-0.09299071,0.0,0.0,0.0,1.0]},"headPose":{"x":0.178618044,"y":-0.0377912559,"z":-0.154899761}},{"recID":14,"timestamp":0,"world2head":{"data":[0.410770774,0.082030654,-0.9080409,-0.210926354,0.8044019,0.436223149,0.40329507,-0.06472496,0.429191,-0.8960917,0.113202095,-0.09299071,0.0,0.0,0.0,1.0]},"headPose":{"x":0.178618044,"y":-0.0377912559,"z":-0.154899761}},{"recID":15,"timestamp":0,"world2head":{"data":[0.410770774,0.082030654,-0.9080409,-0.210926354,0.8044019,0.436223149,0.40329507,-0.06472496,0.429191,-0.8960917,0.113202095,-0.09299071,0.0,0.0,0.0,1.0]},"headPose":{"x":0.178618044,"y":-0.0377912559,"z":-0.154899761}},{"recID":16,"timestamp":0,"world2head":{"data":[0.410770774,0.082030654,-0.9080409,-0.210926354,0.8044019,0.436223149,0.40329507,-0.06472496,0.429191,-0.8960917,0.113202095,-0.09299071,0.0,0.0,0.0,1.0]},"headPose":{"x":0.178618044,"y":-0.0377912559,"z":-0.154899761}},{"recID":17,"timestamp":0,"world2head":{"data":[0.413668215,0.07991311,-0.9069137,-0.211221069,0.8037492,0.4358319,0.4050156,-0.06463683,0.427627981,-0.8964733,0.116059721,-0.09266868,0.0,0.0,0.0,1.0]},"headPose":{"x":0.178954989,"y":-0.0380248837,"z":-0.154625267}},{"recID":18,"timestamp":0,"world2head":{"data":[0.413668215,0.07991311,-0.9069137,-0.211221069,0.8037492,0.4358319,0.4050156,-0.06463683,0.427627981,-0.8964733,0.116059721,-0.09266868,0.0,0.0,0.0,1.0]},"headPose":{"x":0.178954989,"y":-0.0380248837,"z":-0.154625267}},{"recID":19,"timestamp":0,"world2head":{"data":[0.421941042,0.07465136,-0.903544664,-0.211692646,0.801299334,0.435516477,0.410176724,-0.06421865,0.42412886,-0.897080064,0.123944163,-0.09173554,0.0,0.0,0.0,1.0]},"headPose":{"x":0.179687843,"y":-0.0385227,"z":-0.15356268}},{"recID":20,"timestamp":0,"world2head":{"data":[0.4259488,0.07151869,-0.9019161,-0.21171461,0.7998022,0.436247468,0.4123162,-0.06398788,0.42294687,-0.896980047,0.12861824,-0.09127836,0.0,0.0,0.0,1.0]},"headPose":{"x":0.179963127,"y":-0.0388187766,"z":-0.152825519}},{"recID":21,"timestamp":0,"world2head":{"data":[0.428700447,0.0696664453,-0.900756657,-0.211410314,0.7989448,0.436238766,0.413984418,-0.06364125,0.421785772,-0.897130132,0.131356061,-0.0906763449,0.0,0.0,0.0,1.0]},"headPose":{"x":0.179723531,"y":-0.0388574749,"z":-0.152171865}},{"recID":22,"timestamp":0,"world2head":{"data":[0.4328888,0.06740704,-0.8989236,-0.211225182,0.797584057,0.4360608,0.416786015,-0.06305976,0.420079648,-0.8973891,0.13500309,-0.08998284,0.0,0.0,0.0,1.0]},"headPose":{"x":0.179532453,"y":-0.03901367,"z":-0.151444912}},{"recID":23,"timestamp":0,"world2head":{"data":[0.438187838,0.0641094148,-0.8965943,-0.211145118,0.796099067,0.4354862,0.4202119,-0.0623469278,0.417394,-0.897909641,0.139787316,-0.08884929,0.0,0.0,0.0,1.0]},"headPose":{"x":0.1792407,"y":-0.0390910245,"z":-0.1506926}},{"recID":24,"timestamp":0,"world2head":{"data":[0.443293631,0.0601173639,-0.8943583,-0.211215526,0.7951668,0.4341833,0.423313975,-0.0620444044,0.413764,-0.898816347,0.144667327,-0.08752795,0.0,0.0,0.0,1.0]},"headPose":{"x":0.179182053,"y":-0.03903517,"z":-0.149975657}},{"recID":25,"timestamp":0,"world2head":{"data":[0.45369637,0.0521813035,-0.8896273,-0.210965157,0.7915445,0.4350301,0.429192454,-0.0609171,0.409410417,-0.898902655,0.156067729,-0.08544758,0.0,0.0,0.0,1.0]},"headPose":{"x":0.178915858,"y":-0.0392998457,"z":-0.148199588}},{"recID":26,"timestamp":0,"world2head":{"data":[0.45937413,0.04736802,-0.886979,-0.210724622,0.7899816,0.434739351,0.4323551,-0.0603108853,0.4060845,-0.8993098,0.16228807,-0.0839825347,0.0,0.0,0.0,1.0]},"headPose":{"x":0.178549916,"y":-0.0393251665,"z":-0.1472032}},{"recID":27,"timestamp":0,"world2head":{"data":[0.465045333,0.0425266623,-0.8842649,-0.210606784,0.788266361,0.434746981,0.4354668,-0.0597396269,0.402950466,-0.899548054,0.16865468,-0.0826773047,0.0,0.0,0.0,1.0]},"headPose":{"x":0.17834729,"y":-0.039444156,"z":-0.146273643}},{"recID":28,"timestamp":0,"world2head":{"data":[0.471403122,0.0381871164,-0.88109076,-0.210186809,0.7859384,0.435054481,0.439350069,-0.0588632748,0.4001,-0.899594,0.175073266,-0.0813522562,0.0,0.0,0.0,1.0]},"headPose":{"x":0.177894652,"y":-0.03954883,"z":-0.145089447}},{"recID":29,"timestamp":0,"world2head":{"data":[0.47874707,0.0326389968,-0.8773461,-0.2098089,0.783551335,0.434899926,0.443744719,-0.0580001324,0.3960412,-0.899887145,0.182632685,-0.0794732943,0.0,0.0,0.0,1.0]},"headPose":{"x":0.177366152,"y":-0.03944475,"z":-0.1438233}},{"recID":30,"timestamp":0,"world2head":{"data":[0.492958248,0.02053982,-0.8698105,-0.2094315,0.7787425,0.435421646,0.451628268,-0.0565064549,0.388010681,-0.8999923,0.198649466,-0.07605663,0.0,0.0,0.0,1.0]},"headPose":{"x":0.176755741,"y":-0.03954456,"z":-0.141537189}},{"recID":31,"timestamp":0,"world2head":{"data":[0.4997142,0.015460223,-0.8660524,-0.209052533,0.776257157,0.435639322,0.4556789,-0.0557168946,0.384331346,-0.899988532,0.205694079,-0.07462096,0.0,0.0,0.0,1.0]},"headPose":{"x":0.176396325,"y":-0.0396535546,"z":-0.140312344}},{"recID":32,"timestamp":0,"world2head":{"data":[0.506535947,0.00993076,-0.8621617,-0.208669275,0.773733,0.436005533,0.459604681,-0.055001013,0.380471528,-0.8998893,0.213168681,-0.0729616955,0.0,0.0,0.0,1.0]},"headPose":{"x":0.176014438,"y":-0.03960442,"z":-0.139074773}},{"recID":33,"timestamp":0,"world2head":{"data":[0.513006032,0.005006045,-0.8583705,-0.208338276,0.7709662,0.436976433,0.4633173,-0.0541666746,0.377407134,-0.8994591,0.220312059,-0.0718255341,0.0,0.0,0.0,1.0]},"headPose":{"x":0.1757469,"y":-0.0398915857,"z":-0.137911022}},{"recID":34,"timestamp":0,"world2head":{"data":[0.5195166,0.000303775072,-0.854460359,-0.207888216,0.7683743,0.437266946,0.46733126,-0.0532142147,0.3737692,-0.8993317,0.226934016,-0.07037604,0.0,0.0,0.0,1.0]},"headPose":{"x":0.1751942,"y":-0.03995943,"z":-0.136792839}},{"recID":35,"timestamp":0,"world2head":{"data":[0.5313839,-0.009180605,-0.8470815,-0.207487971,0.763928235,0.437357545,0.474480927,-0.0519922078,0.366121471,-0.8992409,0.23941803,-0.06782759,0.0,0.0,0.0,1.0]},"headPose":{"x":0.174807191,"y":-0.0401590057,"z":-0.13485074}},{"recID":36,"timestamp":0,"world2head":{"data":[0.535961866,-0.0125038028,-0.8441497,-0.2072981,0.76214236,0.437277734,0.4774173,-0.0513488278,0.363158375,-0.8992396,0.243893862,-0.06694913,0.0,0.0,0.0,1.0]},"headPose":{"x":0.174552113,"y":-0.0403416045,"z":-0.1341473}},{"recID":37,"timestamp":0,"world2head":{"data":[0.5396726,-0.0146459639,-0.8417475,-0.206913143,0.760768533,0.436670363,0.480156451,-0.0509710163,0.360533834,-0.8995024,0.246801257,-0.0664853752,0.0,0.0,0.0,1.0]},"headPose":{"x":0.174412742,"y":-0.04057667,"z":-0.13328591}},{"recID":38,"timestamp":0,"world2head":{"data":[0.5429648,-0.0164034069,-0.8395953,-0.2065108,0.75977993,0.4354294,0.4828413,-0.0506064072,0.357664257,-0.900073469,0.248885751,-0.06576292,0.0,0.0,0.0,1.0]},"headPose":{"x":0.174098864,"y":-0.0405434,"z":-0.132583156}},{"recID":39,"timestamp":0,"world2head":{"data":[0.545470536,-0.01826787,-0.8379309,-0.206376135,0.7587216,0.4355299,0.484412432,-0.0506023765,0.356094837,-0.899989,0.251428962,-0.06551603,0.0,0.0,0.0,1.0]},"headPose":{"x":0.174295127,"y":-0.04069489,"z":-0.131943882}},{"recID":40,"timestamp":0,"world2head":{"data":[0.548897743,-0.0189016759,-0.8356757,-0.20616731,0.7569412,0.4353671,0.487335116,-0.0501718149,0.354614258,-0.9000546,0.253279448,-0.0654907,0.0,0.0,0.0,1.0]},"headPose":{"x":0.174365833,"y":-0.0409989543,"z":-0.1312511}},{"recID":41,"timestamp":0,"world2head":{"data":[0.5488401,-0.0165553689,-0.835763454,-0.205933869,0.7564132,0.435420871,0.4881063,-0.05014901,0.355828166,-0.9000748,0.251499057,-0.06617576,0.0,0.0,0.0,1.0]},"headPose":{"x":0.174505323,"y":-0.04113649,"z":-0.1309908}},{"recID":42,"timestamp":0,"world2head":{"data":[0.549651861,-0.014985621,-0.835259438,-0.205851585,0.7557105,0.4350788,0.489498,-0.05004204,0.356068343,-0.9002677,0.2504666,-0.0665398538,0.0,0.0,0.0,1.0]},"headPose":{"x":0.174656719,"y":-0.0412162356,"z":-0.130777985}},{"recID":43,"timestamp":0,"world2head":{"data":[0.5494847,-0.0121349394,-0.8354156,-0.205749318,0.755355239,0.43455106,0.490513861,-0.0501048937,0.3570784,-0.900565445,0.247945368,-0.06729069,0.0,0.0,0.0,1.0]},"headPose":{"x":0.174931169,"y":-0.0413232855,"z":-0.130624637}},{"recID":44,"timestamp":0,"world2head":{"data":[0.5490206,-0.008761883,-0.8357629,-0.205659628,0.7546057,0.43513906,0.491145849,-0.05008672,0.3593698,-0.900320649,0.245512068,-0.0683565661,0.0,0.0,0.0,1.0]},"headPose":{"x":0.175272375,"y":-0.04155008,"z":-0.130500436}},{"recID":45,"timestamp":0,"world2head":{"data":[0.5469842,-0.00309872627,-0.8371373,-0.205429018,0.75491035,0.434039176,0.49165076,-0.04998836,0.361826956,-0.900888741,0.239751816,-0.07003315,0.0,0.0,0.0,1.0]},"headPose":{"x":0.175443023,"y":-0.0420317054,"z":-0.130604878}},{"recID":46,"timestamp":0,"world2head":{"data":[0.5455817,-9.572506E-05,-0.8380577,-0.205502972,0.755844653,0.432000041,0.49201113,-0.05001747,0.361993849,-0.901873648,0.235763669,-0.07081418,0.0,0.0,0.0,1.0]},"headPose":{"x":0.175558388,"y":-0.04227756,"z":-0.130918771}},{"recID":47,"timestamp":0,"world2head":{"data":[0.543863535,0.00380906463,-0.8391651,-0.205413535,0.7569654,0.429428279,0.492539167,-0.0502657443,0.362237364,-0.903093,0.230667055,-0.07169526,0.0,0.0,0.0,1.0]},"headPose":{"x":0.175737053,"y":-0.0423795059,"z":-0.13108027}},{"recID":48,"timestamp":0,"world2head":{"data":[0.542605639,0.00699001551,-0.839958549,-0.205447644,0.7577038,0.427561045,0.493027955,-0.0505848676,0.362579852,-0.9039595,0.226700664,-0.07235578,0.0,0.0,0.0,1.0]},"headPose":{"x":0.176040128,"y":-0.04234248,"z":-0.131224617}},{"recID":49,"timestamp":0,"world2head":{"data":[0.5414149,0.0101187229,-0.840694666,-0.20555824,0.7581826,0.426273,0.49340713,-0.0506557226,0.36335814,-0.904538035,0.223118722,-0.07306519,0.0,0.0,0.0,1.0]},"headPose":{"x":0.1762474,"y":-0.04241708,"z":-0.1315156}},{"recID":50,"timestamp":0,"world2head":{"data":[0.537537158,0.0166305,-0.84307605,-0.205824584,0.759525537,0.424760938,0.492645085,-0.05139587,0.366298735,-0.905152857,0.215693474,-0.07474694,0.0,0.0,0.0,1.0]},"headPose":{"x":0.177054554,"y":-0.0424034521,"z":-0.132083416}},{"recID":51,"timestamp":0,"world2head":{"data":[0.535168767,0.0203054249,-0.844501138,-0.20592162,0.7600634,0.424695432,0.491871268,-0.0516567081,0.3686434,-0.9051086,0.211850286,-0.07581463,0.0,0.0,0.0,1.0]},"headPose":{"x":0.177413762,"y":-0.0425007679,"z":-0.132431224}},{"recID":52,"timestamp":0,"world2head":{"data":[0.532951832,0.0239616036,-0.845806241,-0.206158146,0.7606026,0.424405932,0.491287529,-0.05191008,0.370737284,-0.905155,0.207962632,-0.07678401,0.0,0.0,0.0,1.0]},"headPose":{"x":0.177821979,"y":-0.0425305776,"z":-0.132898867}},{"recID":53,"timestamp":0,"world2head":{"data":[0.529597044,0.0281627774,-0.8477817,-0.206364319,0.7617672,0.423867822,0.48994565,-0.05247259,0.37314564,-0.9052861,0.2030257,-0.07808187,0.0,0.0,0.0,1.0]},"headPose":{"x":0.178397745,"y":-0.0426332,"z":-0.133390546}},{"recID":54,"timestamp":0,"world2head":{"data":[0.526170135,0.0327987373,-0.8497466,-0.206570387,0.762812,0.4234454,0.4886838,-0.0527871847,0.3758495,-0.9053277,0.19778502,-0.07959555,0.0,0.0,0.0,1.0]},"headPose":{"x":0.1788738,"y":-0.04293232,"z":-0.133993417}},{"recID":55,"timestamp":0,"world2head":{"data":[0.51692,0.0436524451,-0.85492,-0.206726655,0.7662033,0.421767831,0.484813929,-0.0538555831,0.381741136,-0.9056525,0.184573531,-0.08280274,0.0,0.0,0.0,1.0]},"headPose":{"x":0.179734677,"y":-0.0432518,"z":-0.135341614}},{"recID":56,"timestamp":0,"world2head":{"data":[0.5128038,0.0498741269,-0.857056,-0.206753492,0.7678201,0.4199326,0.483848184,-0.05402392,0.384037375,-0.906183958,0.177048624,-0.0842576,0.0,0.0,0.0,1.0]},"headPose":{"x":0.179862678,"y":-0.04335478,"z":-0.136142239}},{"recID":57,"timestamp":0,"world2head":{"data":[0.5090833,0.05601877,-0.8588924,-0.206750453,0.7694159,0.417649627,0.483288765,-0.05453687,0.385789335,-0.906879663,0.169516683,-0.08571994,0.0,0.0,0.0,1.0]},"headPose":{"x":0.180284575,"y":-0.04337846,"z":-0.136688367}},{"recID":58,"timestamp":0,"world2head":{"data":[0.505022466,0.0619004369,-0.860883653,-0.206743568,0.770654738,0.416785181,0.482059538,-0.0551249236,0.388643324,-0.906895,0.162781954,-0.08719647,0.0,0.0,0.0,1.0]},"headPose":{"x":0.180780739,"y":-0.043305248,"z":-0.137214646}},{"recID":59,"timestamp":0,"world2head":{"data":[0.501113951,0.0678016543,-0.8627211,-0.206701145,0.772154868,0.4150797,0.481129527,-0.0555721372,0.3907194,-0.907255054,0.155648828,-0.08853549,0.0,0.0,0.0,1.0]},"headPose":{"x":0.181083664,"y":-0.04324272,"z":-0.137807608}},{"recID":60,"timestamp":0,"world2head":{"data":[0.49482733,0.0783880055,-0.8654485,-0.2066083,0.773826241,0.413403928,0.479885519,-0.0563398,0.395397037,-0.907167256,0.143904865,-0.09113953,0.0,0.0,0.0,1.0]},"headPose":{"x":0.181868955,"y":-0.0431921147,"z":-0.1386568}},{"recID":61,"timestamp":0,"world2head":{"data":[0.492629349,0.08265135,-0.8663055,-0.206618071,0.7739774,0.413480937,0.479575485,-0.0566256866,0.397838444,-0.9067538,0.139722586,-0.0921255946,0.0,0.0,0.0,1.0]},"headPose":{"x":0.182264224,"y":-0.04304429,"z":-0.138966039}},{"recID":62,"timestamp":0,"world2head":{"data":[0.490630746,0.0855974853,-0.867153049,-0.206620336,0.77420485,0.413846672,0.478892237,-0.05673787,0.399860352,-0.9063134,0.136775911,-0.09290629,0.0,0.0,0.0,1.0]},"headPose":{"x":0.182450563,"y":-0.0430352762,"z":-0.1392928}},{"recID":63,"timestamp":0,"world2head":{"data":[0.488724,0.08724254,-0.8680655,-0.206600755,0.7746608,0.414286137,0.4777736,-0.05686424,0.401309729,-0.905955732,0.134888232,-0.0934279561,0.0,0.0,0.0,1.0]},"headPose":{"x":0.182514787,"y":-0.04305914,"z":-0.139572412}},{"recID":64,"timestamp":0,"world2head":{"data":[0.4875229,0.0892913043,-0.8685325,-0.206709087,0.7752365,0.4133513,0.477649778,-0.0568589941,0.401659071,-0.9061831,0.132296324,-0.09381685,0.0,0.0,0.0,1.0]},"headPose":{"x":0.18253693,"y":-0.04305515,"z":-0.13996321}},{"recID":65,"timestamp":0,"world2head":{"data":[0.4848944,0.08967313,-0.869963348,-0.207220554,0.7775533,0.411162674,0.475769,-0.0576969981,0.400360167,-0.9071406,0.129644811,-0.09382856,0.0,0.0,0.0,1.0]},"headPose":{"x":0.1829078,"y":-0.0428107046,"z":-0.140659451}},{"recID":66,"timestamp":0,"world2head":{"data":[0.48336184,0.08983979,-0.8707986,-0.207484648,0.778406739,0.41103375,0.474483252,-0.05814433,0.400555134,-0.9071826,0.128746152,-0.09407529,0.0,0.0,0.0,1.0]},"headPose":{"x":0.183232427,"y":-0.0428037867,"z":-0.140977}},{"recID":67,"timestamp":0,"world2head":{"data":[0.481456518,0.09056783,-0.8717782,-0.2076239,0.779115736,0.41137743,0.473019361,-0.05859092,0.401470244,-0.9069543,0.1274975,-0.09454759,0.0,0.0,0.0,1.0]},"headPose":{"x":0.183569014,"y":-0.0428432971,"z":-0.141232744}},{"recID":68,"timestamp":0,"world2head":{"data":[0.4796676,0.09078032,-0.8727417,-0.207801014,0.779651,0.4122395,0.471384168,-0.058836475,0.402571,-0.9065416,0.126960933,-0.09475808,0.0,0.0,0.0,1.0]},"headPose":{"x":0.183694169,"y":-0.0427831635,"z":-0.14159143}},{"recID":69,"timestamp":0,"world2head":{"data":[0.477505326,0.09146917,-0.8738547,-0.208059952,0.7804295,0.41273737,0.469656974,-0.0591044426,0.403631628,-0.9062457,0.125699043,-0.09532364,0.0,0.0,0.0,1.0]},"headPose":{"x":0.183952212,"y":-0.042960953,"z":-0.142073274}},{"recID":70,"timestamp":0,"world2head":{"data":[0.472304463,0.0946084261,-0.876343369,-0.20848912,0.7833957,0.410644531,0.46654287,-0.0599554777,0.404004544,-0.906873941,0.11983341,-0.0965322554,0.0,0.0,0.0,1.0]},"headPose":{"x":0.184438676,"y":-0.04319736,"z":-0.143168479}},{"recID":71,"timestamp":0,"world2head":{"data":[0.4694087,0.09653622,-0.87768805,-0.208616167,0.7849268,0.409635782,0.4648533,-0.06041178,0.40440762,-0.907127,0.116512716,-0.09729285,0.0,0.0,0.0,1.0]},"headPose":{"x":0.184691027,"y":-0.0433711074,"z":-0.143681437}},{"recID":72,"timestamp":0,"world2head":{"data":[0.466485441,0.09901044,-0.87897,-0.208844751,0.786365032,0.408566773,0.463360846,-0.06078042,0.404995561,-0.9073424,0.112732053,-0.09812535,0.0,0.0,0.0,1.0]},"headPose":{"x":0.18495895,"y":-0.0435225926,"z":-0.144343123}},{"recID":73,"timestamp":0,"world2head":{"data":[0.463205457,0.101248562,-0.880448461,-0.208990052,0.7881637,0.407223344,0.4614836,-0.0612497777,0.4052637,-0.9076992,0.108827651,-0.0989346951,0.0,0.0,0.0,1.0]},"headPose":{"x":0.185174823,"y":-0.0437006727,"z":-0.144972369}},{"recID":74,"timestamp":0,"world2head":{"data":[0.459104538,0.103500754,-0.8823325,-0.209116742,0.7904855,0.405642748,0.458897263,-0.0620390922,0.405408084,-0.908152938,0.104416549,-0.0997638255,0.0,0.0,0.0,1.0]},"headPose":{"x":0.185492516,"y":-0.04379131,"z":-0.145623922}},{"recID":75,"timestamp":0,"world2head":{"data":[0.450875342,0.109309882,-0.8858685,-0.209025413,0.794605,0.4029336,0.4541448,-0.06358249,0.406588733,-0.9086782,0.0948146,-0.1017121,0.0,0.0,0.0,1.0]},"headPose":{"x":0.186122328,"y":-0.0439554676,"z":-0.146649525}},{"recID":76,"timestamp":0,"world2head":{"data":[0.447671235,0.111828119,-0.8871781,-0.209025115,0.796020031,0.402144432,0.452362776,-0.06408644,0.4073606,-0.9087213,0.09101105,-0.102467164,0.0,0.0,0.0,1.0]},"headPose":{"x":0.1863297,"y":-0.04396719,"z":-0.147126541}},{"recID":77,"timestamp":0,"world2head":{"data":[0.444637835,0.114174634,-0.8884039,-0.209110886,0.797245,0.401658952,0.4506336,-0.06461979,0.408286333,-0.908644259,0.08756757,-0.1033351,0.0,0.0,0.0,1.0]},"headPose":{"x":0.1866867,"y":-0.0440645441,"z":-0.147606239}},{"recID":78,"timestamp":0,"world2head":{"data":[0.442028463,0.116384536,-0.889418662,-0.209015623,0.7983556,0.4010077,0.4492452,-0.06502324,0.408948958,-0.9086515,0.08434057,-0.103977516,0.0,0.0,0.0,1.0]},"headPose":{"x":0.186824024,"y":-0.0440782979,"z":-0.147921473}},{"recID":79,"timestamp":0,"world2head":{"data":[0.439598382,0.118231714,-0.8903789,-0.208967388,0.7993066,0.400684655,0.447840273,-0.0655397,0.4097101,-0.908555567,0.0816369057,-0.104647845,0.0,0.0,0.0,1.0]},"headPose":{"x":0.1871233,"y":-0.044111032,"z":-0.1481657}},{"recID":80,"timestamp":0,"world2head":{"data":[0.437330544,0.119586349,-0.8913142,-0.209059626,0.799873,0.401270151,0.446301937,-0.06597487,0.4110294,-0.9081197,0.0798338056,-0.105169445,0.0,0.0,0.0,1.0]},"headPose":{"x":0.187427416,"y":-0.0440320261,"z":-0.148497045}},{"recID":81,"timestamp":0,"world2head":{"data":[0.436819077,0.119275957,-0.8916066,-0.209158719,0.8001896,0.401291251,0.44571498,-0.06632891,0.410957038,-0.90815115,0.07984829,-0.105296046,0.0,0.0,0.0,1.0]},"headPose":{"x":0.187712356,"y":-0.04405991,"z":-0.148515791}},{"recID":82,"timestamp":0,"world2head":{"data":[0.436128438,0.11933592,-0.89193666,-0.209173128,0.800335765,0.4017005,0.445083767,-0.0665968359,0.411405921,-0.907962441,0.07968414,-0.105411515,0.0,0.0,0.0,1.0]},"headPose":{"x":0.187893063,"y":-0.04399582,"z":-0.148528367}},{"recID":83,"timestamp":0,"world2head":{"data":[0.436198,0.118641615,-0.891995251,-0.209253341,0.8001723,0.402330756,0.444808245,-0.06663488,0.411649883,-0.9077743,0.0805621147,-0.10538657,0.0,0.0,0.0,1.0]},"headPose":{"x":0.187977642,"y":-0.0440317877,"z":-0.148523077}},{"recID":84,"timestamp":0,"world2head":{"data":[0.43671298,0.1176531,-0.891874135,-0.209428161,0.799944162,0.402760327,0.4448297,-0.06668373,0.411547124,-0.90771246,0.08177471,-0.105309047,0.0,0.0,0.0,1.0]},"headPose":{"x":0.188142926,"y":-0.044092875,"z":-0.14850904}},{"recID":85,"timestamp":0,"world2head":{"data":[0.438016534,0.114791989,-0.891607761,-0.2098496,0.7995335,0.403659,0.444753647,-0.06685084,0.4109597,-0.9076797,0.0850292444,-0.105055645,0.0,0.0,0.0,1.0]},"headPose":{"x":0.1885407,"y":-0.0442828424,"z":-0.148438573}},{"recID":86,"timestamp":0,"world2head":{"data":[0.438467026,0.113792449,-0.8915144,-0.209955379,0.799611,0.40348953,0.444768041,-0.06690186,0.410328,-0.9078808,0.08592713,-0.104893811,0.0,0.0,0.0,1.0]},"headPose":{"x":0.188594818,"y":-0.0443455353,"z":-0.148409218}},{"recID":87,"timestamp":0,"world2head":{"data":[0.439128876,0.112354904,-0.891371,-0.210204363,0.7996322,0.403428376,0.444785357,-0.06707232,0.4095782,-0.908087,0.08731443,-0.10466259,0.0,0.0,0.0,1.0]},"headPose":{"x":0.188807487,"y":-0.0443663523,"z":-0.148398727}},{"recID":88,"timestamp":0,"world2head":{"data":[0.439124763,0.111459136,-0.891485453,-0.2104053,0.7997211,0.4036823,0.4443947,-0.06724714,0.409408718,-0.9080845,0.08813065,-0.10471724,0.0,0.0,0.0,1.0]},"headPose":{"x":0.1890453,"y":-0.0444940329,"z":-0.1484602}},{"recID":89,"timestamp":0,"world2head":{"data":[0.439305,0.11091578,-0.8914645,-0.210562408,0.799750566,0.40368855,0.444336176,-0.06734506,0.409157872,-0.9081483,0.08863747,-0.104832351,0.0,0.0,0.0,1.0]},"headPose":{"x":0.18925336,"y":-0.04466219,"z":-0.148492977}},{"recID":90,"timestamp":0,"world2head":{"data":[0.439287424,0.109401911,-0.8916602,-0.2107811,0.8003547,0.403118849,0.443765283,-0.0676119253,0.407993823,-0.908584952,0.08952469,-0.104807772,0.0,0.0,0.0,1.0]},"headPose":{"x":0.189467922,"y":-0.0449112356,"z":-0.148558378}},{"recID":91,"timestamp":0,"world2head":{"data":[0.4389097,0.108623028,-0.8919413,-0.210940689,0.8007568,0.403028667,0.443121165,-0.06771034,0.407611,-0.9087182,0.08991259,-0.104886875,0.0,0.0,0.0,1.0]},"headPose":{"x":0.189556479,"y":-0.0451104231,"z":-0.148712158}},{"recID":92,"timestamp":0,"world2head":{"data":[0.4380802,0.10828948,-0.8923896,-0.211063743,0.8016652,0.402085364,0.4423352,-0.0679457858,0.406717122,-0.909175932,0.08933371,-0.105010435,0.0,0.0,0.0,1.0]},"headPose":{"x":0.189642131,"y":-0.0452969335,"z":-0.1489153}},{"recID":93,"timestamp":0,"world2head":{"data":[0.436915755,0.108060479,-0.892988,-0.211062729,0.8029869,0.4005289,0.4413486,-0.06835052,0.405359924,-0.9098899,0.08822626,-0.105141655,0.0,0.0,0.0,1.0]},"headPose":{"x":0.1897214,"y":-0.0454834141,"z":-0.149033815}},{"recID":94,"timestamp":0,"world2head":{"data":[0.4357459,0.108195454,-0.893543065,-0.211040452,0.804242253,0.398937762,0.44050312,-0.06887186,0.4041285,-0.9105725,0.0868201256,-0.105182216,0.0,0.0,0.0,1.0]},"headPose":{"x":0.189856812,"y":-0.0454668365,"z":-0.149103537}},{"recID":95,"timestamp":0,"world2head":{"data":[0.434121966,0.107978195,-0.8943595,-0.211035147,0.805327535,0.398399055,0.439005554,-0.06947228,0.403715074,-0.910834253,0.08599591,-0.105458513,0.0,0.0,0.0,1.0]},"headPose":{"x":0.190138087,"y":-0.04559031,"z":-0.149173558}},{"recID":96,"timestamp":0,"world2head":{"data":[0.4337157,0.10773021,-0.8945865,-0.211034521,0.805437565,0.398721933,0.438510329,-0.06957579,0.403932154,-0.9107224,0.08616197,-0.105547786,0.0,0.0,0.0,1.0]},"headPose":{"x":0.190202057,"y":-0.0456484966,"z":-0.149184719}},{"recID":97,"timestamp":0,"world2head":{"data":[0.433251381,0.107292145,-0.894864142,-0.2110224,0.80555284,0.399189,0.437873125,-0.0698313341,0.404200375,-0.9105694,0.08651966,-0.105619915,0.0,0.0,0.0,1.0]},"headPose":{"x":0.190370172,"y":-0.0456572622,"z":-0.149120867}},{"recID":98,"timestamp":0,"world2head":{"data":[0.4331841,0.106683969,-0.8949694,-0.211005285,0.805806458,0.398989141,0.437588573,-0.07007928,0.4037668,-0.910728455,0.08686912,-0.1055256,0.0,0.0,0.0,1.0]},"headPose":{"x":0.190482184,"y":-0.0456333868,"z":-0.14901045}},{"recID":99,"timestamp":0,"world2head":{"data":[0.4334821,0.10603103,-0.8949027,-0.211079,0.805570841,0.39951098,0.4375462,-0.07010699,0.403916985,-0.9105759,0.087765336,-0.105573818,0.0,0.0,0.0,1.0]},"headPose":{"x":0.190618157,"y":-0.0457435027,"z":-0.148954362}},{"recID":100,"timestamp":0,"world2head":{"data":[0.4336474,0.103701204,-0.895095468,-0.211237758,0.8056967,0.400183022,0.4366994,-0.0704007447,0.403488249,-0.910549045,0.08998656,-0.105283767,0.0,0.0,0.0,1.0]},"headPose":{"x":0.1908051,"y":-0.0457872562,"z":-0.148859888}},{"recID":101,"timestamp":0,"world2head":{"data":[0.4330473,0.102492929,-0.8955251,-0.211173743,0.806124866,0.400465,0.435649455,-0.07059728,0.4032774,-0.91056186,0.0907982,-0.105298817,0.0,0.0,0.0,1.0]},"headPose":{"x":0.1908231,"y":-0.0459655449,"z":-0.14879477}},{"recID":102,"timestamp":0,"world2head":{"data":[0.433242261,0.101373255,-0.895558238,-0.211114377,0.8064104,0.400149763,0.4354106,-0.0706903338,0.402496368,-0.9108257,0.09161335,-0.105052873,0.0,0.0,0.0,1.0]},"headPose":{"x":0.1907525,"y":-0.04599681,"z":-0.148661658}},{"recID":103,"timestamp":0,"world2head":{"data":[0.433990121,0.100093573,-0.89534,-0.211196259,0.806496,0.399754,0.435615629,-0.0705314,0.401518047,-0.911141038,0.09276426,-0.104742274,0.0,0.0,0.0,1.0]},"headPose":{"x":0.1905963,"y":-0.0461004041,"z":-0.14865157}},{"recID":104,"timestamp":0,"world2head":{"data":[0.434379458,0.09864542,-0.895311952,-0.211298272,0.806951761,0.398991585,0.4354704,-0.070896,0.400179118,-0.911632955,0.0937116742,-0.104336813,0.0,0.0,0.0,1.0]},"headPose":{"x":0.1907467,"y":-0.0459863842,"z":-0.14852719}},{"recID":105,"timestamp":0,"world2head":{"data":[0.434119284,0.09678155,-0.895641565,-0.211245358,0.8074626,0.399020255,0.434496284,-0.07159494,0.3994304,-0.9118203,0.09507489,-0.104267269,0.0,0.0,0.0,1.0]},"headPose":{"x":0.191163421,"y":-0.04606051,"z":-0.148179173}},{"recID":106,"timestamp":0,"world2head":{"data":[0.434086144,0.09586695,-0.895755947,-0.211115628,0.807444453,0.399541855,0.434050441,-0.07181682,0.399503052,-0.911688447,0.09602833,-0.104344323,0.0,0.0,0.0,1.0]},"headPose":{"x":0.191316336,"y":-0.0461966842,"z":-0.147915959}},{"recID":107,"timestamp":0,"world2head":{"data":[0.434042931,0.094958365,-0.8958738,-0.211015254,0.8072489,0.400475621,0.433553547,-0.07198365,0.39994514,-0.911373854,0.0971685648,-0.104454435,0.0,0.0,0.0,1.0]},"headPose":{"x":0.191474423,"y":-0.0463316627,"z":-0.147684544}},{"recID":108,"timestamp":0,"world2head":{"data":[0.4340738,0.09443274,-0.8959143,-0.210912123,0.807160735,0.400896668,0.43332845,-0.07188444,0.4000895,-0.9112434,0.09779632,-0.104706883,0.0,0.0,0.0,1.0]},"headPose":{"x":0.191465825,"y":-0.04667819,"z":-0.147569656}},{"recID":109,"timestamp":0,"world2head":{"data":[0.4343114,0.0941683948,-0.895827,-0.210749626,0.807094336,0.400913835,0.433436126,-0.07176244,0.399965465,-0.9112631,0.09811866,-0.104908049,0.0,0.0,0.0,1.0]},"headPose":{"x":0.191409633,"y":-0.0469823,"z":-0.147397324}},{"recID":110,"timestamp":0,"world2head":{"data":[0.4351799,0.09324902,-0.895501554,-0.210460231,0.8082678,0.397709131,0.434201181,-0.07178391,0.396637976,-0.9127607,0.09770483,-0.104627833,0.0,0.0,0.0,1.0]},"headPose":{"x":0.191108048,"y":-0.04732585,"z":-0.147076175}},{"recID":111,"timestamp":0,"world2head":{"data":[0.435663581,0.0931433141,-0.8952774,-0.210321173,0.8086457,0.396347821,0.4347419,-0.07194951,0.395334482,-0.9133634,0.09735435,-0.104629248,0.0,0.0,0.0,1.0]},"headPose":{"x":0.191174492,"y":-0.04745749,"z":-0.146830216}},{"recID":112,"timestamp":0,"world2head":{"data":[0.43618083,0.09296402,-0.8950442,-0.210228115,0.8091949,0.394580543,0.435327321,-0.07228204,0.393636823,-0.914146662,0.09688246,-0.104415193,0.0,0.0,0.0,1.0]},"headPose":{"x":0.1912894,"y":-0.0473860279,"z":-0.1465811}},{"recID":113,"timestamp":0,"world2head":{"data":[0.436317861,0.09299263,-0.894974351,-0.210055113,0.809217,0.394360483,0.4354856,-0.07243529,0.393439442,-0.9142386,0.09681529,-0.104552083,0.0,0.0,0.0,1.0]},"headPose":{"x":0.191401586,"y":-0.0474863537,"z":-0.146327168}},{"recID":114,"timestamp":0,"world2head":{"data":[0.43616128,0.09340671,-0.8950076,-0.209757447,0.809142232,0.394509673,0.435489565,-0.07252368,0.39376688,-0.9141321,0.0964905,-0.104733191,0.0,0.0,0.0,1.0]},"headPose":{"x":0.1914105,"y":-0.0475358777,"z":-0.146045446}},{"recID":115,"timestamp":0,"world2head":{"data":[0.437017441,0.0937521756,-0.894553661,-0.209571451,0.8087827,0.394207478,0.4364298,-0.07231745,0.3935559,-0.914226949,0.09645039,-0.104696132,0.0,0.0,0.0,1.0]},"headPose":{"x":0.191279277,"y":-0.04756019,"z":-0.145813435}},{"recID":116,"timestamp":0,"world2head":{"data":[0.438243628,0.09393373,-0.8939345,-0.209322721,0.807979941,0.394591331,0.4375683,-0.072091,0.393841237,-0.9140427,0.09703058,-0.104704812,0.0,0.0,0.0,1.0]},"headPose":{"x":0.1912195,"y":-0.04759574,"z":-0.1454165}},{"recID":117,"timestamp":0,"world2head":{"data":[0.438551724,0.0940682,-0.8937693,-0.209130555,0.80759275,0.395073533,0.437847972,-0.07198667,0.394292176,-0.9138206,0.09729141,-0.104667544,0.0,0.0,0.0,1.0]},"headPose":{"x":0.191120073,"y":-0.0475347973,"z":-0.145212}},{"recID":118,"timestamp":0,"world2head":{"data":[0.439144671,0.0939602256,-0.8934895,-0.208955675,0.807378352,0.394949615,0.43835485,-0.07193124,0.394071221,-0.913885236,0.0975785851,-0.104564115,0.0,0.0,0.0,1.0]},"headPose":{"x":0.191043213,"y":-0.04751687,"z":-0.144965068}},{"recID":119,"timestamp":0,"world2head":{"data":[0.43977046,0.09330857,-0.89325,-0.208797455,0.8069873,0.395464063,0.4386112,-0.07197765,0.394174457,-0.9137296,0.09861457,-0.10437759,0.0,0.0,0.0,1.0]},"headPose":{"x":0.191050991,"y":-0.0474257059,"z":-0.144644961}},{"recID":120,"timestamp":0,"world2head":{"data":[0.441246927,0.0913932,-0.8927197,-0.208622426,0.8058766,0.3972972,0.4389965,-0.07165872,0.3947963,-0.9131277,0.10165453,-0.103890359,0.0,0.0,0.0,1.0]},"headPose":{"x":0.190817609,"y":-0.0473286919,"z":-0.1442225}},{"recID":121,"timestamp":0,"world2head":{"data":[0.442016542,0.09055531,-0.8924244,-0.208505,0.805533946,0.3976261,0.439327538,-0.07160679,0.394634783,-0.9130681,0.102811933,-0.103669941,0.0,0.0,0.0,1.0]},"headPose":{"x":0.1907561,"y":-0.0473037139,"z":-0.14395757}},{"recID":122,"timestamp":0,"world2head":{"data":[0.443033576,0.088932544,-0.8920831,-0.2084588,0.805027246,0.3984388,0.439519882,-0.0716176853,0.3945282,-0.912873268,0.104928613,-0.103297882,0.0,0.0,0.0,1.0]},"headPose":{"x":0.190762341,"y":-0.0472238176,"z":-0.14364627}},{"recID":123,"timestamp":0,"world2head":{"data":[0.4439078,0.0875951648,-0.8917808,-0.208393112,0.804502547,0.39931488,0.439685464,-0.07145734,0.3946157,-0.9126197,0.106788456,-0.103141248,0.0,0.0,0.0,1.0]},"headPose":{"x":0.19069609,"y":-0.0473405123,"z":-0.143407911}},{"recID":124,"timestamp":0,"world2head":{"data":[0.444991,0.08610666,-0.8913858,-0.208375186,0.804107249,0.3997274,0.440033555,-0.07115317,0.394201159,-0.9125807,0.108636141,-0.102800176,0.0,0.0,0.0,1.0]},"headPose":{"x":0.190463811,"y":-0.0474291034,"z":-0.1432651}},{"recID":125,"timestamp":0,"world2head":{"data":[0.4467411,0.08333939,-0.8907733,-0.208230853,0.8042071,0.398854733,0.4406427,-0.07117153,0.392012119,-0.913219333,0.111162663,-0.10209357,0.0,0.0,0.0,1.0]},"headPose":{"x":0.19028382,"y":-0.047492858,"z":-0.142776251}},{"recID":126,"timestamp":0,"world2head":{"data":[0.447793245,0.08212125,-0.890358,-0.2082418,0.803850353,0.39907515,0.441093683,-0.0711462349,0.3915429,-0.9132333,0.112689972,-0.101867855,0.0,0.0,0.0,1.0]},"headPose":{"x":0.190325826,"y":-0.04753535,"z":-0.142548114}},{"recID":127,"timestamp":0,"world2head":{"data":[0.448481143,0.08094481,-0.890119433,-0.208158568,0.80372417,0.399156928,0.4412496,-0.0712314844,0.391014129,-0.91330266,0.113957047,-0.10165716,0.0,0.0,0.0,1.0]},"headPose":{"x":0.190355062,"y":-0.04756186,"z":-0.142270565}},{"recID":128,"timestamp":0,"world2head":{"data":[0.449416459,0.0802273452,-0.8897126,-0.208157629,0.8032639,0.399504185,0.441773325,-0.07104697,0.390886277,-0.9132142,0.115100026,-0.101541921,0.0,0.0,0.0,1.0]},"headPose":{"x":0.190310255,"y":-0.04764599,"z":-0.142126322}},{"recID":129,"timestamp":0,"world2head":{"data":[0.4503048,0.07961911,-0.889318,-0.208073169,0.803120136,0.3991102,0.442390323,-0.07095821,0.390158653,-0.913439631,0.115777493,-0.101319864,0.0,0.0,0.0,1.0]},"headPose":{"x":0.190215111,"y":-0.0476628132,"z":-0.141921416}},{"recID":130,"timestamp":0,"world2head":{"data":[0.452139139,0.0786576,-0.888472557,-0.208005369,0.802819,0.398150682,0.443799436,-0.07076219,0.388654262,-0.913941562,0.116871655,-0.101032145,0.0,0.0,0.0,1.0]},"headPose":{"x":0.190123126,"y":-0.04780221,"z":-0.141595}},{"recID":131,"timestamp":0,"world2head":{"data":[0.452898026,0.0784244537,-0.888106465,-0.207966879,0.8028098,0.397395372,0.4444925,-0.07098275,0.387788534,-0.9142903,0.117019653,-0.100916289,0.0,0.0,0.0,1.0]},"headPose":{"x":0.1903076,"y":-0.0477488376,"z":-0.141336218}},{"recID":132,"timestamp":0,"world2head":{"data":[0.453637064,0.07813439,-0.8877548,-0.207883149,0.8021989,0.398107827,0.444957465,-0.0710631,0.3881886,-0.914005041,0.11791712,-0.100999586,0.0,0.0,0.0,1.0]},"headPose":{"x":0.190517128,"y":-0.0477805175,"z":-0.1410196}},{"recID":133,"timestamp":0,"world2head":{"data":[0.454526424,0.07803151,-0.8873088,-0.2078258,0.801284552,0.399260342,0.445572019,-0.07067147,0.389035881,-0.913511038,0.118948936,-0.101139762,0.0,0.0,0.0,1.0]},"headPose":{"x":0.190437257,"y":-0.0479589924,"z":-0.140885949}},{"recID":134,"timestamp":0,"world2head":{"data":[0.455569148,0.07755154,-0.886816,-0.20777148,0.8010419,0.3988397,0.4463842,-0.07043137,0.388315231,-0.9137356,0.119576991,-0.10092181,0.0,0.0,0.0,1.0]},"headPose":{"x":0.190262213,"y":-0.048012007,"z":-0.140747681}},{"recID":135,"timestamp":0,"world2head":{"data":[0.457448542,0.07637048,-0.885950565,-0.2077649,0.8011389,0.39696753,0.4478765,-0.07075233,0.3858982,-0.9146499,0.120408833,-0.100513637,0.0,0.0,0.0,1.0]},"headPose":{"x":0.19051221,"y":-0.0479812846,"z":-0.140278384}},{"recID":136,"timestamp":0,"world2head":{"data":[0.458293378,0.07605693,-0.8855409,-0.20776853,0.8004694,0.3976996,0.4484239,-0.07077703,0.386285,-0.914358,0.121381819,-0.100674294,0.0,0.0,0.0,1.0]},"headPose":{"x":0.190762728,"y":-0.048102092,"z":-0.140029356}},{"recID":137,"timestamp":0,"world2head":{"data":[0.4597175,0.0755931139,-0.884842038,-0.207760751,0.800040364,0.397239327,0.44959563,-0.0706074461,0.3854804,-0.9145964,0.122140348,-0.100431368,0.0,0.0,0.0,1.0]},"headPose":{"x":0.1907144,"y":-0.04810083,"z":-0.139823928}},{"recID":138,"timestamp":0,"world2head":{"data":[0.460848272,0.07492551,-0.8843106,-0.2078067,0.799785137,0.396819055,0.450420439,-0.07065691,0.38465932,-0.914833844,0.122949004,-0.100247353,0.0,0.0,0.0,1.0]},"headPose":{"x":0.190838754,"y":-0.048101604,"z":-0.139615014}},{"recID":139,"timestamp":0,"world2head":{"data":[0.4623375,0.0744892061,-0.8835697,-0.2079354,0.7989546,0.397209823,0.451548427,-0.07049469,0.3845981,-0.9146998,0.1241315,-0.1001572,0.0,0.0,0.0,1.0]},"headPose":{"x":0.190978631,"y":-0.0481236354,"z":-0.139460981}},{"recID":140,"timestamp":0,"world2head":{"data":[0.463709235,0.0733420849,-0.8829466,-0.208111256,0.7981855,0.39795655,0.452250481,-0.0705397353,0.384543419,-0.914467931,0.125995517,-0.10028556,0.0,0.0,0.0,1.0]},"headPose":{"x":0.191371053,"y":-0.0483728424,"z":-0.139213949}},{"recID":141,"timestamp":0,"world2head":{"data":[0.4643675,0.07289019,-0.8826381,-0.208092421,0.798082948,0.39762938,0.452719182,-0.07037882,0.383961678,-0.9146464,0.126473725,-0.10005518,0.0,0.0,0.0,1.0]},"headPose":{"x":0.191216826,"y":-0.0483624935,"z":-0.139154077}},{"recID":142,"timestamp":0,"world2head":{"data":[0.465559721,0.07251325,-0.882040858,-0.20818159,0.7979164,0.3967591,0.453775,-0.07025589,0.382862449,-0.915054142,0.1268555,-0.09990156,0.0,0.0,0.0,1.0]},"headPose":{"x":0.191227823,"y":-0.048444733,"z":-0.139071226}},{"recID":143,"timestamp":0,"world2head":{"data":[0.466731668,0.07221258,-0.8814459,-0.20836,0.7974168,0.396664739,0.454734474,-0.07013407,0.3824761,-0.9151188,0.127552509,-0.0997462645,0.0,0.0,0.0,1.0]},"headPose":{"x":0.19132486,"y":-0.04841376,"z":-0.13904281}},{"recID":144,"timestamp":0,"world2head":{"data":[0.4678353,0.0718638,-0.8808892,-0.208577469,0.7970569,0.396341562,0.455646485,-0.06997232,0.381877452,-0.9152863,0.128143072,-0.0995910838,0.0,0.0,0.0,1.0]},"headPose":{"x":0.191383436,"y":-0.0484322421,"z":-0.139089078}},{"recID":145,"timestamp":0,"world2head":{"data":[0.468990684,0.0715082,-0.8803035,-0.208887517,0.7963797,0.3967147,0.45650506,-0.07017947,0.38187322,-0.915152431,0.129107833,-0.09953753,0.0,0.0,0.0,1.0]},"headPose":{"x":0.191866532,"y":-0.0483136177,"z":-0.13899608}},{"recID":146,"timestamp":0,"world2head":{"data":[0.469308019,0.0709616244,-0.88017863,-0.209012628,0.7960267,0.3974495,0.4564817,-0.07032525,0.382219255,-0.9148762,0.130038857,-0.0994701758,0.0,0.0,0.0,1.0]},"headPose":{"x":0.19209148,"y":-0.04822027,"z":-0.138931274}},{"recID":147,"timestamp":0,"world2head":{"data":[0.469071269,0.07066718,-0.880328536,-0.2091647,0.795958161,0.3980596,0.45606935,-0.07037797,0.3826523,-0.914633632,0.130470216,-0.0996713042,0.0,0.0,0.0,1.0]},"headPose":{"x":0.192270517,"y":-0.0483670346,"z":-0.139032274}},{"recID":148,"timestamp":0,"world2head":{"data":[0.4690374,0.07033458,-0.88037