[{"recID":0,"timestamp":0,"world2head":{"data":[0.9957873,0.04968121,0.0770673156,0.0190461278,-0.08311538,0.84401226,0.529844463,-0.0263946522,-0.03872244,-0.534017861,0.844585955,-0.09876842,0.0,0.0,0.0,1.0]},"headPose":{"x":-0.02498425,"y":-0.0314129256,"z":0.09593565}},{"recID":1,"timestamp":0,"world2head":{"data":[0.995261252,0.0489943027,0.08399199,0.01849015,-0.0860821456,0.8456571,0.5267389,-0.025318861,-0.0452212244,-0.531473041,0.8458673,-0.0976336,0.0,0.0,0.0,1.0]},"headPose":{"x":-0.0249971412,"y":-0.0313844569,"z":0.09436847}},{"recID":2,"timestamp":0,"world2head":{"data":[0.995261252,0.0489943027,0.08399199,0.01849015,-0.0860821456,0.8456571,0.5267389,-0.025318861,-0.0452212244,-0.531473041,0.8458673,-0.0976336,0.0,0.0,0.0,1.0]},"headPose":{"x":-0.0249971412,"y":-0.0313844569,"z":0.09436847}},{"recID":3,"timestamp":0,"world2head":{"data":[0.995261252,0.0489943027,0.08399199,0.01849015,-0.0860821456,0.8456571,0.5267389,-0.025318861,-0.0452212244,-0.531473041,0.8458673,-0.0976336,0.0,0.0,0.0,1.0]},"headPose":{"x":-0.0249971412,"y":-0.0313844569,"z":0.09436847}},{"recID":4,"timestamp":0,"world2head":{"data":[0.995261252,0.0489943027,0.08399199,0.01849015,-0.0860821456,0.8456571,0.5267389,-0.025318861,-0.0452212244,-0.531473041,0.8458673,-0.0976336,0.0,0.0,0.0,1.0]},"headPose":{"x":-0.0249971412,"y":-0.0313844569,"z":0.09436847}},{"recID":5,"timestamp":0,"world2head":{"data":[0.995261252,0.0489943027,0.08399199,0.01849015,-0.0860821456,0.8456571,0.5267389,-0.025318861,-0.0452212244,-0.531473041,0.8458673,-0.0976336,0.0,0.0,0.0,1.0]},"headPose":{"x":-0.0249971412,"y":-0.0313844569,"z":0.09436847}},{"recID":6,"timestamp":0,"world2head":{"data":[0.995261252,0.0489943027,0.08399199,0.01849015,-0.0860821456,0.8456571,0.5267389,-0.025318861,-0.0452212244,-0.531473041,0.8458673,-0.0976336,0.0,0.0,0.0,1.0]},"headPose":{"x":-0.0249971412,"y":-0.0313844569,"z":0.09436847}},{"recID":7,"timestamp":0,"world2head":{"data":[0.995261252,0.0489943027,0.08399199,0.01849015,-0.0860821456,0.8456571,0.5267389,-0.025318861,-0.0452212244,-0.531473041,0.8458673,-0.0976336,0.0,0.0,0.0,1.0]},"headPose":{"x":-0.0249971412,"y":-0.0313844569,"z":0.09436847}},{"recID":8,"timestamp":0,"world2head":{"data":[0.995261252,0.0489943027,0.08399199,0.01849015,-0.0860821456,0.8456571,0.5267389,-0.025318861,-0.0452212244,-0.531473041,0.8458673,-0.0976336,0.0,0.0,0.0,1.0]},"headPose":{"x":-0.0249971412,"y":-0.0313844569,"z":0.09436847}},{"recID":9,"timestamp":0,"world2head":{"data":[0.995261252,0.0489943027,0.08399199,0.01849015,-0.0860821456,0.8456571,0.5267389,-0.025318861,-0.0452212244,-0.531473041,0.8458673,-0.0976336,0.0,0.0,0.0,1.0]},"headPose":{"x":-0.0249971412,"y":-0.0313844569,"z":0.09436847}},{"recID":10,"timestamp":0,"world2head":{"data":[0.995261252,0.0489943027,0.08399199,0.01849015,-0.0860821456,0.8456571,0.5267389,-0.025318861,-0.0452212244,-0.531473041,0.8458673,-0.0976336,0.0,0.0,0.0,1.0]},"headPose":{"x":-0.0249971412,"y":-0.0313844569,"z":0.09436847}},{"recID":11,"timestamp":0,"world2head":{"data":[0.995261252,0.0489943027,0.08399199,0.01849015,-0.0860821456,0.8456571,0.5267389,-0.025318861,-0.0452212244,-0.531473041,0.8458673,-0.0976336,0.0,0.0,0.0,1.0]},"headPose":{"x":-0.0249971412,"y":-0.0313844569,"z":0.09436847}},{"recID":12,"timestamp":0,"world2head":{"data":[0.995261252,0.0489943027,0.08399199,0.01849015,-0.0860821456,0.8456571,0.5267389,-0.025318861,-0.0452212244,-0.531473041,0.8458673,-0.0976336,0.0,0.0,0.0,1.0]},"headPose":{"x":-0.0249971412,"y":-0.0313844569,"z":0.09436847}},{"recID":13,"timestamp":0,"world2head":{"data":[0.995261252,0.0489943027,0.08399199,0.01849015,-0.0860821456,0.8456571,0.5267389,-0.025318861,-0.0452212244,-0.531473041,0.8458673,-0.0976336,0.0,0.0,0.0,1.0]},"headPose":{"x":-0.0249971412,"y":-0.0313844569,"z":0.09436847}},{"recID":14,"timestamp":0,"world2head":{"data":[0.9952689,0.04884364,0.08398896,0.0184597671,-0.08594799,0.8457235,0.526654243,-0.02530337,-0.0453077331,-0.531381249,0.8459203,-0.09760129,0.0,0.0,0.0,1.0]},"headPose":{"x":-0.0249692984,"y":-0.031365484,"z":0.09433862}},{"recID":15,"timestamp":0,"world2head":{"data":[0.9953658,0.04755999,0.08357616,0.0181484669,-0.0845792741,0.8465244,0.525588,-0.0251235031,-0.0457523,-0.530221164,0.8466241,-0.09755817,0.0,0.0,0.0,1.0]},"headPose":{"x":-0.0246528015,"y":-0.03132288,"z":0.0942829251}},{"recID":16,"timestamp":0,"world2head":{"data":[0.995407045,0.0471230224,0.0833323151,0.01811061,-0.08406014,0.8467784,0.525262058,-0.0251663234,-0.04581207,-0.5298545,0.846850336,-0.09759434,0.0,0.0,0.0,1.0]},"headPose":{"x":-0.0246139131,"y":-0.0312539265,"z":0.09435752}},{"recID":17,"timestamp":0,"world2head":{"data":[0.995528638,0.0461277068,0.08243185,0.0180958789,-0.08271776,0.8471002,0.5249562,-0.02504252,-0.04561302,-0.5294275,0.8471281,-0.09766359,0.0,0.0,0.0,1.0]},"headPose":{"x":-0.0245411564,"y":-0.0313269868,"z":0.09438811}},{"recID":18,"timestamp":0,"world2head":{"data":[0.9955309,0.0465184,0.08218461,0.0180576965,-0.0829480737,0.8467363,0.5255066,-0.0249711834,-0.0451429673,-0.5299752,0.846810758,-0.0977581,0.0,0.0,0.0,1.0]},"headPose":{"x":-0.024461396,"y":-0.0315053724,"z":0.0944210738}},{"recID":19,"timestamp":0,"world2head":{"data":[0.995492935,0.04725805,0.0822222158,0.0178936124,-0.08361557,0.8464547,0.525854468,-0.0250726081,-0.0447465256,-0.5303595,0.8465912,-0.09782219,0.0,0.0,0.0,1.0]},"headPose":{"x":-0.0242866278,"y":-0.03150371,"z":0.09452869}},{"recID":20,"timestamp":0,"world2head":{"data":[0.995516956,0.04734394,0.08188091,0.0178474654,-0.08351709,0.8463426,0.5260505,-0.0250876453,-0.0443940125,-0.530530632,0.8465025,-0.09787473,0.0,0.0,0.0,1.0]},"headPose":{"x":-0.0242077541,"y":-0.03153777,"z":0.0945872}},{"recID":21,"timestamp":0,"world2head":{"data":[0.9955082,0.0479145944,0.0816559047,0.01767313,-0.0838992447,0.8461021,0.5263764,-0.0249666832,-0.0438681133,-0.530862868,0.8463216,-0.0981173962,0.0,0.0,0.0,1.0]},"headPose":{"x":-0.0239926558,"y":-0.03180932,"z":0.09473762}},{"recID":22,"timestamp":0,"world2head":{"data":[0.995509744,0.0479415,0.08162095,0.017543029,-0.08390518,0.8460809,0.5264095,-0.0250058267,-0.0438210666,-0.53089416,0.846304357,-0.09821248,0.0,0.0,0.0,1.0]},"headPose":{"x":-0.02386615,"y":-0.0318245254,"z":0.09484907}},{"recID":23,"timestamp":0,"world2head":{"data":[0.9956388,0.046961166,0.0806104243,0.01738873,-0.08259345,0.8454803,0.5275807,-0.0249828659,-0.04337872,-0.531937659,0.845671654,-0.09839815,0.0,0.0,0.0,1.0]},"headPose":{"x":-0.0236447,"y":-0.03203576,"z":0.0949913}},{"recID":24,"timestamp":0,"world2head":{"data":[0.9956664,0.0465514362,0.0805076,0.01722984,-0.08221899,0.845172,0.5281329,-0.0250294153,-0.04345742,-0.532463431,0.845336735,-0.0984617546,0.0,0.0,0.0,1.0]},"headPose":{"x":-0.0234919582,"y":-0.0320751928,"z":0.09506506}},{"recID":25,"timestamp":0,"world2head":{"data":[0.995777249,0.04545085,0.0797616839,0.0169620477,-0.08089784,0.8451549,0.528364241,-0.02509971,-0.0433963761,-0.5325857,0.8452629,-0.0986913145,0.0,0.0,0.0,1.0]},"headPose":{"x":-0.023203779,"y":-0.03211937,"z":0.0953289643}},{"recID":26,"timestamp":0,"world2head":{"data":[0.9958573,0.0447847247,0.0791366547,0.01698884,-0.08000846,0.845114648,0.528564036,-0.02496383,-0.04320796,-0.532705963,0.8451967,-0.09886395,0.0,0.0,0.0,1.0]},"headPose":{"x":-0.0231874846,"y":-0.0323289558,"z":0.09541003}},{"recID":27,"timestamp":0,"world2head":{"data":[0.9959018,0.044532422,0.07871705,0.0167603418,-0.079621166,0.84452,0.52957207,-0.0249589961,-0.042895,-0.5336693,0.844604731,-0.09908903,0.0,0.0,0.0,1.0]},"headPose":{"x":-0.0229293443,"y":-0.03254878,"z":0.09558932}},{"recID":28,"timestamp":0,"world2head":{"data":[0.9959214,0.04433044,0.0785839558,0.0166407339,-0.0794113055,0.8441349,0.530217052,-0.02493985,-0.04283071,-0.534294963,0.844212353,-0.099090986,0.0,0.0,0.0,1.0]},"headPose":{"x":-0.0227975044,"y":-0.0326289,"z":0.09556966}},{"recID":29,"timestamp":0,"world2head":{"data":[0.995960832,0.04461831,0.07791788,0.01649183,-0.07928181,0.8443513,0.5298917,-0.0249402132,-0.04214719,-0.5339289,0.84447825,-0.09942627,0.0,0.0,0.0,1.0]},"headPose":{"x":-0.02259306,"y":-0.0327640921,"z":0.09589393}},{"recID":30,"timestamp":0,"world2head":{"data":[0.995948255,0.0442928448,0.07826385,0.01631824,-0.07917132,0.8446102,0.5294955,-0.0248689633,-0.0426495858,-0.5335463,0.844694853,-0.09953306,0.0,0.0,0.0,1.0]},"headPose":{"x":-0.0224660747,"y":-0.0328237042,"z":0.09596594}},{"recID":31,"timestamp":0,"world2head":{"data":[0.996085048,0.04283335,0.07732966,0.0161417332,-0.07745972,0.844439745,0.5300203,-0.0247305259,-0.04259769,-0.533935249,0.844451666,-0.09980291,0.0,0.0,0.0,1.0]},"headPose":{"x":-0.0222455319,"y":-0.0330962576,"z":0.09613818}},{"recID":32,"timestamp":0,"world2head":{"data":[0.9960459,0.0428119823,0.07784428,0.0160104819,-0.0777467638,0.8440524,0.530595,-0.0246838368,-0.0429888256,-0.534549057,0.8440434,-0.0997535661,0.0,0.0,0.0,1.0]},"headPose":{"x":-0.022154551,"y":-0.03317417,"z":0.09604713}},{"recID":33,"timestamp":0,"world2head":{"data":[0.996006,0.0425226,0.0785102844,0.0156041784,-0.07791099,0.8434047,0.5315998,-0.02490661,-0.04361093,-0.53559345,0.8433491,-0.09991237,0.0,0.0,0.0,1.0]},"headPose":{"x":-0.0218396261,"y":-0.0331695862,"z":0.09627627}},{"recID":34,"timestamp":0,"world2head":{"data":[0.9960037,0.04222178,0.07870194,0.0154737877,-0.07777332,0.8432481,0.5318683,-0.0248343684,-0.0439088419,-0.5358637,0.843161941,-0.09995156,0.0,0.0,0.0,1.0]},"headPose":{"x":-0.0217321571,"y":-0.03327221,"z":0.09626616}},{"recID":35,"timestamp":0,"world2head":{"data":[0.9960255,0.0413783863,0.07887355,0.0152622014,-0.07716296,0.8431683,0.5320837,-0.02476048,-0.044486925,-0.536055,0.843010068,-0.100166515,0.0,0.0,0.0,1.0]},"headPose":{"x":-0.0215682331,"y":-0.03344904,"z":0.09641224}},{"recID":36,"timestamp":0,"world2head":{"data":[0.996010542,0.0409749039,0.0792720541,0.0151301278,-0.07704589,0.843061149,0.5322705,-0.0247315578,-0.0450214669,-0.5362546,0.842854738,-0.100180395,0.0,0.0,0.0,1.0]},"headPose":{"x":-0.0214854982,"y":-0.03349194,"z":0.096402}},{"recID":37,"timestamp":0,"world2head":{"data":[0.9959681,0.0403010845,0.08014574,0.014972317,-0.0769738853,0.8427468,0.532778442,-0.0244529881,-0.0460710153,-0.5367995,0.8424511,-0.1004545,0.0,0.0,0.0,1.0]},"headPose":{"x":-0.0214222334,"y":-0.0339196473,"z":0.09645606}},{"recID":38,"timestamp":0,"world2head":{"data":[0.995951951,0.03993891,0.08052732,0.0148404,-0.07693664,0.842023,0.533926964,-0.02434647,-0.046481397,-0.5379611,0.8416872,-0.100741252,0.0,0.0,0.0,1.0]},"headPose":{"x":-0.0213360526,"y":-0.0342872925,"z":0.0965968}},{"recID":39,"timestamp":0,"world2head":{"data":[0.9958484,0.03984888,0.08184144,0.0145558827,-0.07768959,0.840617,0.5360293,-0.0243687015,-0.0474371351,-0.540162146,0.840222955,-0.10093946,0.0,0.0,0.0,1.0]},"headPose":{"x":-0.0211769249,"y":-0.0346189626,"z":0.09668271}},{"recID":40,"timestamp":0,"world2head":{"data":[0.995885968,0.0392194651,0.08168841,0.014551105,-0.07713604,0.839983,0.537102044,-0.024328623,-0.0475520268,-0.541193545,0.8395525,-0.101125039,0.0,0.0,0.0,1.0]},"headPose":{"x":-0.0211765543,"y":-0.03486327,"z":0.09677807}},{"recID":41,"timestamp":0,"world2head":{"data":[0.9959208,0.0388075337,0.08146051,0.0149367023,-0.07680174,0.8384604,0.539523542,-0.0239927359,-0.04736384,-0.543579042,0.838020563,-0.101542458,0.0,0.0,0.0,1.0]},"headPose":{"x":-0.0215278957,"y":-0.03565905,"z":0.09682257}},{"recID":42,"timestamp":0,"world2head":{"data":[0.995912552,0.0390037149,0.08146691,0.0153295416,-0.07708396,0.8371338,0.54153955,-0.02399154,-0.0470766574,-0.5456058,0.8367187,-0.10181912,0.0,0.0,0.0,1.0]},"headPose":{"x":-0.02190955,"y":-0.0360668823,"z":0.09693747}},{"recID":43,"timestamp":0,"world2head":{"data":[0.9956579,0.0406465232,0.0837447345,0.0162468981,-0.07985728,0.835250139,0.5440405,-0.02416638,-0.0478344448,-0.5483659,0.8348693,-0.102169707,0.0,0.0,0.0,1.0]},"headPose":{"x":-0.0229934454,"y":-0.0365017839,"z":0.097085245}},{"recID":44,"timestamp":0,"world2head":{"data":[0.9954585,0.04196108,0.0854497,0.0168470945,-0.08198097,0.8341316,0.545438945,-0.0241673011,-0.0483891,-0.5499671,0.8337834,-0.102543071,0.0,0.0,0.0,1.0]},"headPose":{"x":-0.0237138085,"y":-0.03694353,"z":0.09724092}},{"recID":45,"timestamp":0,"world2head":{"data":[0.9946369,0.04671022,0.0922797546,0.0181167722,-0.0899885148,0.830642939,0.549485564,-0.0242480021,-0.05098494,-0.5548427,0.8303915,-0.103440635,0.0,0.0,0.0,1.0]},"headPose":{"x":-0.02547557,"y":-0.0380980931,"z":0.09754834}},{"recID":46,"timestamp":0,"world2head":{"data":[0.993998945,0.049536664,0.09753059,0.0185082853,-0.09540051,0.8288174,0.551326036,-0.0246071164,-0.0535241961,-0.557322,0.8285695,-0.103874981,0.0,0.0,0.0,1.0]},"headPose":{"x":-0.0263045728,"y":-0.03841384,"z":0.09782906}},{"recID":47,"timestamp":0,"world2head":{"data":[0.9924443,0.0571640544,0.108566493,0.0190511756,-0.1080205,0.826709867,0.5521616,-0.0254173633,-0.0581892,-0.55971694,0.826638341,-0.10516692,0.0,0.0,0.0,1.0]},"headPose":{"x":-0.0277724043,"y":-0.0389399678,"z":0.098901175}},{"recID":48,"timestamp":0,"world2head":{"data":[0.991700053,0.06064245,0.113373041,0.0194825456,-0.113676324,0.825538635,0.5527782,-0.0254134461,-0.0600720048,-0.561078,0.8255803,-0.105980031,0.0,0.0,0.0,1.0]},"headPose":{"x":-0.02857618,"y":-0.03966475,"z":0.09933423}},{"recID":49,"timestamp":0,"world2head":{"data":[0.9900619,0.0665296242,0.123900183,0.0201387536,-0.12489713,0.8209108,0.55723083,-0.025667198,-0.06463865,-0.567167759,0.82106185,-0.10714034,0.0,0.0,0.0,1.0]},"headPose":{"x":-0.0300697777,"y":-0.04103589,"z":0.0997762}},{"recID":50,"timestamp":0,"world2head":{"data":[0.989339948,0.06872891,0.128385544,0.0201375168,-0.129399985,0.8193137,0.5585523,-0.0269081,-0.06679934,-0.5692112,0.819473267,-0.107569948,0.0,0.0,0.0,1.0]},"headPose":{"x":-0.03059036,"y":-0.04056787,"z":0.100594908}},{"recID":51,"timestamp":0,"world2head":{"data":[0.988351345,0.0723051,0.133916289,0.0201643519,-0.1353704,0.8197668,0.5564686,-0.0274724923,-0.06954461,-0.568114758,0.8200056,-0.10887564,0.0,0.0,0.0,1.0]},"headPose":{"x":-0.0312201418,"y":-0.0407908075,"z":0.101865873}},{"recID":52,"timestamp":0,"world2head":{"data":[0.988217831,0.0730488,0.134496629,0.0202393234,-0.136243552,0.8202386,0.5555595,-0.0275669284,-0.06973639,-0.5673381,0.820526838,-0.109536141,0.0,0.0,0.0,1.0]},"headPose":{"x":-0.03139533,"y":-0.04101103,"z":0.102470294}},{"recID":53,"timestamp":0,"world2head":{"data":[0.988025248,0.07454045,0.135091782,0.02021208,-0.137796074,0.8201964,0.555238843,-0.0279486962,-0.06941406,-0.5672051,0.820646167,-0.110554285,0.0,0.0,0.0,1.0]},"headPose":{"x":-0.031495288,"y":-0.04129015,"z":0.103513658}},{"recID":54,"timestamp":0,"world2head":{"data":[0.988179266,0.07402836,0.134244233,0.0201455541,-0.13679783,0.8210617,0.554205835,-0.0280720778,-0.06919587,-0.566019,0.8214831,-0.111018173,0.0,0.0,0.0,1.0]},"headPose":{"x":-0.0314296149,"y":-0.0412808321,"z":0.104052827}},{"recID":55,"timestamp":0,"world2head":{"data":[0.9890827,0.07107374,0.12908873,0.0203781016,-0.131434366,0.8216081,0.5546937,-0.0279029757,-0.0666362,-0.5656047,0.82197994,-0.111922957,0.0,0.0,0.0,1.0]},"headPose":{"x":-0.03128116,"y":-0.04182718,"z":0.104845442}},{"recID":56,"timestamp":0,"world2head":{"data":[0.989413,0.07075215,0.126712516,0.0206438377,-0.129863039,0.8214014,0.5553696,-0.0280959345,-0.06478825,-0.565945148,0.821893334,-0.112269558,0.0,0.0,0.0,1.0]},"headPose":{"x":-0.03134765,"y":-0.0419209674,"z":0.105261385}},{"recID":57,"timestamp":0,"world2head":{"data":[0.9903036,0.0694621354,0.12030714,0.0212272014,-0.12523149,0.82123363,0.556679845,-0.0283314865,-0.06013211,-0.5663483,0.82196945,-0.112939358,0.0,0.0,0.0,1.0]},"headPose":{"x":-0.03136065,"y":-0.04217073,"z":0.106050484}},{"recID":58,"timestamp":0,"world2head":{"data":[0.990831733,0.0695329,0.115834735,0.0218806267,-0.122785524,0.821123958,0.557386041,-0.028568564,-0.0563580021,-0.566498637,0.8221333,-0.113246605,0.0,0.0,0.0,1.0]},"headPose":{"x":-0.0315701775,"y":-0.04221713,"z":0.106492981}},{"recID":59,"timestamp":0,"world2head":{"data":[0.9914481,0.0710066557,0.109493196,0.0237373,-0.120434672,0.8209758,0.558116734,-0.02859981,-0.05026126,-0.5665305,0.822506547,-0.113614142,0.0,0.0,0.0,1.0]},"headPose":{"x":-0.0326891,"y":-0.0425716378,"z":0.10681133}},{"recID":60,"timestamp":0,"world2head":{"data":[0.9914197,0.0727773756,0.108583912,0.0245882589,-0.121436954,0.8201965,0.55904454,-0.0285772383,-0.04837434,-0.5674339,0.8219968,-0.113787159,0.0,0.0,0.0,1.0]},"headPose":{"x":-0.0333519951,"y":-0.0429172032,"z":0.10683874}},{"recID":61,"timestamp":0,"world2head":{"data":[0.990650833,0.07732996,0.112387568,0.02571794,-0.127565965,0.817074835,0.562241554,-0.02940093,-0.04835093,-0.571321964,0.819300532,-0.113735661,0.0,0.0,0.0,1.0]},"headPose":{"x":-0.0347272828,"y":-0.042945683,"z":0.106823742}},{"recID":62,"timestamp":0,"world2head":{"data":[0.9903082,0.07790742,0.114978507,0.026022844,-0.129588127,0.8161369,0.56314075,-0.030239569,-0.0499653667,-0.5725827,0.818322957,-0.113730267,0.0,0.0,0.0,1.0]},"headPose":{"x":-0.0353719,"y":-0.0424677357,"z":0.107105158}},{"recID":63,"timestamp":0,"world2head":{"data":[0.9892407,0.0817864239,0.121300511,0.0261084847,-0.136369318,0.815729856,0.5621283,-0.0311359745,-0.0529739931,-0.5726218,0.818106353,-0.113216959,0.0,0.0,0.0,1.0]},"headPose":{"x":-0.03607112,"y":-0.04156729,"z":0.106958956}},{"recID":64,"timestamp":0,"world2head":{"data":[0.9884521,0.08389522,0.1261906,0.0255482346,-0.140773624,0.816591,0.559787333,-0.0315826461,-0.05608263,-0.5710873,0.818971336,-0.112901889,0.0,0.0,0.0,1.0]},"headPose":{"x":-0.036031045,"y":-0.0408300981,"z":0.106919028}},{"recID":65,"timestamp":0,"world2head":{"data":[0.98784405,0.08515411,0.1300497,0.0242162049,-0.143664926,0.819632053,0.554584265,-0.0317136422,-0.0593677834,-0.5665263,0.821902335,-0.112665005,0.0,0.0,0.0,1.0]},"headPose":{"x":-0.0351666436,"y":-0.0398962833,"z":0.107038207}},{"recID":66,"timestamp":0,"world2head":{"data":[0.9880017,0.0848088861,0.129074037,0.0238723718,-0.1425967,0.821921349,0.5514631,-0.03158737,-0.05931974,-0.5632521,0.8241531,-0.112519689,0.0,0.0,0.0,1.0]},"headPose":{"x":-0.0347648337,"y":-0.0394391976,"z":0.107071415}},{"recID":67,"timestamp":0,"world2head":{"data":[0.988752961,0.08110413,0.125657231,0.02338385,-0.13711825,0.827077,0.5451076,-0.0309594423,-0.059717726,-0.5562067,0.8288956,-0.112196125,0.0,0.0,0.0,1.0]},"headPose":{"x":-0.03406605,"y":-0.03869492,"z":0.106936753}},{"recID":68,"timestamp":0,"world2head":{"data":[0.989295363,0.0786596239,0.122912169,0.02329334,-0.133356065,0.8293289,0.542613864,-0.0304439478,-0.0592528172,-0.55319643,0.830940962,-0.1121482,0.0,0.0,0.0,1.0]},"headPose":{"x":-0.0337489732,"y":-0.0386241823,"z":0.1068448}},{"recID":69,"timestamp":0,"world2head":{"data":[0.9902824,0.0747805461,0.11725422,0.0234450288,-0.1267268,0.832490265,0.5393517,-0.0294733532,-0.05727998,-0.548969746,0.8338772,-0.112170056,0.0,0.0,0.0,1.0]},"headPose":{"x":-0.0333773643,"y":-0.03879492,"z":0.106683522}},{"recID":70,"timestamp":0,"world2head":{"data":[0.9906557,0.0736004859,0.114822626,0.02364353,-0.124339208,0.8333374,0.538598657,-0.0291009657,-0.0560448878,-0.547842741,0.834701955,-0.112145849,0.0,0.0,0.0,1.0]},"headPose":{"x":-0.0333261862,"y":-0.0389275439,"z":0.106567279}},{"recID":71,"timestamp":0,"world2head":{"data":[0.990847051,0.07386121,0.112989679,0.0241616275,-0.123471946,0.834208131,0.537449062,-0.0285186842,-0.0545602776,-0.546480834,0.835692465,-0.11223308,0.0,0.0,0.0,1.0]},"headPose":{"x":-0.0335852019,"y":-0.0393273234,"z":0.106389664}},{"recID":72,"timestamp":0,"world2head":{"data":[0.990561962,0.07534773,0.114497721,0.02428776,-0.125564009,0.8337971,0.5376021,-0.0284249969,-0.0549607724,-0.546905,0.83538866,-0.112300135,0.0,0.0,0.0,1.0]},"headPose":{"x":-0.03379979,"y":-0.0395468548,"z":0.106314711}},{"recID":73,"timestamp":0,"world2head":{"data":[0.9896266,0.07920071,0.119860291,0.0244083349,-0.1318571,0.831960261,0.538939536,-0.0283720084,-0.057034608,-0.549153268,0.833773136,-0.112285055,0.0,0.0,0.0,1.0]},"headPose":{"x":-0.03430032,"y":-0.03999049,"z":0.105985478}},{"recID":74,"timestamp":0,"world2head":{"data":[0.9888958,0.0805775151,0.124869406,0.02412803,-0.135827765,0.830993831,0.539444268,-0.0285629947,-0.0602986328,-0.55041486,0.832711,-0.11213427,0.0,0.0,0.0,1.0]},"headPose":{"x":-0.0345012955,"y":-0.0399288759,"z":0.105770722}},{"recID":75,"timestamp":0,"world2head":{"data":[0.9878672,0.080692634,0.132691786,0.02279453,-0.140473917,0.828617334,0.5419044,-0.0287650283,-0.06622304,-0.5539693,0.829899132,-0.1121235,0.0,0.0,0.0,1.0]},"headPose":{"x":-0.03398386,"y":-0.0401171222,"z":0.105614431}},{"recID":76,"timestamp":0,"world2head":{"data":[0.987914264,0.079041034,0.133333981,0.0221385136,-0.139624059,0.827343464,0.544066131,-0.02936173,-0.06730945,-0.556107342,0.8283804,-0.112064011,0.0,0.0,0.0,1.0]},"headPose":{"x":-0.0335135236,"y":-0.0397772342,"z":0.105854541}},{"recID":77,"timestamp":0,"world2head":{"data":[0.988473237,0.076567024,0.130606815,0.02154251,-0.135690868,0.8306686,0.5399792,-0.0299406685,-0.0671463758,-0.5514772,0.8314832,-0.112047307,0.0,0.0,0.0,1.0]},"headPose":{"x":-0.03288044,"y":-0.0385702029,"z":0.106519192}},{"recID":78,"timestamp":0,"world2head":{"data":[0.988666534,0.07696009,0.128901646,0.021250844,-0.134664372,0.8341541,0.5348386,-0.0294281039,-0.0663626045,-0.5461355,0.835064054,-0.11198464,0.0,0.0,0.0,1.0]},"headPose":{"x":-0.03240451,"y":-0.0382466838,"z":0.106514372}},{"recID":79,"timestamp":0,"world2head":{"data":[0.9890959,0.07828817,0.12474075,0.021591004,-0.132854849,0.839819849,0.526357532,-0.028504815,-0.0635521859,-0.537190437,0.8410633,-0.111910895,0.0,0.0,0.0,1.0]},"headPose":{"x":-0.03225476,"y":-0.037868876,"z":0.106434591}},{"recID":80,"timestamp":0,"world2head":{"data":[0.989182353,0.0789630562,0.123625092,0.0217492618,-0.132573172,0.841963768,0.5229927,-0.0280637313,-0.06279076,-0.5337245,0.843324065,-0.1116739,0.0,0.0,0.0,1.0]},"headPose":{"x":-0.03224657,"y":-0.03769184,"z":0.106165662}},{"recID":81,"timestamp":0,"world2head":{"data":[0.9892274,0.08003911,0.12256784,0.0218736771,-0.1326316,0.8443936,0.5190456,-0.0274515934,-0.0619515553,-0.529710531,0.845913,-0.111502804,0.0,0.0,0.0,1.0]},"headPose":{"x":-0.03218676,"y":-0.0376350023,"z":0.105889291}},{"recID":82,"timestamp":0,"world2head":{"data":[0.9891489,0.08114937,0.122471057,0.02177225,-0.1335535,0.8440276,0.5194044,-0.0274540931,-0.06121961,-0.5301248,0.845706761,-0.111287013,0.0,0.0,0.0,1.0]},"headPose":{"x":-0.032015536,"y":-0.0375907943,"z":0.105709486}},{"recID":83,"timestamp":0,"world2head":{"data":[0.9892839,0.0817830563,0.120949775,0.0222287141,-0.133335069,0.84358716,0.520175457,-0.0280796047,-0.0594901331,-0.5307281,0.8454517,-0.110785194,0.0,0.0,0.0,1.0]},"headPose":{"x":-0.0323251337,"y":-0.0369271524,"z":0.105581306}},{"recID":84,"timestamp":0,"world2head":{"data":[0.98912245,0.08217047,0.122003466,0.0220572036,-0.1341735,0.843939364,0.51938796,-0.0276304111,-0.06028518,-0.530107856,0.8457845,-0.110459931,0.0,0.0,0.0,1.0]},"headPose":{"x":-0.03218364,"y":-0.0370497443,"z":0.105085135}},{"recID":85,"timestamp":0,"world2head":{"data":[0.989233,0.0817787349,0.121368222,0.022037359,-0.133620858,0.842970431,0.5211011,-0.0277301539,-0.0596948341,-0.531707764,0.8448215,-0.110107049,0.0,0.0,0.0,1.0]},"headPose":{"x":-0.0320782326,"y":-0.03697126,"z":0.10479638}},{"recID":86,"timestamp":0,"world2head":{"data":[0.9892632,0.0816875249,0.121183634,0.0222058073,-0.133584857,0.8417373,0.5230999,-0.0276176333,-0.0592740364,-0.533671737,0.8436119,-0.109752983,0.0,0.0,0.0,1.0]},"headPose":{"x":-0.03216219,"y":-0.03713922,"z":0.104344726}},{"recID":87,"timestamp":0,"world2head":{"data":[0.9887906,0.0818331242,0.124885932,0.0226198938,-0.135995433,0.838869333,0.5270707,-0.0279786214,-0.0616311543,-0.538146436,0.840595067,-0.109171517,0.0,0.0,0.0,1.0]},"headPose":{"x":-0.0328996666,"y":-0.03713091,"z":0.103690833}},{"recID":88,"timestamp":0,"world2head":{"data":[0.988425732,0.08103604,0.128248692,0.0224132,-0.137304261,0.837369561,0.5291123,-0.0280306078,-0.06451438,-0.54059726,0.838804245,-0.109021328,0.0,0.0,0.0,1.0]},"headPose":{"x":-0.03303595,"y":-0.0372809321,"z":0.103404418}},{"recID":89,"timestamp":0,"world2head":{"data":[0.9877835,0.07817012,0.13480787,0.0223371573,-0.138565823,0.8363937,0.5303255,-0.0286187716,-0.07129684,-0.542526543,0.8370076,-0.108679816,0.0,0.0,0.0,1.0]},"headPose":{"x":-0.0337783881,"y":-0.0367712229,"z":0.103131875}},{"recID":90,"timestamp":0,"world2head":{"data":[0.987352431,0.0765675455,0.138825715,0.0221956261,-0.139413849,0.836267,0.530303061,-0.02831525,-0.0754913539,-0.5429502,0.8363648,-0.108526766,0.0,0.0,0.0,1.0]},"headPose":{"x":-0.0340552777,"y":-0.03694499,"z":0.102702312}},{"recID":91,"timestamp":0,"world2head":{"data":[0.9865048,0.07346245,0.146326885,0.0218187273,-0.140974134,0.8356293,0.5308955,-0.0281932522,-0.0832741559,-0.5443592,0.8347086,-0.108145386,0.0,0.0,0.0,1.0]},"headPose":{"x":-0.0345045142,"y":-0.036913693,"z":0.102044895}},{"recID":92,"timestamp":0,"world2head":{"data":[0.9861366,0.07161324,0.1496869,0.021716889,-0.141299516,0.8353648,0.531225145,-0.0283572935,-0.08700041,-0.5450112,0.8339027,-0.107833982,0.0,0.0,0.0,1.0]},"headPose":{"x":-0.034804292,"y":-0.0366372578,"z":0.101736411}},{"recID":93,"timestamp":0,"world2head":{"data":[0.9855486,0.0672285557,0.155480519,0.02136716,-0.140859425,0.8350817,0.5317868,-0.0280086137,-0.0940877,-0.5460026,0.8324834,-0.107384443,0.0,0.0,0.0,1.0]},"headPose":{"x":-0.0351072066,"y":-0.0366791934,"z":0.1009682}},{"recID":94,"timestamp":0,"world2head":{"data":[0.985503554,0.0648449,0.156773329,0.02124114,-0.139618665,0.8349567,0.53231,-0.0280829482,-0.09638136,-0.546481848,0.8319063,-0.107222058,0.0,0.0,0.0,1.0]},"headPose":{"x":-0.03518833,"y":-0.03652425,"z":0.100817509}},{"recID":95,"timestamp":0,"world2head":{"data":[0.9856223,0.0613023266,0.157450616,0.021258343,-0.13709113,0.8348521,0.5331304,-0.0275556613,-0.09876585,-0.547050357,0.8312528,-0.106871448,0.0,0.0,0.0,1.0]},"headPose":{"x":-0.03528558,"y":-0.0367623456,"z":0.10018082}},{"recID":96,"timestamp":0,"world2head":{"data":[0.985745251,0.0601372756,0.157130077,0.0213571154,-0.136028051,0.8344767,0.533989668,-0.0277099982,-0.0990087,-0.5477519,0.8307618,-0.106570534,0.0,0.0,0.0,1.0]},"headPose":{"x":-0.0353734232,"y":-0.03653522,"z":0.0999757349}},{"recID":97,"timestamp":0,"world2head":{"data":[0.986310959,0.0589967035,0.153980881,0.0216502622,-0.133433819,0.8341956,0.53508234,-0.0278537087,-0.0968820751,-0.548303843,0.8306484,-0.105993673,0.0,0.0,0.0,1.0]},"headPose":{"x":-0.0353394039,"y":-0.0361585878,"z":0.09961378}},{"recID":98,"timestamp":0,"world2head":{"data":[0.986634731,0.05942306,0.151726067,0.0219745133,-0.132505372,0.8345173,0.5348114,-0.02773729,-0.09483789,-0.547768,0.8312376,-0.105759166,0.0,0.0,0.0,1.0]},"headPose":{"x":-0.0353861339,"y":-0.03609003,"z":0.09941111}},{"recID":99,"timestamp":0,"world2head":{"data":[0.986919761,0.0616541281,0.148956925,0.0224765874,-0.13275966,0.8350011,0.5339926,-0.02731547,-0.09145635,-0.546783268,0.8322643,-0.1052966,0.0,0.0,0.0,1.0]},"headPose":{"x":-0.0354390219,"y":-0.0361517444,"z":0.0988728}},{"recID":100,"timestamp":0,"world2head":{"data":[0.987107158,0.06271827,0.147261158,0.02261848,-0.13271144,0.8350461,0.5339342,-0.0271777119,-0.0894824341,-0.5465935,0.832603455,-0.105235554,0.0,0.0,0.0,1.0]},"headPose":{"x":-0.03535039,"y":-0.0362450145,"z":0.0987997651}},{"recID":101,"timestamp":0,"world2head":{"data":[0.9875588,0.06455627,0.143388093,0.023142349,-0.1321976,0.834623635,0.534721553,-0.0271362718,-0.08515546,-0.547024548,0.832774043,-0.104855835,0.0,0.0,0.0,1.0]},"headPose":{"x":-0.03537083,"y":-0.03620413,"z":0.0985132456}},{"recID":102,"timestamp":0,"world2head":{"data":[0.987632632,0.06563373,0.142386809,0.0233624727,-0.1325204,0.8347762,0.5344034,-0.0269842539,-0.0837862343,-0.546663344,0.83315,-0.104756877,0.0,0.0,0.0,1.0]},"headPose":{"x":-0.03542669,"y":-0.03627431,"z":0.09837218}},{"recID":103,"timestamp":0,"world2head":{"data":[0.987571,0.0667218,0.142308459,0.0234664883,-0.133362561,0.8348602,0.5340626,-0.0268609338,-0.0831740648,-0.5464034,0.833381951,-0.104534678,0.0,0.0,0.0,1.0]},"headPose":{"x":-0.03545164,"y":-0.0362587,"z":0.09812325}},{"recID":104,"timestamp":0,"world2head":{"data":[0.9876912,0.06591092,0.1418513,0.0234538652,-0.132441312,0.834894,0.534239,-0.02686628,-0.08321863,-0.5464502,0.833346844,-0.104473166,0.0,0.0,0.0,1.0]},"headPose":{"x":-0.0354174934,"y":-0.0362047441,"z":0.09808843}},{"recID":105,"timestamp":0,"world2head":{"data":[0.9878831,0.06452881,0.141149163,0.0234439522,-0.1309302,0.8348359,0.5347021,-0.0266230218,-0.0833327,-0.5467039,0.833169,-0.104345568,0.0,0.0,0.0,1.0]},"headPose":{"x":-0.03534104,"y":-0.0363330767,"z":0.09786378}},{"recID":106,"timestamp":0,"world2head":{"data":[0.9878772,0.06414816,0.14136377,0.0234222,-0.1307252,0.8348827,0.5346792,-0.0266350713,-0.08372347,-0.5466771,0.8331473,-0.1042326,0.0,0.0,0.0,1.0]},"headPose":{"x":-0.035346847,"y":-0.0362469144,"z":0.09777128}},{"recID":107,"timestamp":0,"world2head":{"data":[0.987852037,0.06351888,0.1418228,0.023220852,-0.13039045,0.8352978,0.5341123,-0.0268765613,-0.0845380649,-0.5461163,0.8334329,-0.1037464,0.0,0.0,0.0,1.0]},"headPose":{"x":-0.03521373,"y":-0.03568262,"z":0.09752751}},{"recID":108,"timestamp":0,"world2head":{"data":[0.9879517,0.06355743,0.141109675,0.02321281,-0.129918128,0.8360677,0.533021748,-0.0269217417,-0.08409974,-0.5449324,0.8342517,-0.1035624,0.0,0.0,0.0,1.0]},"headPose":{"x":-0.0351403281,"y":-0.0354014561,"z":0.09747142}},{"recID":109,"timestamp":0,"world2head":{"data":[0.988014638,0.0648452342,0.140079319,0.0234273672,-0.130106673,0.838163137,0.529674232,-0.0266292617,-0.0830624849,-0.5415512,0.8365542,-0.103455938,0.0,0.0,0.0,1.0]},"headPose":{"x":-0.03520453,"y":-0.0352261662,"z":0.09736965}},{"recID":110,"timestamp":0,"world2head":{"data":[0.9879564,0.06563473,0.1401223,0.0234952141,-0.1306846,0.8388096,0.5285073,-0.02645009,-0.0828475058,-0.540454,0.8372848,-0.103475019,0.0,0.0,0.0,1.0]},"headPose":{"x":-0.03524151,"y":-0.0352789946,"z":0.0973249152}},{"recID":111,"timestamp":0,"world2head":{"data":[0.9878114,0.06691196,0.140539974,0.0236069839,-0.131952524,0.838901043,0.528046966,-0.0264048968,-0.08256648,-0.5401554,0.8375052,-0.1032541,0.0,0.0,0.0,1.0]},"headPose":{"x":-0.03532877,"y":-0.0352017544,"z":0.0971011445}},{"recID":112,"timestamp":0,"world2head":{"data":[0.9876558,0.06780155,0.141205385,0.023570843,-0.133068,0.83875376,0.528001,-0.02644397,-0.0826372653,-0.54027313,0.837422252,-0.103268631,0.0,0.0,0.0,1.0]},"headPose":{"x":-0.0353325643,"y":-0.0352114327,"z":0.09711356}},{"recID":113,"timestamp":0,"world2head":{"data":[0.98740387,0.06797847,0.142872378,0.0233520214,-0.134115815,0.8386883,0.527839839,-0.026669547,-0.08394366,-0.5403525,0.837241054,-0.103239253,0.0,0.0,0.0,1.0]},"headPose":{"x":-0.0353009626,"y":-0.03500559,"z":0.0971770361}},{"recID":114,"timestamp":0,"world2head":{"data":[0.987337351,0.06756565,0.143526524,0.0231969766,-0.134105608,0.838803053,0.52766,-0.0266070068,-0.0847388,-0.5402261,0.837242544,-0.103329085,0.0,0.0,0.0,1.0]},"headPose":{"x":-0.03522737,"y":-0.0350703523,"z":0.0972215757}},{"recID":115,"timestamp":0,"world2head":{"data":[0.9873367,0.06649946,0.144028217,0.0228626356,-0.133507431,0.838698,0.5279786,-0.02666714,-0.08568588,-0.540521443,0.8369554,-0.103375971,0.0,0.0,0.0,1.0]},"headPose":{"x":-0.034991242,"y":-0.03503161,"z":0.0973079056}},{"recID":116,"timestamp":0,"world2head":{"data":[0.987372,0.06615191,0.143946037,0.0226950943,-0.133181721,0.83866,0.5281213,-0.0266608484,-0.08578556,-0.5406231,0.8368796,-0.103459023,0.0,0.0,0.0,1.0]},"headPose":{"x":-0.0348345265,"y":-0.0350742824,"z":0.09739604}},{"recID":117,"timestamp":0,"world2head":{"data":[0.98743397,0.06588412,0.143643633,0.0223926958,-0.132887542,0.8380955,0.5290906,-0.0265609622,-0.0855284,-0.54153043,0.8363191,-0.10349308,0.0,0.0,0.0,1.0]},"headPose":{"x":-0.0344925262,"y":-0.03525936,"z":0.09738983}},{"recID":118,"timestamp":0,"world2head":{"data":[0.9874839,0.06558574,0.1434365,0.0221675728,-0.1325647,0.83787334,0.529523253,-0.0266304873,-0.0854524449,-0.5419103,0.8360808,-0.103475079,0.0,0.0,0.0,1.0]},"headPose":{"x":-0.0342625827,"y":-0.0352151133,"z":0.09743535}},{"recID":119,"timestamp":0,"world2head":{"data":[0.9878677,0.06481507,0.141125217,0.02197501,-0.130703032,0.8377714,0.5301469,-0.0266696345,-0.08386917,-0.5421606,0.8360789,-0.1036234,0.0,0.0,0.0,1.0]},"headPose":{"x":-0.033885017,"y":-0.0352617726,"z":0.0976749361}},{"recID":120,"timestamp":0,"world2head":{"data":[0.988084257,0.06446681,0.13976258,0.0219648667,-0.129688084,0.837740958,0.530444264,-0.0266426187,-0.0828888,-0.5422492,0.8361192,-0.103635363,0.0,0.0,0.0,1.0]},"headPose":{"x":-0.0337485746,"y":-0.03529258,"z":0.097714074}},{"recID":121,"timestamp":0,"world2head":{"data":[0.9884366,0.06475067,0.137114853,0.0220389515,-0.128523633,0.8375923,0.530962169,-0.0265514217,-0.08046619,-0.5424449,0.836228848,-0.10369242,0.0,0.0,0.0,1.0]},"headPose":{"x":-0.0335403234,"y":-0.0354352,"z":0.09778653}},{"recID":122,"timestamp":0,"world2head":{"data":[0.988554657,0.06495951,0.136161536,0.0220778529,-0.12820445,0.8374561,0.5312541,-0.0265506618,-0.0795192942,-0.542630255,0.836199164,-0.103734307,0.0,0.0,0.0,1.0]},"headPose":{"x":-0.03347796,"y":-0.0354885235,"z":0.09784154}},{"recID":123,"timestamp":0,"world2head":{"data":[0.9886854,0.06590663,0.134749547,0.0221925266,-0.128270343,0.8371759,0.5316797,-0.0266005136,-0.07776788,-0.5429483,0.8361575,-0.103815056,0.0,0.0,0.0,1.0]},"headPose":{"x":-0.0334269553,"y":-0.03555953,"z":0.0979582444}},{"recID":124,"timestamp":0,"world2head":{"data":[0.988687,0.06611839,0.134634256,0.0221805014,-0.128387287,0.837151,0.531690657,-0.0266970284,-0.07755467,-0.542960942,0.836169064,-0.103815481,0.0,0.0,0.0,1.0]},"headPose":{"x":-0.0334085077,"y":-0.03548485,"z":0.0980156}},{"recID":125,"timestamp":0,"world2head":{"data":[0.9885399,0.06654009,0.1355041,0.02210714,-0.129226208,0.836998165,0.53172797,-0.0266592782,-0.07803545,-0.543145,0.8360048,-0.103885092,0.0,0.0,0.0,1.0]},"headPose":{"x":-0.0334055871,"y":-0.0355819166,"z":0.09802832}},{"recID":126,"timestamp":0,"world2head":{"data":[0.9884098,0.06680821,0.13631849,0.0219366513,-0.1299184,0.8367755,0.531909764,-0.0266798828,-0.07853203,-0.543455064,0.8357567,-0.103941612,0.0,0.0,0.0,1.0]},"headPose":{"x":-0.0333113559,"y":-0.0356280766,"z":0.09807082}},{"recID":127,"timestamp":0,"world2head":{"data":[0.9883426,0.0663884059,0.137009352,0.0215902068,-0.129973114,0.83656764,0.5322233,-0.026724562,-0.07928415,-0.5438264,0.8354441,-0.104123376,0.0,0.0,0.0,1.0]},"headPose":{"x":-0.0330673233,"y":-0.03570148,"z":0.09825463}},{"recID":128,"timestamp":0,"world2head":{"data":[0.9883865,0.06569348,0.137027323,0.02147422,-0.129417822,0.836500049,0.532464862,-0.0268271454,-0.0796439,-0.5440148,0.8352872,-0.104074091,0.0,0.0,0.0,1.0]},"headPose":{"x":-0.0329856053,"y":-0.0355876572,"z":0.09827371}},{"recID":129,"timestamp":0,"world2head":{"data":[0.9884896,0.06479676,0.136709839,0.0211996268,-0.128486127,0.836628735,0.532488167,-0.0267724376,-0.0798718557,-0.5439244,0.835324347,-0.104185663,0.0,0.0,0.0,1.0]},"headPose":{"x":-0.0327170044,"y":-0.035644196,"z":0.09838663}},{"recID":130,"timestamp":0,"world2head":{"data":[0.9885298,0.06431331,0.13664785,0.0210517962,-0.128043875,0.836689234,0.532499731,-0.026729526,-0.0800849646,-0.543888748,0.835327148,-0.104148075,0.0,0.0,0.0,1.0]},"headPose":{"x":-0.0325735733,"y":-0.03563457,"z":0.0983544961}},{"recID":131,"timestamp":0,"world2head":{"data":[0.9888073,0.06400743,0.1347706,0.0209479388,-0.126791418,0.836606,0.5329299,-0.0268710535,-0.0786384344,-0.5440527,0.8353578,-0.104284525,0.0,0.0,0.0,1.0]},"headPose":{"x":-0.0323212668,"y":-0.035596624,"z":0.0986121148}},{"recID":132,"timestamp":0,"world2head":{"data":[0.988896847,0.06402226,0.1341051,0.0209175944,-0.126406983,0.8368707,0.532605648,-0.02690856,-0.07813002,-0.543643832,0.835671663,-0.104280539,0.0,0.0,0.0,1.0]},"headPose":{"x":-0.03223421,"y":-0.03551168,"z":0.09867078}},{"recID":133,"timestamp":0,"world2head":{"data":[0.989059567,0.0638636649,0.132976085,0.0208967552,-0.125610441,0.837272167,0.532162964,-0.0267287679,-0.0773513,-0.543044031,0.836133957,-0.104444049,0.0,0.0,0.0,1.0]},"headPose":{"x":-0.03210443,"y":-0.0356730036,"z":0.0987745}},{"recID":134,"timestamp":0,"world2head":{"data":[0.989212334,0.06321061,0.132149071,0.0209467728,-0.12462011,0.8373021,0.5323487,-0.0266916323,-0.07699863,-0.5430743,0.836146832,-0.104508974,0.0,0.0,0.0,1.0]},"headPose":{"x":-0.0320941657,"y":-0.0357312374,"z":0.0988260061}},{"recID":135,"timestamp":0,"world2head":{"data":[0.989124537,0.06374435,0.1325494,0.02084142,-0.125368953,0.836658239,0.53318435,-0.02657446,-0.07691108,-0.5440033,0.8355508,-0.104636595,0.0,0.0,0.0,1.0]},"headPose":{"x":-0.031994082,"y":-0.0360174365,"z":0.09883576}},{"recID":136,"timestamp":0,"world2head":{"data":[0.9890733,0.06367977,0.132962361,0.0206682142,-0.125636861,0.8359617,0.5342129,-0.0265142173,-0.07713288,-0.5450806,0.8348279,-0.104636535,0.0,0.0,0.0,1.0]},"headPose":{"x":-0.03184446,"y":-0.036186628,"z":0.098769635}},{"recID":137,"timestamp":0,"world2head":{"data":[0.9892353,0.06328852,0.131939754,0.02056493,-0.124949448,0.8346116,0.5364804,-0.0269023776,-0.07616541,-0.547191143,0.8335351,-0.104516692,0.0,0.0,0.0,1.0]},"headPose":{"x":-0.03166555,"y":-0.0360390954,"z":0.09883759}},{"recID":138,"timestamp":0,"world2head":{"data":[0.989237666,0.06346027,0.13183938,0.02050538,-0.1250397,0.8345915,0.5364905,-0.0267183837,-0.0759862,-0.5472018,0.833544433,-0.104602054,0.0,0.0,0.0,1.0]},"headPose":{"x":-0.0315738656,"y":-0.03624077,"z":0.0988212}},{"recID":139,"timestamp":0,"world2head":{"data":[0.989292145,0.06362523,0.131350234,0.0203959644,-0.124896005,0.8346981,0.5363581,-0.026626952,-0.07551188,-0.547019958,0.833706856,-0.104678482,0.0,0.0,0.0,1.0]},"headPose":{"x":-0.0314076357,"y":-0.0363334566,"z":0.0988737345}},{"recID":140,"timestamp":0,"world2head":{"data":[0.9893363,0.06347579,0.131089523,0.0204123221,-0.124664143,0.83445853,0.536784768,-0.0265111048,-0.07531594,-0.547402859,0.833473265,-0.104704633,0.0,0.0,0.0,1.0]},"headPose":{"x":-0.0313855633,"y":-0.03648888,"z":0.09882342}},{"recID":141,"timestamp":0,"world2head":{"data":[0.989314735,0.0625498444,0.131696329,0.020333508,-0.124297068,0.833966255,0.5376343,-0.0265344679,-0.07620136,-0.54825896,0.832829833,-0.104705617,0.0,0.0,0.0,1.0]},"headPose":{"x":-0.0313931033,"y":-0.0365488,"z":0.0987899452}},{"recID":142,"timestamp":0,"world2head":{"data":[0.989218831,0.062370155,0.132499292,0.0202281512,-0.124617919,0.833732247,0.53792274,-0.0264645051,-0.07691862,-0.5486351,0.8325161,-0.104806766,0.0,0.0,0.0,1.0]},"headPose":{"x":-0.03136961,"y":-0.03669799,"z":0.09880897}},{"recID":143,"timestamp":0,"world2head":{"data":[0.98910147,0.06125626,0.133888,0.0199803766,-0.124569818,0.8329237,0.539185047,-0.026357539,-0.07849004,-0.5499871,0.831476748,-0.104957163,0.0,0.0,0.0,1.0]},"headPose":{"x":-0.0312840641,"y":-0.03699519,"z":0.0988059}},{"recID":144,"timestamp":0,"world2head":{"data":[0.9891238,0.0605000928,0.134066582,0.0199084524,-0.124099024,0.8325406,0.5398848,-0.0263714734,-0.07895279,-0.5506505,0.830993652,-0.105058149,0.0,0.0,0.0,1.0]},"headPose":{"x":-0.03125923,"y":-0.037099462,"z":0.098871164}},{"recID":145,"timestamp":0,"world2head":{"data":[0.9889972,0.06055408,0.1349731,0.0197774731,-0.124759369,0.8317017,0.5410244,-0.0259516984,-0.07949613,-0.5519108,0.830105364,-0.105273113,0.0,0.0,0.0,1.0]},"headPose":{"x":-0.031166384,"y":-0.0377148949,"z":0.09875884}},{"recID":146,"timestamp":0,"world2head":{"data":[0.9889507,0.0605580471,0.13531141,0.0196874663,-0.125063345,0.8308999,0.542184949,-0.0259274244,-0.07959658,-0.5531167,0.829292655,-0.105212465,0.0,0.0,0.0,1.0]},"headPose":{"x":-0.0310870558,"y":-0.0378439128,"z":0.09864545}},{"recID":147,"timestamp":0,"world