[{"recID":0,"timestamp":0,"world2head":{"data":[0.975425243,0.05933798,-0.212190136,0.0121559985,0.08285687,0.793573141,0.602807045,-0.171903,0.204157755,-0.6055746,0.7691547,-0.275211036,0.0,0.0,0.0,1.0]},"headPose":{"x":0.0585725419,"y":-0.03096453,"z":0.317883581}},{"recID":1,"timestamp":0,"world2head":{"data":[0.97840625,0.0668194443,-0.195592314,0.01050454,0.06892623,0.786657155,0.6135306,-0.173796639,0.194859862,-0.61376363,0.765064657,-0.274820983,0.0,0.0,0.0,1.0]},"headPose":{"x":0.0552530251,"y":-0.0326586552,"z":0.318939984}},{"recID":2,"timestamp":0,"world2head":{"data":[0.97840625,0.0668194443,-0.195592314,0.01050454,0.06892623,0.786657155,0.6135306,-0.173796639,0.194859862,-0.61376363,0.765064657,-0.274820983,0.0,0.0,0.0,1.0]},"headPose":{"x":0.0552530251,"y":-0.0326586552,"z":0.318939984}},{"recID":3,"timestamp":0,"world2head":{"data":[0.97840625,0.0668194443,-0.195592314,0.01050454,0.06892623,0.786657155,0.6135306,-0.173796639,0.194859862,-0.61376363,0.765064657,-0.274820983,0.0,0.0,0.0,1.0]},"headPose":{"x":0.0552530251,"y":-0.0326586552,"z":0.318939984}},{"recID":4,"timestamp":0,"world2head":{"data":[0.97840625,0.0668194443,-0.195592314,0.01050454,0.06892623,0.786657155,0.6135306,-0.173796639,0.194859862,-0.61376363,0.765064657,-0.274820983,0.0,0.0,0.0,1.0]},"headPose":{"x":0.0552530251,"y":-0.0326586552,"z":0.318939984}},{"recID":5,"timestamp":0,"world2head":{"data":[0.97840625,0.0668194443,-0.195592314,0.01050454,0.06892623,0.786657155,0.6135306,-0.173796639,0.194859862,-0.61376363,0.765064657,-0.274820983,0.0,0.0,0.0,1.0]},"headPose":{"x":0.0552530251,"y":-0.0326586552,"z":0.318939984}},{"recID":6,"timestamp":0,"world2head":{"data":[0.97840625,0.0668194443,-0.195592314,0.01050454,0.06892623,0.786657155,0.6135306,-0.173796639,0.194859862,-0.61376363,0.765064657,-0.274820983,0.0,0.0,0.0,1.0]},"headPose":{"x":0.0552530251,"y":-0.0326586552,"z":0.318939984}},{"recID":7,"timestamp":0,"world2head":{"data":[0.97840625,0.0668194443,-0.195592314,0.01050454,0.06892623,0.786657155,0.6135306,-0.173796639,0.194859862,-0.61376363,0.765064657,-0.274820983,0.0,0.0,0.0,1.0]},"headPose":{"x":0.0552530251,"y":-0.0326586552,"z":0.318939984}},{"recID":8,"timestamp":0,"world2head":{"data":[0.97840625,0.0668194443,-0.195592314,0.01050454,0.06892623,0.786657155,0.6135306,-0.173796639,0.194859862,-0.61376363,0.765064657,-0.274820983,0.0,0.0,0.0,1.0]},"headPose":{"x":0.0552530251,"y":-0.0326586552,"z":0.318939984}},{"recID":9,"timestamp":0,"world2head":{"data":[0.97840625,0.0668194443,-0.195592314,0.01050454,0.06892623,0.786657155,0.6135306,-0.173796639,0.194859862,-0.61376363,0.765064657,-0.274820983,0.0,0.0,0.0,1.0]},"headPose":{"x":0.0552530251,"y":-0.0326586552,"z":0.318939984}},{"recID":10,"timestamp":0,"world2head":{"data":[0.97840625,0.0668194443,-0.195592314,0.01050454,0.06892623,0.786657155,0.6135306,-0.173796639,0.194859862,-0.61376363,0.765064657,-0.274820983,0.0,0.0,0.0,1.0]},"headPose":{"x":0.0552530251,"y":-0.0326586552,"z":0.318939984}},{"recID":11,"timestamp":0,"world2head":{"data":[0.97840625,0.0668194443,-0.195592314,0.01050454,0.06892623,0.786657155,0.6135306,-0.173796639,0.194859862,-0.61376363,0.765064657,-0.274820983,0.0,0.0,0.0,1.0]},"headPose":{"x":0.0552530251,"y":-0.0326586552,"z":0.318939984}},{"recID":12,"timestamp":0,"world2head":{"data":[0.97840625,0.0668194443,-0.195592314,0.01050454,0.06892623,0.786657155,0.6135306,-0.173796639,0.194859862,-0.61376363,0.765064657,-0.274820983,0.0,0.0,0.0,1.0]},"headPose":{"x":0.0552530251,"y":-0.0326586552,"z":0.318939984}},{"recID":13,"timestamp":0,"world2head":{"data":[0.97840625,0.0668194443,-0.195592314,0.01050454,0.06892623,0.786657155,0.6135306,-0.173796639,0.194859862,-0.61376363,0.765064657,-0.274820983,0.0,0.0,0.0,1.0]},"headPose":{"x":0.0552530251,"y":-0.0326586552,"z":0.318939984}},{"recID":14,"timestamp":0,"world2head":{"data":[0.97840625,0.0668194443,-0.195592314,0.01050454,0.06892623,0.786657155,0.6135306,-0.173796639,0.194859862,-0.61376363,0.765064657,-0.274820983,0.0,0.0,0.0,1.0]},"headPose":{"x":0.0552530251,"y":-0.0326586552,"z":0.318939984}},{"recID":15,"timestamp":0,"world2head":{"data":[0.97840625,0.0668194443,-0.195592314,0.01050454,0.06892623,0.786657155,0.6135306,-0.173796639,0.194859862,-0.61376363,0.765064657,-0.274820983,0.0,0.0,0.0,1.0]},"headPose":{"x":0.0552530251,"y":-0.0326586552,"z":0.318939984}},{"recID":16,"timestamp":0,"world2head":{"data":[0.97840625,0.0668194443,-0.195592314,0.01050454,0.06892623,0.786657155,0.6135306,-0.173796639,0.194859862,-0.61376363,0.765064657,-0.274820983,0.0,0.0,0.0,1.0]},"headPose":{"x":0.0552530251,"y":-0.0326586552,"z":0.318939984}},{"recID":17,"timestamp":0,"world2head":{"data":[0.97840625,0.0668194443,-0.195592314,0.01050454,0.06892623,0.786657155,0.6135306,-0.173796639,0.194859862,-0.61376363,0.765064657,-0.274820983,0.0,0.0,0.0,1.0]},"headPose":{"x":0.0552530251,"y":-0.0326586552,"z":0.318939984}},{"recID":18,"timestamp":0,"world2head":{"data":[0.978595436,0.06701938,-0.194574818,0.0103432871,0.0681985542,0.786446452,0.613881946,-0.17385076,0.194164649,-0.614011765,0.765042245,-0.274829984,0.0,0.0,0.0,1.0]},"headPose":{"x":0.05509675,"y":-0.0327177569,"z":0.3189929}},{"recID":19,"timestamp":0,"world2head":{"data":[0.978595436,0.06701938,-0.194574818,0.0103432871,0.0681985542,0.786446452,0.613881946,-0.17385076,0.194164649,-0.614011765,0.765042245,-0.274829984,0.0,0.0,0.0,1.0]},"headPose":{"x":0.05509675,"y":-0.0327177569,"z":0.3189929}},{"recID":20,"timestamp":0,"world2head":{"data":[0.9790032,0.06740833,-0.192376837,0.009995308,0.06664283,0.78604126,0.6145713,-0.173937961,0.192643359,-0.6144878,0.7650446,-0.274858147,0.0,0.0,0.0,1.0]},"headPose":{"x":0.0547558777,"y":-0.0328483172,"z":0.3190989}},{"recID":21,"timestamp":0,"world2head":{"data":[0.9792652,0.06756394,-0.190983817,0.009702507,0.06579744,0.785557866,0.6152801,-0.17397666,0.1915996,-0.615088642,0.7648239,-0.274787784,0.0,0.0,0.0,1.0]},"headPose":{"x":0.05459511,"y":-0.0330056436,"z":0.319061637}},{"recID":22,"timestamp":0,"world2head":{"data":[0.979364455,0.06759414,-0.1904633,0.009626623,0.06556292,0.7851842,0.615781963,-0.174249753,0.191172034,-0.61556226,0.764549851,-0.274741918,0.0,0.0,0.0,1.0]},"headPose":{"x":0.05451931,"y":-0.032953307,"z":0.319187224}},{"recID":23,"timestamp":0,"world2head":{"data":[0.979517341,0.06797694,-0.189538673,0.009455435,0.06461102,0.7854151,0.61558795,-0.174030021,0.190712318,-0.6152253,0.7649357,-0.274821073,0.0,0.0,0.0,1.0]},"headPose":{"x":0.0543942526,"y":-0.03303384,"z":0.319143385}},{"recID":24,"timestamp":0,"world2head":{"data":[0.979687,0.06814389,-0.1885998,0.009216227,0.06389803,0.785390735,0.6156935,-0.17392306,0.190080285,-0.615238,0.765082836,-0.274789035,0.0,0.0,0.0,1.0]},"headPose":{"x":0.0543163,"y":-0.0330911465,"z":0.319057822}},{"recID":25,"timestamp":0,"world2head":{"data":[0.9798367,0.06843285,-0.187715113,0.008972842,0.06329197,0.7848199,0.6164834,-0.174127862,0.189510286,-0.615933955,0.7646641,-0.27453053,0.0,0.0,0.0,1.0]},"headPose":{"x":0.0542553365,"y":-0.0330476835,"z":0.318954945}},{"recID":26,"timestamp":0,"world2head":{"data":[0.9799196,0.06887297,-0.187120318,0.00888747,0.062497288,0.7850691,0.6162472,-0.173988521,0.189345151,-0.6155672,0.7650003,-0.274778575,0.0,0.0,0.0,1.0]},"headPose":{"x":0.0541927963,"y":-0.0331637636,"z":0.319088638}},{"recID":27,"timestamp":0,"world2head":{"data":[0.9799842,0.0687496439,-0.186827287,0.008831009,0.0623561032,0.785242558,0.616040468,-0.173938617,0.1890573,-0.6153598,0.7652384,-0.2748147,0.0,0.0,0.0,1.0]},"headPose":{"x":0.05414761,"y":-0.03313302,"z":0.3191018}},{"recID":28,"timestamp":0,"world2head":{"data":[0.9801052,0.0684846,-0.186288968,0.008727141,0.06221185,0.7852853,0.616000533,-0.173789129,0.188476548,-0.615334749,0.765401661,-0.27485013,0.0,0.0,0.0,1.0]},"headPose":{"x":0.0540610328,"y":-0.03324847,"z":0.319050729}},{"recID":29,"timestamp":0,"world2head":{"data":[0.9800819,0.06809788,-0.18655327,0.00888607651,0.0628148243,0.7848456,0.6164996,-0.173935682,0.188397825,-0.615938365,0.7649354,-0.274594545,0.0,0.0,0.0,1.0]},"headPose":{"x":0.05394968,"y":-0.03322582,"z":0.3189361}},{"recID":30,"timestamp":0,"world2head":{"data":[0.9801372,0.06835464,-0.1861684,0.008819222,0.06254317,0.784285665,0.617239356,-0.174087211,0.188200384,-0.6166228,0.7644325,-0.274437368,0.0,0.0,0.0,1.0]},"headPose":{"x":0.05389313,"y":-0.03329306,"z":0.318884134}},{"recID":31,"timestamp":0,"world2head":{"data":[0.980261,0.06890764,-0.1853107,0.008616637,0.0615572259,0.7843316,0.617280066,-0.1742854,0.187880352,-0.6165028,0.764607966,-0.274418324,0.0,0.0,0.0,1.0]},"headPose":{"x":0.0538397841,"y":-0.0330758654,"z":0.319002062}},{"recID":32,"timestamp":0,"world2head":{"data":[0.9803378,0.06928122,-0.184764415,0.008447561,0.0608505756,0.784564257,0.617054343,-0.173979387,0.187709838,-0.6161647,0.764922261,-0.274423182,0.0,0.0,0.0,1.0]},"headPose":{"x":0.0538172126,"y":-0.0331771336,"z":0.318827927}},{"recID":33,"timestamp":0,"world2head":{"data":[0.980303347,0.06948145,-0.184872031,0.008444577,0.060838297,0.78431356,0.617374241,-0.17420128,0.187893689,-0.616461337,0.764638066,-0.274396956,0.0,0.0,0.0,1.0]},"headPose":{"x":0.05387732,"y":-0.0331134461,"z":0.3189229}},{"recID":34,"timestamp":0,"world2head":{"data":[0.980327,0.069308944,-0.184811309,0.008485094,0.0607965365,0.7847673,0.6168015,-0.173949808,0.187783733,-0.615903,0.7651149,-0.274364978,0.0,0.0,0.0,1.0]},"headPose":{"x":0.0537786558,"y":-0.03306019,"z":0.318781346}},{"recID":35,"timestamp":0,"world2head":{"data":[0.9803772,0.06913768,-0.184609234,0.008402422,0.0607607625,0.784906864,0.616627455,-0.173817188,0.18753323,-0.6157445,0.7653039,-0.274477541,0.0,0.0,0.0,1.0]},"headPose":{"x":0.0537973866,"y":-0.0331586525,"z":0.318790346}},{"recID":36,"timestamp":0,"world2head":{"data":[0.980447054,0.06892574,-0.1843171,0.008303016,0.0607677251,0.78482455,0.616731465,-0.1737388,0.187165245,-0.615873039,0.7652905,-0.2744691,0.0,0.0,0.0,1.0]},"headPose":{"x":0.0537881255,"y":-0.0332559459,"z":0.318729162}},{"recID":37,"timestamp":0,"world2head":{"data":[0.980481863,0.06877566,-0.184188053,0.008254211,0.0609524734,0.78433466,0.617336154,-0.173822686,0.186922774,-0.6165136,0.764833868,-0.274335444,0.0,0.0,0.0,1.0]},"headPose":{"x":0.0537813678,"y":-0.0333640762,"z":0.3186484}},{"recID":38,"timestamp":0,"world2head":{"data":[0.9804778,0.06885481,-0.184179917,0.008235563,0.06106701,0.7837358,0.618084967,-0.1741194,0.186906531,-0.6172659,0.764230847,-0.2740985,0.0,0.0,0.0,1.0]},"headPose":{"x":0.05378896,"y":-0.0332951024,"z":0.31861192}},{"recID":39,"timestamp":0,"world2head":{"data":[0.980540752,0.0688538,-0.183844924,0.008175656,0.06066007,0.7843853,0.61730057,-0.174021184,0.186708748,-0.6164405,0.7649451,-0.2742048,0.0,0.0,0.0,1.0]},"headPose":{"x":0.05373601,"y":-0.03309418,"z":0.318678051}},{"recID":40,"timestamp":0,"world2head":{"data":[0.9804807,0.06827815,-0.184379473,0.0083216615,0.06146453,0.7843249,0.617297769,-0.174127668,0.186761364,-0.6165813,0.7648187,-0.2742036,0.0,0.0,0.0,1.0]},"headPose":{"x":0.05375408,"y":-0.0330643356,"z":0.318739}},{"recID":41,"timestamp":0,"world2head":{"data":[0.980435431,0.0685434937,-0.184521556,0.008375328,0.0613473952,0.784322858,0.617312,-0.174039438,0.1870372,-0.616554439,0.7647729,-0.274208546,0.0,0.0,0.0,1.0]},"headPose":{"x":0.0537526,"y":-0.03313549,"z":0.318689376}},{"recID":42,"timestamp":0,"world2head":{"data":[0.9804427,0.0691321939,-0.18426308,0.0083643645,0.06069595,0.7844179,0.6172556,-0.174011573,0.187211484,-0.616367757,0.7648808,-0.274214745,0.0,0.0,0.0,1.0]},"headPose":{"x":0.0536971651,"y":-0.03309757,"z":0.318692446}},{"recID":43,"timestamp":0,"world2head":{"data":[0.9804772,0.0692359954,-0.184040248,0.008319039,0.060491547,0.784361839,0.617347,-0.1740162,0.187096775,-0.616427541,0.764860749,-0.2741788,0.0,0.0,0.0,1.0]},"headPose":{"x":0.05366785,"y":-0.0330956727,"z":0.318667978}},{"recID":44,"timestamp":0,"world2head":{"data":[0.9804915,0.06964179,-0.18381086,0.008213956,0.0600523725,0.7842884,0.6174832,-0.173968226,0.187163353,-0.6164753,0.7648059,-0.274079174,0.0,0.0,0.0,1.0]},"headPose":{"x":0.0536910743,"y":-0.033093825,"z":0.318549633}},{"recID":45,"timestamp":0,"world2head":{"data":[0.9804392,0.07029437,-0.183841541,0.00828319,0.05956217,0.784287155,0.617532134,-0.174033791,0.1875936,-0.616402745,0.764759,-0.2740754,0.0,0.0,0.0,1.0]},"headPose":{"x":0.05365945,"y":-0.03303059,"z":0.318595856}},{"recID":46,"timestamp":0,"world2head":{"data":[0.9804169,0.07044195,-0.1839039,0.008316699,0.05951168,0.7842033,0.617643535,-0.1740259,0.187726051,-0.616492569,0.76465404,-0.274007469,0.0,0.0,0.0,1.0]},"headPose":{"x":0.0536410846,"y":-0.03303775,"z":0.318536371}},{"recID":47,"timestamp":0,"world2head":{"data":[0.980410635,0.0706302151,-0.183865,0.008316815,0.0593782179,0.784077942,0.6178156,-0.174053743,0.187800929,-0.616630554,0.76452446,-0.2739542,0.0,0.0,0.0,1.0]},"headPose":{"x":0.0536299646,"y":-0.0330442674,"z":0.318506956}},{"recID":48,"timestamp":0,"world2head":{"data":[0.98040247,0.0707794651,-0.183851227,0.00834639,0.05932141,0.7838532,0.6181062,-0.174152881,0.187861577,-0.6168992,0.764292836,-0.2738638,0.0,0.0,0.0,1.0]},"headPose":{"x":0.0535966568,"y":-0.033026807,"z":0.318491578}},{"recID":49,"timestamp":0,"world2head":{"data":[0.9803758,0.0712096542,-0.183827192,0.008367691,0.05899839,0.7837607,0.618254244,-0.174109519,0.188102216,-0.616967,0.7641788,-0.2738386,0.0,0.0,0.0,1.0]},"headPose":{"x":0.053578347,"y":-0.03308506,"z":0.318443835}},{"recID":50,"timestamp":0,"world2head":{"data":[0.9803707,0.071432285,-0.1837681,0.008378558,0.05886459,0.7835071,0.6185884,-0.174191952,0.188170791,-0.6172634,0.7639226,-0.273680925,0.0,0.0,0.0,1.0]},"headPose":{"x":0.053538397,"y":-0.0330510661,"z":0.318363845}},{"recID":51,"timestamp":0,"world2head":{"data":[0.980362952,0.0716759562,-0.1837146,0.008394998,0.0586439371,0.7834959,0.618623555,-0.174293339,0.188280076,-0.6172493,0.763907,-0.273654729,0.0,0.0,0.0,1.0]},"headPose":{"x":0.0535148345,"y":-0.0329568051,"z":0.318411}},{"recID":52,"timestamp":0,"world2head":{"data":[0.980375,0.07199563,-0.1835252,0.008371115,0.0582678765,0.7835185,0.618630469,-0.1743034,0.188334078,-0.6171835,0.7639469,-0.273628831,0.0,0.0,0.0,1.0]},"headPose":{"x":0.05348309,"y":-0.0329119451,"z":0.3184036}},{"recID":53,"timestamp":0,"world2head":{"data":[0.9803839,0.07202065,-0.183468014,0.008353941,0.0580555759,0.7840316,0.6179999,-0.174098864,0.188353479,-0.6165285,0.7644708,-0.27387175,0.0,0.0,0.0,1.0]},"headPose":{"x":0.0535020344,"y":-0.0329523534,"z":0.3184927}},{"recID":54,"timestamp":0,"world2head":{"data":[0.980405748,0.07202913,-0.183347836,0.008346036,0.05803846,0.7838179,0.6182727,-0.1740566,0.188244954,-0.6167993,0.764279068,-0.27374655,0.0,0.0,0.0,1.0]},"headPose":{"x":0.05345087,"y":-0.0330191627,"z":0.3183634}},{"recID":55,"timestamp":0,"world2head":{"data":[0.980461,0.0723304152,-0.182933241,0.008262303,0.0577554,0.7831161,0.6191878,-0.1743048,0.188044071,-0.61765486,0.7636373,-0.2735472,0.0,0.0,0.0,1.0]},"headPose":{"x":0.05340511,"y":-0.0330544859,"z":0.3183297}},{"recID":56,"timestamp":0,"world2head":{"data":[0.9804555,0.0721938759,-0.183016449,0.008291271,0.057865303,0.7832778,0.6189729,-0.174353749,0.188038766,-0.617465734,0.763791561,-0.2736203,0.0,0.0,0.0,1.0]},"headPose":{"x":0.0534110367,"y":-0.03298231,"z":0.318426549}},{"recID":57,"timestamp":0,"world2head":{"data":[0.980465651,0.07241418,-0.182875127,0.008275092,0.057631202,0.783188641,0.619107544,-0.174154967,0.1880579,-0.617552936,0.7637162,-0.2735098,0.0,0.0,0.0,1.0]},"headPose":{"x":0.05335899,"y":-0.0331098326,"z":0.318217844}},{"recID":58,"timestamp":0,"world2head":{"data":[0.9804236,0.0725342259,-0.1830527,0.008355755,0.05774542,0.7828741,0.6194946,-0.174303874,0.1882418,-0.6179376,0.7633598,-0.2734819,0.0,0.0,0.0,1.0]},"headPose":{"x":0.0533537939,"y":-0.03314283,"z":0.318274915}},{"recID":59,"timestamp":0,"world2head":{"data":[0.980440438,0.07277663,-0.1828663,0.008294288,0.057502795,0.782662868,0.619784057,-0.174296513,0.188228458,-0.618176639,0.763169467,-0.273424923,0.0,0.0,0.0,1.0]},"headPose":{"x":0.0533568338,"y":-0.0332131349,"z":0.3182125}},{"recID":60,"timestamp":0,"world2head":{"data":[0.980411,0.07316202,-0.182870343,0.008278351,0.05732277,0.782274961,0.6202903,-0.174534,0.188436583,-0.618622065,0.7627571,-0.273190051,0.0,0.0,0.0,1.0]},"headPose":{"x":0.0533675849,"y":-0.0330734849,"z":0.318153262}},{"recID":61,"timestamp":0,"world2head":{"data":[0.9803681,0.07335256,-0.183024153,0.008342419,0.05725744,0.782320857,0.6202384,-0.174530372,0.18867968,-0.6185415,0.7627624,-0.273219049,0.0,0.0,0.0,1.0]},"headPose":{"x":0.0533654056,"y":-0.0330705,"z":0.3181785}},{"recID":62,"timestamp":0,"world2head":{"data":[0.980325639,0.07341581,-0.183226109,0.008383103,0.0572950728,0.782454431,0.6200664,-0.174472153,0.188888758,-0.61836493,0.762853742,-0.273181856,0.0,0.0,0.0,1.0]},"headPose":{"x":0.0533792078,"y":-0.0330250263,"z":0.318118155}},{"recID":63,"timestamp":0,"world2head":{"data":[0.9802837,0.07351019,-0.1834127,0.008443799,0.0573311225,0.7824816,0.6200288,-0.174379557,0.1890955,-0.618319333,0.762839556,-0.273182154,0.0,0.0,0.0,1.0]},"headPose":{"x":0.0533775724,"y":-0.03308572,"z":0.31806317}},{"recID":64,"timestamp":0,"world2head":{"data":[0.980241239,0.07348068,-0.1836512,0.0085616,0.0574943125,0.782516539,0.6199696,-0.174425527,0.189265892,-0.6182786,0.762830257,-0.273208469,0.0,0.0,0.0,1.0]},"headPose":{"x":0.05334508,"y":-0.0330571979,"z":0.318122536}},{"recID":65,"timestamp":0,"world2head":{"data":[0.9802805,0.07322064,-0.183545262,0.008572217,0.05758482,0.782665133,0.6197736,-0.174323648,0.1890347,-0.6181214,0.763015,-0.273063183,0.0,0.0,0.0,1.0]},"headPose":{"x":0.05325363,"y":-0.0329768173,"z":0.317965865}},{"recID":66,"timestamp":0,"world2head":{"data":[0.9803076,0.07319713,-0.183409855,0.008579385,0.057547465,0.782567263,0.6199007,-0.174508572,0.188905492,-0.6182481,0.762944341,-0.273165643,0.0,0.0,0.0,1.0]},"headPose":{"x":0.05323458,"y":-0.03294744,"z":0.318161666}},{"recID":67,"timestamp":0,"world2head":{"data":[0.9803892,0.07306098,-0.1830278,0.008448955,0.0571642257,0.7833793,0.618909657,-0.174107775,0.188598335,-0.617235,0.7638401,-0.273513615,0.0,0.0,0.0,1.0]},"headPose":{"x":0.0532536879,"y":-0.0330470167,"z":0.318224043}},{"recID":68,"timestamp":0,"world2head":{"data":[0.980396152,0.07261833,-0.183166355,0.008492436,0.0576631762,0.7831641,0.6191357,-0.1742604,0.1884099,-0.6175602,0.763623655,-0.273572415,0.0,0.0,0.0,1.0]},"headPose":{"x":0.05326621,"y":-0.0330896676,"z":0.318352729}},{"recID":69,"timestamp":0,"world2head":{"data":[0.9803621,0.07145853,-0.183803678,0.008780282,0.05899178,0.783096135,0.619096458,-0.1741957,0.188175678,-0.6177816,0.763502359,-0.273610562,0.0,0.0,0.0,1.0]},"headPose":{"x":0.0531551056,"y":-0.0332470164,"z":0.3183601}},{"recID":70,"timestamp":0,"world2head":{"data":[0.9804508,0.0724834949,-0.182927325,0.008603722,0.0579789728,0.7819758,0.6206064,-0.1746025,0.18802847,-0.619079947,0.7624863,-0.273252755,0.0,0.0,0.0,1.0]},"headPose":{"x":0.0530670434,"y":-0.03325401,"z":0.31828475}},{"recID":71,"timestamp":0,"world2head":{"data":[0.9804778,0.07283674,-0.182641983,0.008559976,0.05750229,0.7820438,0.620565057,-0.174667925,0.188033968,-0.618952632,0.7625883,-0.2732544,0.0,0.0,0.0,1.0]},"headPose":{"x":0.0530320443,"y":-0.03315703,"z":0.3183368}},{"recID":72,"timestamp":0,"world2head":{"data":[0.980481148,0.0732633546,-0.182453185,0.008487072,0.0570642129,0.781997263,0.6206642,-0.174661934,0.18814984,-0.618961036,0.762552857,-0.273247182,0.0,0.0,0.0,1.0]},"headPose":{"x":0.0530569479,"y":-0.0331660062,"z":0.3183203}},{"recID":73,"timestamp":0,"world2head":{"data":[0.9804289,0.0736311451,-0.182586,0.00857687,0.0568443,0.7820536,0.620613337,-0.174736992,0.1884885,-0.6188462,0.7625624,-0.273279637,0.0,0.0,0.0,1.0]},"headPose":{"x":0.05303387,"y":-0.03309591,"z":0.318402916}},{"recID":74,"timestamp":0,"world2head":{"data":[0.98040247,0.0736823454,-0.182707161,0.00867328048,0.05682717,0.7822304,0.6203921,-0.174725384,0.188631028,-0.6186167,0.762713432,-0.2733291,0.0,0.0,0.0,1.0]},"headPose":{"x":0.052984193,"y":-0.0330495,"z":0.318454683}},{"recID":75,"timestamp":0,"world2head":{"data":[0.980437338,0.07368626,-0.182518348,0.008630667,0.0566862524,0.7822907,0.6203289,-0.174664184,0.188492134,-0.6185399,0.762810051,-0.2733119,0.0,0.0,0.0,1.0]},"headPose":{"x":0.05295637,"y":-0.0330521,"z":0.318409532}},{"recID":76,"timestamp":0,"world2head":{"data":[0.980474055,0.07366206,-0.1823308,0.008610498,0.05651848,0.782514,0.6200625,-0.1745542,0.1883515,-0.618260264,0.7630714,-0.273448825,0.0,0.0,0.0,1.0]},"headPose":{"x":0.0529276654,"y":-0.03310572,"z":0.318465471}},{"recID":77,"timestamp":0,"world2head":{"data":[0.9805486,0.07331503,-0.182069615,0.008568704,0.0566308126,0.7824921,0.62008,-0.174443781,0.187929228,-0.6183293,0.763119638,-0.2734648,0.0,0.0,0.0,1.0]},"headPose":{"x":0.0528688878,"y":-0.0332186371,"z":0.318415523}},{"recID":78,"timestamp":0,"world2head":{"data":[0.980547667,0.07313039,-0.182148814,0.008591726,0.0568687543,0.7823481,0.6202398,-0.174475729,0.187862158,-0.6185333,0.7629708,-0.273495674,0.0,0.0,0.0,1.0]},"headPose":{"x":0.052877102,"y":-0.0332937241,"z":0.318450958}},{"recID":79,"timestamp":0,"world2head":{"data":[0.980497539,0.0736451745,-0.182211235,0.008609477,0.05648109,0.7824317,0.6201697,-0.17465356,0.188240364,-0.6183664,0.7630128,-0.27355057,0.0,0.0,0.0,1.0]},"headPose":{"x":0.05291631,"y":-0.033134032,"z":0.3186062}},{"recID":80,"timestamp":0,"world2head":{"data":[0.980457067,0.07395907,-0.1823018,0.008665595,0.0561585,0.7828739,0.619640768,-0.174493968,0.188547388,-0.617768943,0.7634209,-0.273806661,0.0,0.0,0.0,1.0]},"headPose":{"x":0.0529286042,"y":-0.0331834,"z":0.318733037}},{"recID":81,"timestamp":0,"world2head":{"data":[0.980392456,0.0736475438,-0.182774752,0.008832518,0.05654016,0.783399045,0.618941963,-0.174590662,0.188769132,-0.6171401,0.763874531,-0.2738759,0.0,0.0,0.0,1.0]},"headPose":{"x":0.0529113635,"y":-0.03289614,"z":0.318882644}},{"recID":82,"timestamp":0,"world2head":{"data":[0.980303764,0.0742983,-0.182987183,0.008879814,0.055850815,0.784424,0.6177051,-0.17418769,0.189433992,-0.615758657,0.7648242,-0.2742634,0.0,0.0,0.0,1.0]},"headPose":{"x":0.052978415,"y":-0.0329028033,"z":0.3189848}},{"recID":83,"timestamp":0,"world2head":{"data":[0.980218768,0.07501575,-0.183149725,0.008974712,0.0549727231,0.7857791,0.616059363,-0.173633963,0.1901294,-0.613941133,0.7661116,-0.274639934,0.0,0.0,0.0,1.0]},"headPose":{"x":0.05296508,"y":-0.0328480825,"z":0.3190174}},{"recID":84,"timestamp":0,"world2head":{"data":[0.9800401,0.07636708,-0.18354696,0.008974742,0.0537804663,0.7870028,0.614600956,-0.173441023,0.191387236,-0.61220485,0.767187238,-0.274934173,0.0,0.0,0.0,1.0]},"headPose":{"x":0.0531510264,"y":-0.0325028338,"z":0.319170266}},{"recID":85,"timestamp":0,"world2head":{"data":[0.9797812,0.07764144,-0.184392482,0.009237412,0.0526520163,0.7890829,0.6120261,-0.172668219,0.193019539,-0.609360337,0.769040644,-0.275568783,0.0,0.0,0.0,1.0]},"headPose":{"x":0.0532308519,"y":-0.0323883444,"z":0.319304347}},{"recID":86,"timestamp":0,"world2head":{"data":[0.9795964,0.0786639,-0.184940189,0.009414669,0.0519007742,0.78998363,0.6109273,-0.172129959,0.19415766,-0.608060658,0.7697824,-0.275756419,0.0,0.0,0.0,1.0]},"headPose":{"x":0.05325133,"y":-0.0324373841,"z":0.3191725}},{"recID":87,"timestamp":0,"world2head":{"data":[0.9793819,0.0793862343,-0.185765818,0.009640921,0.0517563075,0.79026103,0.610580742,-0.171880841,0.195275173,-0.607606232,0.7698586,-0.27588737,0.0,0.0,0.0,1.0]},"headPose":{"x":0.0533277281,"y":-0.03256552,"z":0.319132328}},{"recID":88,"timestamp":0,"world2head":{"data":[0.979159236,0.08036914,-0.186515272,0.009879183,0.05180935,0.7891393,0.6120253,-0.172782779,0.196374476,-0.6089335,0.7685292,-0.27536267,0.0,0.0,0.0,1.0]},"headPose":{"x":0.0533526726,"y":-0.0321218632,"z":0.319214284}},{"recID":89,"timestamp":0,"world2head":{"data":[0.978907943,0.08154187,-0.1873238,0.0101145469,0.0510437824,0.7902024,0.6107166,-0.17248702,0.197822675,-0.60739696,0.7693732,-0.2759012,0.0,0.0,0.0,1.0]},"headPose":{"x":0.05348269,"y":-0.0321066678,"z":0.319506347}},{"recID":90,"timestamp":0,"world2head":{"data":[0.9784003,0.08385269,-0.188948676,0.0107527673,0.0504575931,0.7895164,0.6116518,-0.172826841,0.200466737,-0.6079742,0.768232048,-0.2756519,0.0,0.0,0.0,1.0]},"headPose":{"x":0.05345895,"y":-0.0320412666,"z":0.3195062}},{"recID":91,"timestamp":0,"world2head":{"data":[0.9781952,0.085096,-0.1894541,0.0109861568,0.049683895,0.78984,0.61129725,-0.172840983,0.20165737,-0.607380867,0.7683897,-0.276047081,0.0,0.0,0.0,1.0]},"headPose":{"x":0.05350774,"y":-0.0320838876,"z":0.319850355}},{"recID":92,"timestamp":0,"world2head":{"data":[0.978052,0.08699771,-0.18932943,0.0109205209,0.0479503646,0.7902937,0.6108491,-0.172356963,0.202768341,-0.6065206,0.7687768,-0.2764331,0.0,0.0,0.0,1.0]},"headPose":{"x":0.053635627,"y":-0.0323998,"z":0.319867}},{"recID":93,"timestamp":0,"world2head":{"data":[0.9778543,0.08902095,-0.189410239,0.0109119527,0.0464253873,0.790214062,0.6110699,-0.172102123,0.204072654,-0.606330752,0.7685814,-0.276503,0.0,0.0,0.0,1.0]},"headPose":{"x":0.0537463129,"y":-0.0326261446,"z":0.3197483}},{"recID":94,"timestamp":0,"world2head":{"data":[0.977396369,0.09069973,-0.190971017,0.0114889368,0.0467345864,0.788259864,0.6135652,-0.172689646,0.206184983,-0.608621359,0.7662035,-0.276087761,0.0,0.0,0.0,1.0]},"headPose":{"x":0.05376648,"y":-0.0329506174,"z":0.3196898}},{"recID":95,"timestamp":0,"world2head":{"data":[0.977434337,0.0907641053,-0.19074592,0.0114426091,0.0469525121,0.7870467,0.615104,-0.172935411,0.205955327,-0.610179842,0.765024841,-0.275655746,0.0,0.0,0.0,1.0]},"headPose":{"x":0.0537081249,"y":-0.033129923,"z":0.3194394}},{"recID":96,"timestamp":0,"world2head":{"data":[0.977479935,0.09071088,-0.190537587,0.0112762,0.047351867,0.7855955,0.616925836,-0.173292577,0.205647364,-0.612054944,0.763608456,-0.275199115,0.0,0.0,0.0,1.0]},"headPose":{"x":0.0537774377,"y":-0.0333219729,"z":0.3192016}},{"recID":97,"timestamp":0,"world2head":{"data":[0.9775037,0.0902574658,-0.190630659,0.0112284347,0.04843928,0.783589244,0.619388044,-0.17414166,0.205280527,-0.6146881,0.7615894,-0.274442881,0.0,0.0,0.0,1.0]},"headPose":{"x":0.05379724,"y":-0.0332547054,"z":0.319014549}},{"recID":98,"timestamp":0,"world2head":{"data":[0.9775917,0.08970716,-0.190439358,0.0109516419,0.0490318462,0.782742441,0.6204112,-0.175227731,0.2047203,-0.615846455,0.760804,-0.273976058,0.0,0.0,0.0,1.0]},"headPose":{"x":0.0539739653,"y":-0.03255144,"z":0.319240957}},{"recID":99,"timestamp":0,"world2head":{"data":[0.9773014,0.08973783,-0.191908941,0.0112070143,0.0482608825,0.787735641,0.6141201,-0.173238575,0.206283316,-0.6094421,0.7655244,-0.27547878,0.0,0.0,0.0,1.0]},"headPose":{"x":0.05423469,"y":-0.0324278772,"z":0.3194257}},{"recID":100,"timestamp":0,"world2head":{"data":[0.977098763,0.08872965,-0.193403825,0.011789605,0.05006836,0.78752166,0.6142498,-0.172348157,0.20681186,-0.609866142,0.765043855,-0.275199354,0.0,0.0,0.0,1.0]},"headPose":{"x":0.0540240742,"y":-0.03315298,"z":0.318684548}},{"recID":101,"timestamp":0,"world2head":{"data":[0.9771349,0.08783391,-0.193630174,0.0118993819,0.0520687252,0.784103453,0.6184421,-0.173934653,0.206146285,-0.6143834,0.761601448,-0.274016619,0.0,0.0,0.0,1.0]},"headPose":{"x":0.0539167561,"y":-0.0330136642,"z":0.318564028}},{"recID":102,"timestamp":0,"world2head":{"data":[0.977309942,0.0871067345,-0.1930742,0.0116842464,0.0524680465,0.7835622,0.619094,-0.175117075,0.205212891,-0.615177035,0.7612128,-0.273845673,0.0,0.0,0.0,1.0]},"headPose":{"x":0.0539655834,"y":-0.03226623,"z":0.3191247}},{"recID":103,"timestamp":0,"world2head":{"data":[0.977465749,0.08640632,-0.192599863,0.0114965029,0.0519524254,0.7858557,0.6162238,-0.173987716,0.204601318,-0.612343669,0.763658047,-0.274580777,0.0,0.0,0.0,1.0]},"headPose":{"x":0.05398124,"y":-0.0324019343,"z":0.3191154}},{"recID":104,"timestamp":0,"world2head":{"data":[0.9776635,0.08494444,-0.19224596,0.0114095733,0.0529937446,0.7855083,0.616578043,-0.173393562,0.203385681,-0.612993658,0.763461232,-0.274257571,0.0,0.0,0.0,1.0]},"headPose":{"x":0.0538141057,"y":-0.03288526,"z":0.3184891}},{"recID":105,"timestamp":0,"world2head":{"data":[0.9782368,0.0815134645,-0.190809816,0.0109095909,0.0550843179,0.7845806,0.6175751,-0.174338445,0.20004636,-0.6146453,0.7630155,-0.273952931,0.0,0.0,0.0,1.0]},"headPose":{"x":0.0537344366,"y":-0.0324906036,"z":0.318779051}},{"recID":106,"timestamp":0,"world2head":{"data":[0.978436768,0.08069866,-0.1901294,0.0106900781,0.05503389,0.7853812,0.6165612,-0.17365694,0.199079722,-0.6137297,0.7640047,-0.274148,0.0,0.0,0.0,1.0]},"headPose":{"x":0.0536747575,"y":-0.0327285342,"z":0.318552941}},{"recID":107,"timestamp":0,"world2head":{"data":[0.9785874,0.08003337,-0.189634845,0.0105542056,0.0553833321,0.78495,0.6170787,-0.17366977,0.198240772,-0.614368,0.763709664,-0.274052143,0.0,0.0,0.0,1.0]},"headPose":{"x":0.0536185019,"y":-0.0328914747,"z":0.31846562}},{"recID":108,"timestamp":0,"world2head":{"data":[0.978748858,0.080100134,-0.188771278,0.0102090165,0.05494863,0.7844455,0.6177588,-0.17416203,0.19756335,-0.6150035,0.763373733,-0.273841679,0.0,0.0,0.0,1.0]},"headPose":{"x":0.05367898,"y":-0.0326106921,"z":0.318560839}},{"recID":109,"timestamp":0,"world2head":{"data":[0.9786953,0.0801630542,-0.189022511,0.010315951,0.0546067432,0.785845757,0.616007,-0.173496291,0.197923541,-0.613204956,0.7647261,-0.2743456,0.0,0.0,0.0,1.0]},"headPose":{"x":0.0536773466,"y":-0.0327157155,"z":0.318624079}},{"recID":110,"timestamp":0,"world2head":{"data":[0.9786396,0.08002062,-0.189370483,0.0104652755,0.05496055,0.785774648,0.6160662,-0.173451379,0.198100537,-0.613314748,0.76459223,-0.274300337,0.0,0.0,0.0,1.0]},"headPose":{"x":0.05363029,"y":-0.032776162,"z":0.318567216}},{"recID":111,"timestamp":0,"world2head":{"data":[0.978567362,0.08039927,-0.1895835,0.0106819756,0.055011902,0.785111666,0.616906345,-0.173511252,0.19844304,-0.614113748,0.7638617,-0.274143457,0.0,0.0,0.0,1.0]},"headPose":{"x":0.0534940027,"y":-0.0329883546,"z":0.318472981}},{"recID":112,"timestamp":0,"world2head":{"data":[0.978518546,0.08077293,-0.189676508,0.0107926652,0.0550836362,0.7841647,0.618103147,-0.173934832,0.198663637,-0.6152735,0.762870431,-0.273849875,0.0,0.0,0.0,1.0]},"headPose":{"x":0.05342415,"y":-0.0329707451,"z":0.31846875}},{"recID":113,"timestamp":0,"world2head":{"data":[0.9785374,0.081503585,-0.189266384,0.01071395,0.0544568039,0.7835312,0.6189616,-0.174174547,0.1987437,-0.615983844,0.7622761,-0.273706347,0.0,0.0,0.0,1.0]},"headPose":{"x":0.0533983931,"y":-0.0330007076,"z":0.318474919}},{"recID":114,"timestamp":0,"world2head":{"data":[0.97850436,0.08230998,-0.189088032,0.0108536519,0.0538172647,0.7832074,0.619427,-0.174292967,0.199080184,-0.616288245,0.7619422,-0.273438,0.0,0.0,0.0,1.0]},"headPose":{"x":0.0531957075,"y":-0.0329024345,"z":0.318358}},{"recID":115,"timestamp":0,"world2head":{"data":[0.978557467,0.082547456,-0.188709453,0.0108087845,0.0532616079,0.7836104,0.6189653,-0.174159437,0.1989687,-0.615744054,0.7624112,-0.273588,0.0,0.0,0.0,1.0]},"headPose":{"x":0.0531344377,"y":-0.0328793,"z":0.318424881}},{"recID":116,"timestamp":0,"world2head":{"data":[0.9786441,0.08225396,-0.18838802,0.01074503,0.0532165356,0.7838325,0.618687868,-0.174102157,0.198554188,-0.615500569,0.762715757,-0.273648769,0.0,0.0,0.0,1.0]},"headPose":{"x":0.0530836619,"y":-0.03284787,"z":0.318455338}},{"recID":117,"timestamp":0,"world2head":{"data":[0.97876817,0.08191159,-0.18789199,0.010663867,0.0531003922,0.7840525,0.618419051,-0.1739165,0.197972864,-0.615265965,0.76305604,-0.273661524,0.0,0.0,0.0,1.0]},"headPose":{"x":0.0529751368,"y":-0.03288846,"z":0.318376}},{"recID":118,"timestamp":0,"world2head":{"data":[0.9788281,0.08147158,-0.187771082,0.0106632933,0.0533330441,0.7841638,0.6182579,-0.17391485,0.197613716,-0.6151825,0.7632164,-0.273675084,0.0,0.0,0.0,1.0]},"headPose":{"x":0.05291983,"y":-0.03285117,"z":0.3183998}},{"recID":119,"timestamp":0,"world2head":{"data":[0.9789032,0.08130054,-0.187453538,0.0105967671,0.0533470251,0.7839126,0.618575037,-0.1739595,0.19723767,-0.6155252,0.7630374,-0.273619384,0.0,0.0,0.0,1.0]},"headPose":{"x":0.0528750643,"y":-0.0329120979,"z":0.31837523}},{"recID":120,"timestamp":0,"world2head":{"data":[0.9789717,0.0809763744,-0.1872358,0.01054677,0.05341647,0.784059167,0.6183833,-0.173938856,0.196878374,-0.615381241,0.7632463,-0.273612082,0.0,0.0,0.0,1.0]},"headPose":{"x":0.05283452,"y":-0.03285142,"z":0.318369031}},{"recID":121,"timestamp":0,"world2head":{"data":[0.9789348,0.08146715,-0.18721576,0.010612499,0.05292876,0.7843416,0.6180671,-0.173878342,0.19719328,-0.614956439,0.7635073,-0.273678,0.0,0.0,0.0,1.0]},"headPose":{"x":0.05278168,"y":-0.0327846259,"z":0.318410456}},{"recID":122,"timestamp":0,"world2head":{"data":[0.97895205,0.08185573,-0.186955959,0.010598056,0.05248557,0.7842622,0.618205667,-0.173820212,0.197226167,-0.6150062,0.7634588,-0.273616165,0.0,0.0,0.0,1.0]},"headPose":{"x":0.052712325,"y":-0.0328225419,"z":0.318332642}},{"recID":123,"timestamp":0,"world2head":{"data":[0.978954852,0.08159406,-0.187055632,0.0106216855,0.052640494,0.78461504,0.6177445,-0.173884615,0.197170928,-0.6145907,0.763807535,-0.2738115,0.0,0.0,0.0,1.0]},"headPose":{"x":0.0527428836,"y":-0.0327161662,"z":0.318542361}},{"recID":124,"timestamp":0,"world2head":{"data":[0.9787985,0.08144798,-0.187935486,0.0110366568,0.0532940961,0.7846652,0.61762464,-0.1736801,0.19777073,-0.614545941,0.763688445,-0.2738147,0.0,0.0,0.0,1.0]},"headPose":{"x":0.0526059978,"y":-0.0328899063,"z":0.318452418}},{"recID":125,"timestamp":0,"world2head":{"data":[0.978797257,0.08152079,-0.187910214,0.011134427,0.0532811061,0.784478664,0.6178628,-0.173945576,0.1977802,-0.614774466,0.763502,-0.27379337,0.0,0.0,0.0,1.0]},"headPose":{"x":0.05252057,"y":-0.03277227,"z":0.318608552}},{"recID":126,"timestamp":0,"world2head":{"data":[0.978824437,0.08192057,-0.187594742,0.0110518336,0.0527426675,0.784559,0.617807,-0.17369172,0.197790235,-0.614618838,0.7636248,-0.273939937,0.0,0.0,0.0,1.0]},"headPose":{"x":0.0525258034,"y":-0.0330025963,"z":0.318568528}},{"recID":127,"timestamp":0,"world2head":{"data":[0.978870749,0.08208227,-0.187281892,0.0109613314,0.052577015,0.7840654,0.6184473,-0.173897922,0.19760482,-0.615226746,0.763183057,-0.2738007,0.0,0.0,0.0,1.0]},"headPose":{"x":0.0525176525,"y":-0.033001896,"z":0.318559647}},{"recID":128,"timestamp":0,"world2head":{"data":[0.978866,0.08222873,-0.187242687,0.0110331923,0.05246795,0.7839705,0.618576944,-0.173922092,0.197657526,-0.615328133,0.7630877,-0.273814142,0.0,0.0,0.0,1.0]},"headPose":{"x":0.05244675,"y":-0.0330429934,"z":0.318594247}},{"recID":129,"timestamp":0,"world2head":{"data":[0.978898466,0.08222072,-0.187076211,0.0110081322,0.0523853153,0.7839198,0.6186482,-0.173926279,0.197518438,-0.615393758,0.7630707,-0.273868352,0.0,0.0,0.0,1.0]},"headPose":{"x":0.0524293929,"y":-0.03309775,"z":0.318639457}},{"recID":130,"timestamp":0,"world2head":{"data":[0.978951454,0.08220937,-0.186803967,0.010957323,0.0522834137,0.783728659,0.618898869,-0.1739167,0.19728291,-0.615638733,0.7629341,-0.2737932,0.0,0.0,0.0,1.0]},"headPose":{"x":0.05238099,"y":-0.0331549868,"z":0.3185699}},{"recID":131,"timestamp":0,"world2head":{"data":[0.9790056,0.08193923,-0.186638758,0.010909088,0.05252937,0.783294737,0.619427264,-0.174136922,0.196948543,-0.616226733,0.7625457,-0.273725063,0.0,0.0,0.0,1.0]},"headPose":{"x":0.0523769967,"y":-0.033170063,"z":0.318629056}},{"recID":132,"timestamp":0,"world2head":{"data":[0.979023933,0.08184056,-0.1865859,0.01092869,0.0526005328,0.7832091,0.6195295,-0.174227268,0.196838409,-0.616348743,0.7624756,-0.273692638,0.0,0.0,0.0,1.0]},"headPose":{"x":0.05233822,"y":-0.03312812,"z":0.318662}},{"recID":133,"timestamp":0,"world2head":{"data":[0.9790416,0.08168081,-0.186563075,0.010912735,0.0526791,0.78330946,0.6193958,-0.174197048,0.196729392,-0.61624223,0.7625897,-0.273624182,0.0,0.0,0.0,1.0]},"headPose":{"x":0.05232244,"y":-0.0330599472,"z":0.318595827}},{"recID":134,"timestamp":0,"world2head":{"data":[0.9789524,0.0823759958,-0.186725408,0.0109731629,0.0521308556,0.783642352,0.619021058,-0.173998475,0.1973184,-0.615726352,0.7628542,-0.27379933,0.0,0.0,0.0,1.0]},"headPose":{"x":0.0523541346,"y":-0.03313679,"z":0.318626642}},{"recID":135,"timestamp":0,"world2head":{"data":[0.9788827,0.08276579,-0.186918646,0.01106732,0.05193134,0.7836932,0.6189734,-0.173927352,0.197716683,-0.6156093,0.7628455,-0.2737787,0.0,0.0,0.0,1.0]},"headPose":{"x":0.0523292944,"y":-0.0331510119,"z":0.318575978}},{"recID":136,"timestamp":0,"world2head":{"data":[0.978848934,0.0830738842,-0.186958626,0.0110800825,0.0517398268,0.7836166,0.6190865,-0.17397511,0.197933808,-0.6156653,0.762744,-0.273783654,0.0,0.0,0.0,1.0]},"headPose":{"x":0.0523467548,"y":-0.0331497937,"z":0.318604}},{"recID":137,"timestamp":0,"world2head":{"data":[0.978802562,0.08317582,-0.1871558,0.0111467354,0.0517450571,0.7837396,0.6189303,-0.173987865,0.198161438,-0.6154949,0.762822449,-0.2737974,0.0,0.0,0.0,1.0]},"headPose":{"x":0.0523486473,"y":-0.0330868773,"z":0.318631321}},{"recID":138,"timestamp":0,"world2head":{"data":[0.978796363,0.08327368,-0.187144876,0.011139147,0.05161367,0.783888,0.6187534,-0.173799291,0.198226482,-0.6152927,0.7629686,-0.27373302,0.0,0.0,0.0,1.0]},"headPose":{"x":0.0523285978,"y":-0.03311437,"z":0.31847322}},{"recID":139,"timestamp":0,"world2head":{"data":[0.9787789,0.0834248,-0.187168956,0.0111887306,0.0515644029,0.7837205,0.6189696,-0.173845783,0.198325545,-0.6154856,0.7627873,-0.2737992,0.0,0.0,0.0,1.0]},"headPose":{"x":0.05231434,"y":-0.0332064033,"z":0.31855}},{"recID":140,"timestamp":0,"world2head":{"data":[0.978836,0.0833731145,-0.186893165,0.0111095645,0.0515217781,0.7834368,0.6193322,-0.173968822,0.198054641,-0.615853667,0.7625606,-0.273727745,0.0,0.0,0.0,1.0]},"headPose":{"x":0.05230179,"y":-0.0332089178,"z":0.318554759}},{"recID":141,"timestamp":0,"world2head":{"data":[0.9789068,0.08317964,-0.186608061,0.0109883212,0.0514937937,0.7834342,0.619337738,-0.173960969,0.197711423,-0.615883052,0.7626259,-0.273709327,0.0,0.0,0.0,1.0]},"headPose":{"x":0.0523168258,"y":-0.0331999771,"z":0.3185289}},{"recID":142,"timestamp":0,"world2head":{"data":[0.9789394,0.08301504,-0.186510518,0.0109267384,0.0515909381,0.78334105,0.61944747,-0.173949763,0.1975248,-0.6160238,0.762560546,-0.273712963,0.0,0.0,0.0,1.0]},"headPose":{"x":0.0523427166,"y":-0.0332587957,"z":0.318513423}},{"recID":143,"timestamp":0,"world2head":{"data":[0.9789732,0.08276306,-0.186444968,0.0108274706,0.0517982841,0.783180237,0.6196335,-0.174061254,0.197302788,-0.616262138,0.762425542,-0.273650646,0.0,0.0,0.0,1.0]},"headPose":{"x":0.0524083041,"y":-0.033215303,"z":0.318511128}},{"recID":144,"timestamp":0,"world2head":{"data":[0.9789585,0.08259192,-0.186598241,0.0108442418,0.0520191938,0.7832118,0.6195751,-0.174091756,0.197317839,-0.616245,0.7624355,-0.2736444,0.0,0.0,0.0,1.0]},"headPose":{"x":0.0524349734,"y":-0.0331769064,"z":0.3185226}},{"recID":145,"timestamp":0,"world2head":{"data":[0.9788886,0.0824742,-0.187016368,0.0109261274,0.0524758846,0.7829002,0.6199303,-0.1741369,0.197543412,-0.6166566,0.7620442,-0.2734582,0.0,0.0,0.0,1.0]},"headPose":{"x":0.05246239,"y":-0.0331991129,"z":0.318383336}},{"recID":146,"timestamp":0,"world2head":{"data":[0.9788038,0.0827221,-0.187350363,0.01101261,0.05244307,0.7830569,0.619735062,-0.1741503,0.197971791,-0.616424263,0.7621209,-0.2735921,0.0,0.0,0.0,1.0]},"headPose":{"x":0.05251731,"y":-0.0331901945,"z":0.318500549}},{"recID":147,"timestamp":0,"world2head":{"data":[0.978743851,0.08294599,-0.187564477,0.0110873617,0.052329395,0.78328687,0.619454,-0.173915356,0.198298022,-0.616102,0.7622967,-0.273635656,0.0,0.0,0.0,1.0]},"headPose":{"x":0.0525106043,"y":-0.03328149,"z":0.318403721}},{"recID":148,"timestamp":0,"world2head":{"data":[0.9787065,0.08332349,-0.187592059,0.0111001953,0.05221948,0.782764435,0.6201234,-0.17407836,0.198511243,-0.6167147,0.7617455,-0.2733990