[{"recID":0,"timestamp":0,"world2head":{"data":[0.9774694,-0.0347558148,-0.208196044,-0.0333804,0.143763617,0.8318227,0.5360999,-0.0565192066,0.1545496,-0.5539522,0.818077862,-0.222062886,0.0,0.0,0.0,1.0]},"headPose":{"x":0.07507346,"y":-0.07715843,"z":0.205014974}},{"recID":1,"timestamp":0,"world2head":{"data":[0.9774694,-0.0347558148,-0.208196044,-0.0333804,0.143763617,0.8318227,0.5360999,-0.0565192066,0.1545496,-0.5539522,0.818077862,-0.222062886,0.0,0.0,0.0,1.0]},"headPose":{"x":0.07507346,"y":-0.07715843,"z":0.205014974}},{"recID":2,"timestamp":0,"world2head":{"data":[0.9774694,-0.0347558148,-0.208196044,-0.0333804,0.143763617,0.8318227,0.5360999,-0.0565192066,0.1545496,-0.5539522,0.818077862,-0.222062886,0.0,0.0,0.0,1.0]},"headPose":{"x":0.07507346,"y":-0.07715843,"z":0.205014974}},{"recID":3,"timestamp":0,"world2head":{"data":[0.9774694,-0.0347558148,-0.208196044,-0.0333804,0.143763617,0.8318227,0.5360999,-0.0565192066,0.1545496,-0.5539522,0.818077862,-0.222062886,0.0,0.0,0.0,1.0]},"headPose":{"x":0.07507346,"y":-0.07715843,"z":0.205014974}},{"recID":4,"timestamp":0,"world2head":{"data":[0.9774694,-0.0347558148,-0.208196044,-0.0333804,0.143763617,0.8318227,0.5360999,-0.0565192066,0.1545496,-0.5539522,0.818077862,-0.222062886,0.0,0.0,0.0,1.0]},"headPose":{"x":0.07507346,"y":-0.07715843,"z":0.205014974}},{"recID":5,"timestamp":0,"world2head":{"data":[0.9774694,-0.0347558148,-0.208196044,-0.0333804,0.143763617,0.8318227,0.5360999,-0.0565192066,0.1545496,-0.5539522,0.818077862,-0.222062886,0.0,0.0,0.0,1.0]},"headPose":{"x":0.07507346,"y":-0.07715843,"z":0.205014974}},{"recID":6,"timestamp":0,"world2head":{"data":[0.9774694,-0.0347558148,-0.208196044,-0.0333804,0.143763617,0.8318227,0.5360999,-0.0565192066,0.1545496,-0.5539522,0.818077862,-0.222062886,0.0,0.0,0.0,1.0]},"headPose":{"x":0.07507346,"y":-0.07715843,"z":0.205014974}},{"recID":7,"timestamp":0,"world2head":{"data":[0.9774694,-0.0347558148,-0.208196044,-0.0333804,0.143763617,0.8318227,0.5360999,-0.0565192066,0.1545496,-0.5539522,0.818077862,-0.222062886,0.0,0.0,0.0,1.0]},"headPose":{"x":0.07507346,"y":-0.07715843,"z":0.205014974}},{"recID":8,"timestamp":0,"world2head":{"data":[0.9774694,-0.0347558148,-0.208196044,-0.0333804,0.143763617,0.8318227,0.5360999,-0.0565192066,0.1545496,-0.5539522,0.818077862,-0.222062886,0.0,0.0,0.0,1.0]},"headPose":{"x":0.07507346,"y":-0.07715843,"z":0.205014974}},{"recID":9,"timestamp":0,"world2head":{"data":[0.9774694,-0.0347558148,-0.208196044,-0.0333804,0.143763617,0.8318227,0.5360999,-0.0565192066,0.1545496,-0.5539522,0.818077862,-0.222062886,0.0,0.0,0.0,1.0]},"headPose":{"x":0.07507346,"y":-0.07715843,"z":0.205014974}},{"recID":10,"timestamp":0,"world2head":{"data":[0.9774694,-0.0347558148,-0.208196044,-0.0333804,0.143763617,0.8318227,0.5360999,-0.0565192066,0.1545496,-0.5539522,0.818077862,-0.222062886,0.0,0.0,0.0,1.0]},"headPose":{"x":0.07507346,"y":-0.07715843,"z":0.205014974}},{"recID":11,"timestamp":0,"world2head":{"data":[0.9774694,-0.0347558148,-0.208196044,-0.0333804,0.143763617,0.8318227,0.5360999,-0.0565192066,0.1545496,-0.5539522,0.818077862,-0.222062886,0.0,0.0,0.0,1.0]},"headPose":{"x":0.07507346,"y":-0.07715843,"z":0.205014974}},{"recID":12,"timestamp":0,"world2head":{"data":[0.9774694,-0.0347558148,-0.208196044,-0.0333804,0.143763617,0.8318227,0.5360999,-0.0565192066,0.1545496,-0.5539522,0.818077862,-0.222062886,0.0,0.0,0.0,1.0]},"headPose":{"x":0.07507346,"y":-0.07715843,"z":0.205014974}},{"recID":13,"timestamp":0,"world2head":{"data":[0.9774694,-0.0347558148,-0.208196044,-0.0333804,0.143763617,0.8318227,0.5360999,-0.0565192066,0.1545496,-0.5539522,0.818077862,-0.222062886,0.0,0.0,0.0,1.0]},"headPose":{"x":0.07507346,"y":-0.07715843,"z":0.205014974}},{"recID":14,"timestamp":0,"world2head":{"data":[0.9774694,-0.0347558148,-0.208196044,-0.0333804,0.143763617,0.8318227,0.5360999,-0.0565192066,0.1545496,-0.5539522,0.818077862,-0.222062886,0.0,0.0,0.0,1.0]},"headPose":{"x":0.07507346,"y":-0.07715843,"z":0.205014974}},{"recID":15,"timestamp":0,"world2head":{"data":[0.9774694,-0.0347558148,-0.208196044,-0.0333804,0.143763617,0.8318227,0.5360999,-0.0565192066,0.1545496,-0.5539522,0.818077862,-0.222062886,0.0,0.0,0.0,1.0]},"headPose":{"x":0.07507346,"y":-0.07715843,"z":0.205014974}},{"recID":16,"timestamp":0,"world2head":{"data":[0.9774694,-0.0347558148,-0.208196044,-0.0333804,0.143763617,0.8318227,0.5360999,-0.0565192066,0.1545496,-0.5539522,0.818077862,-0.222062886,0.0,0.0,0.0,1.0]},"headPose":{"x":0.07507346,"y":-0.07715843,"z":0.205014974}},{"recID":17,"timestamp":0,"world2head":{"data":[0.9777833,-0.03432074,-0.2067895,-0.0334764123,0.142450511,0.8325037,0.5353928,-0.056333553,0.153777957,-0.552955449,0.818897247,-0.2219329,0.0,0.0,0.0,1.0]},"headPose":{"x":0.0748858,"y":-0.07697004,"z":0.204978228}},{"recID":18,"timestamp":0,"world2head":{"data":[0.9785141,-0.0323440544,-0.203627288,-0.03394186,0.138498574,0.8347317,0.5329551,-0.0555187576,0.152736217,-0.549706161,0.8212763,-0.222046927,0.0,0.0,0.0,1.0]},"headPose":{"x":0.0748164654,"y":-0.07681511,"z":0.2050394}},{"recID":19,"timestamp":0,"world2head":{"data":[0.978305042,-0.03118923,-0.20480828,-0.0335929431,0.138125822,0.8350039,0.5326254,-0.0552279428,0.154403552,-0.5493594,0.8211966,-0.22212027,0.0,0.0,0.0,1.0]},"headPose":{"x":0.0747887045,"y":-0.07695604,"z":0.204940081}},{"recID":20,"timestamp":0,"world2head":{"data":[0.978165567,-0.02975418,-0.2056862,-0.03325964,0.1375828,0.834486246,0.533576369,-0.0552764572,0.155766174,-0.5502249,0.820359349,-0.222063988,0.0,0.0,0.0,1.0]},"headPose":{"x":0.07472858,"y":-0.07704731,"z":0.204825431}},{"recID":21,"timestamp":0,"world2head":{"data":[0.978009939,-0.0281438679,-0.206650779,-0.0328838229,0.136962861,0.8339144,0.5346288,-0.05537165,0.157282546,-0.5511758,0.8194312,-0.221960366,0.0,0.0,0.0,1.0]},"headPose":{"x":0.07465505,"y":-0.07708943,"z":0.204689056}},{"recID":22,"timestamp":0,"world2head":{"data":[0.977800131,-0.0283314027,-0.207615539,-0.03271054,0.137756661,0.8335162,0.535045743,-0.0555794,0.157892331,-0.5517682,0.818915069,-0.221939012,0.0,0.0,0.0,1.0]},"headPose":{"x":0.0746832639,"y":-0.07705929,"z":0.2046955}},{"recID":23,"timestamp":0,"world2head":{"data":[0.9775898,-0.02848846,-0.208582491,-0.03251023,0.138480544,0.8332821,0.5352234,-0.0554331653,0.158560365,-0.5521136,0.81855315,-0.2219747,0.0,0.0,0.0,1.0]},"headPose":{"x":0.07465447,"y":-0.07728994,"z":0.204586148}},{"recID":24,"timestamp":0,"world2head":{"data":[0.977448761,-0.0287534148,-0.209205955,-0.0322988145,0.139166445,0.8328317,0.5357463,-0.0556061268,0.158828825,-0.552779,0.8180518,-0.22187072,0.0,0.0,0.0,1.0]},"headPose":{"x":0.07454841,"y":-0.07726363,"z":0.204535425}},{"recID":25,"timestamp":0,"world2head":{"data":[0.9774649,-0.0296603143,-0.209003717,-0.032224983,0.1399144,0.832400858,0.536220849,-0.055807285,0.158070415,-0.5533797,0.817792535,-0.221633285,0.0,0.0,0.0,1.0]},"headPose":{"x":0.07434069,"y":-0.07714914,"z":0.204439938}},{"recID":26,"timestamp":0,"world2head":{"data":[0.9774774,-0.0301282145,-0.2088785,-0.0322707929,0.140202135,0.8324812,0.5360209,-0.0557226427,0.157738075,-0.5532335,0.8179556,-0.221563533,0.0,0.0,0.0,1.0]},"headPose":{"x":0.07430541,"y":-0.07716058,"z":0.204356968}},{"recID":27,"timestamp":0,"world2head":{"data":[0.9773921,-0.0300831571,-0.209283918,-0.0320981368,0.140374452,0.8325283,0.5359027,-0.05570578,0.158113152,-0.553165138,0.817929447,-0.221499547,0.0,0.0,0.0,1.0]},"headPose":{"x":0.0742141157,"y":-0.0771148,"z":0.204306245}},{"recID":28,"timestamp":0,"world2head":{"data":[0.9774226,-0.0295761116,-0.209213465,-0.03193341,0.139859527,0.832756042,0.535683453,-0.0556281,0.15838033,-0.5528496,0.818091035,-0.2213668,0.0,0.0,0.0,1.0]},"headPose":{"x":0.07405271,"y":-0.0770023838,"z":0.204216346}},{"recID":29,"timestamp":0,"world2head":{"data":[0.9773923,-0.0291819125,-0.20941022,-0.03180223,0.139531672,0.8331597,0.535141,-0.0555023439,0.1588557,-0.552262068,0.8183957,-0.221368462,0.0,0.0,0.0,1.0]},"headPose":{"x":0.0739932358,"y":-0.0769391358,"z":0.204208851}},{"recID":30,"timestamp":0,"world2head":{"data":[0.977327943,-0.0274090245,-0.209949732,-0.03148202,0.138203323,0.833797634,0.5344917,-0.0551737137,0.1604057,-0.5513894,0.8186817,-0.221361279,0.0,0.0,0.0,1.0]},"headPose":{"x":0.07390105,"y":-0.07691546,"z":0.204104692}},{"recID":31,"timestamp":0,"world2head":{"data":[0.9773383,-0.0264390633,-0.210025787,-0.0311972722,0.137398213,0.8339998,0.534383833,-0.05512724,0.161032856,-0.55113095,0.8187326,-0.221221671,0.0,0.0,0.0,1.0]},"headPose":{"x":0.07368863,"y":-0.07677083,"z":0.204028279}},{"recID":32,"timestamp":0,"world2head":{"data":[0.9773785,-0.0253372826,-0.209974512,-0.0310821384,0.136382267,0.8343166,0.5341495,-0.0549326465,0.161651328,-0.550703049,0.8188987,-0.221217021,0.0,0.0,0.0,1.0]},"headPose":{"x":0.07363088,"y":-0.0767812,"z":0.2039701}},{"recID":33,"timestamp":0,"world2head":{"data":[0.9774712,-0.0245484486,-0.209636569,-0.031024605,0.135525525,0.834421754,0.534203351,-0.0547430664,0.161811441,-0.5505795,0.8189501,-0.221096858,0.0,0.0,0.0,1.0]},"headPose":{"x":0.07352074,"y":-0.0768142,"z":0.203807339}},{"recID":34,"timestamp":0,"world2head":{"data":[0.9774337,-0.0236480087,-0.209914774,-0.0308329463,0.134932622,0.8344658,0.5342846,-0.0546064973,0.162531912,-0.5505521,0.818825841,-0.221084684,0.0,0.0,0.0,1.0]},"headPose":{"x":0.0734386742,"y":-0.07688052,"z":0.203732967}},{"recID":35,"timestamp":0,"world2head":{"data":[0.977529943,-0.0218808278,-0.209658012,-0.03072153,0.13335669,0.8344613,0.534687161,-0.054511264,0.1632521,-0.550632,0.818628848,-0.221013576,0.0,0.0,0.0,1.0]},"headPose":{"x":0.07338159,"y":-0.0768818259,"z":0.203633547}},{"recID":36,"timestamp":0,"world2head":{"data":[0.9775604,-0.020967111,-0.209609315,-0.0307069048,0.1326109,0.834380746,0.5349983,-0.0544559,0.1636766,-0.5507896,0.818438053,-0.221089661,0.0,0.0,0.0,1.0]},"headPose":{"x":0.0734265,"y":-0.07698077,"z":0.203645527}},{"recID":37,"timestamp":0,"world2head":{"data":[0.977603734,-0.02014482,-0.209487736,-0.0307310782,0.131877929,0.834372938,0.5351916,-0.054149352,0.164009571,-0.5508321,0.8183428,-0.221055657,0.0,0.0,0.0,1.0]},"headPose":{"x":0.07343916,"y":-0.077202864,"z":0.203441784}},{"recID":38,"timestamp":0,"world2head":{"data":[0.977559566,-0.0195639953,-0.209748685,-0.03073838,0.131755769,0.833677649,0.536304057,-0.0542174131,0.164370537,-0.551904738,0.817547262,-0.221004248,0.0,0.0,0.0,1.0]},"headPose":{"x":0.07351864,"y":-0.07737481,"z":0.203311086}},{"recID":39,"timestamp":0,"world2head":{"data":[0.977503955,-0.0187151916,-0.210085228,-0.0307847075,0.131461725,0.8329709,0.5374731,-0.0541372858,0.164935991,-0.5530002,0.8166927,-0.220979363,0.0,0.0,0.0,1.0]},"headPose":{"x":0.0736565962,"y":-0.0776829943,"z":0.203102142}},{"recID":40,"timestamp":0,"world2head":{"data":[0.9769707,-0.0179272443,-0.212619066,-0.0305447876,0.132890746,0.830730438,0.5405803,-0.05489964,0.166938037,-0.556386232,0.813981652,-0.220945418,0.0,0.0,0.0,1.0]},"headPose":{"x":0.0740212053,"y":-0.07787176,"z":0.203028768}},{"recID":41,"timestamp":0,"world2head":{"data":[0.9765901,-0.01734854,-0.214407936,-0.0303333141,0.133634478,0.8299966,0.5415233,-0.0549305566,0.168563232,-0.557498634,0.812884867,-0.221080467,0.0,0.0,0.0,1.0]},"headPose":{"x":0.0742298663,"y":-0.0781861,"z":0.202955425}},{"recID":42,"timestamp":0,"world2head":{"data":[0.9762487,-0.0167349242,-0.216005757,-0.0301379822,0.134360448,0.82889384,0.5430306,-0.0550920777,0.169958279,-0.5591556,0.811455,-0.221085876,0.0,0.0,0.0,1.0]},"headPose":{"x":0.07439973,"y":-0.07846027,"z":0.202807948}},{"recID":43,"timestamp":0,"world2head":{"data":[0.9758308,-0.0162000954,-0.217926264,-0.0299528688,0.135367513,0.8276857,0.544620931,-0.0554767922,0.171551555,-0.560957968,0.8098742,-0.221173659,0.0,0.0,0.0,1.0]},"headPose":{"x":0.07468137,"y":-0.0786370263,"z":0.20280914}},{"recID":44,"timestamp":0,"world2head":{"data":[0.9752694,-0.0152671151,-0.220491633,-0.0295957066,0.136315,0.826824,0.545692444,-0.05565213,0.173976615,-0.5622535,0.808457255,-0.221314311,0.0,0.0,0.0,1.0]},"headPose":{"x":0.0749535263,"y":-0.07887207,"z":0.202766523}},{"recID":45,"timestamp":0,"world2head":{"data":[0.974075139,-0.0134328306,-0.225825608,-0.0287934132,0.138544187,0.8245606,0.5485484,-0.0564362071,0.178838342,-0.565614164,0.805045,-0.221396714,0.0,0.0,0.0,1.0]},"headPose":{"x":0.07546008,"y":-0.07907683,"z":0.20269002}},{"recID":46,"timestamp":0,"world2head":{"data":[0.9735292,-0.0119620636,-0.228249416,-0.0284031779,0.138914138,0.8239892,0.5493129,-0.0566967353,0.181504145,-0.566479266,0.803839266,-0.2216912,0.0,0.0,0.0,1.0]},"headPose":{"x":0.07576517,"y":-0.07920572,"z":0.202865332}},{"recID":47,"timestamp":0,"world2head":{"data":[0.97296983,-0.0104397684,-0.230696276,-0.0280886553,0.139103115,0.8239074,0.5493878,-0.05652469,0.184336886,-0.566628337,0.8030892,-0.222020388,0.0,0.0,0.0,1.0]},"headPose":{"x":0.0761187151,"y":-0.07952518,"z":0.20287621}},{"recID":48,"timestamp":0,"world2head":{"data":[0.972414136,-0.009219073,-0.233078748,-0.0277801864,0.139775813,0.822984755,0.5505986,-0.0566889457,0.186744243,-0.567988634,0.801570654,-0.222265765,0.0,0.0,0.0,1.0]},"headPose":{"x":0.07644444,"y":-0.07984639,"z":0.202899575}},{"recID":49,"timestamp":0,"world2head":{"data":[0.971816659,-0.008280136,-0.235592514,-0.0274041668,0.140832841,0.821831465,0.552049935,-0.056734927,0.1890463,-0.5696705,0.7998356,-0.22239624,0.0,0.0,0.0,1.0]},"headPose":{"x":0.0766651556,"y":-0.08029294,"z":0.202744737}},{"recID":50,"timestamp":0,"world2head":{"data":[0.9706273,-0.006515853,-0.240499869,-0.0265509188,0.143487245,0.818069339,0.556932569,-0.0579866357,0.19311668,-0.57508266,0.7949754,-0.222445384,0.0,0.0,0.0,1.0]},"headPose":{"x":0.0770493,"y":-0.08066039,"z":0.202747762}},{"recID":51,"timestamp":0,"world2head":{"data":[0.970421135,-0.005615376,-0.241353,-0.0264009126,0.143671542,0.8168564,0.5586629,-0.05858644,0.194013655,-0.5768138,0.793501437,-0.222333714,0.0,0.0,0.0,1.0]},"headPose":{"x":0.07717298,"y":-0.0805367,"z":0.202780247}},{"recID":52,"timestamp":0,"world2head":{"data":[0.970299542,-0.0047813803,-0.241859376,-0.0264336281,0.14364627,0.8158373,0.560156465,-0.0588196255,0.1946396,-0.578261733,0.7922934,-0.222335771,0.0,0.0,0.0,1.0]},"headPose":{"x":0.0773730949,"y":-0.08070739,"z":0.2027101}},{"recID":53,"timestamp":0,"world2head":{"data":[0.970196962,-0.00395134836,-0.24228549,-0.0265023075,0.143577486,0.814824462,0.561646342,-0.0592592321,0.19520089,-0.5796943,0.791107535,-0.222361,0.0,0.0,0.0,1.0]},"headPose":{"x":0.07762581,"y":-0.08072025,"z":0.202773064}},{"recID":54,"timestamp":0,"world2head":{"data":[0.9701271,-0.003236711,-0.242575541,-0.0264947526,0.143275768,0.8145432,0.5621312,-0.0595479272,0.195768788,-0.5800939,0.79067415,-0.222512424,0.0,0.0,0.0,1.0]},"headPose":{"x":0.07779604,"y":-0.0806595,"z":0.202981591}},{"recID":55,"timestamp":0,"world2head":{"data":[0.9702613,-0.00337485969,-0.2420365,-0.02688475,0.142594159,0.815960765,0.5602454,-0.0590348244,0.195601538,-0.578097343,0.792176366,-0.22300145,0.0,0.0,0.0,1.0]},"headPose":{"x":0.07812268,"y":-0.08083719,"z":0.203223377}},{"recID":56,"timestamp":0,"world2head":{"data":[0.9702898,-0.00313719362,-0.241925135,-0.0270145535,0.142320484,0.8160237,0.5602233,-0.0588419,0.195659116,-0.5780099,0.792226,-0.223245263,0.0,0.0,0.0,1.0]},"headPose":{"x":0.07826633,"y":-0.0811063349,"z":0.203289822}},{"recID":57,"timestamp":0,"world2head":{"data":[0.970295966,-0.00338435918,-0.24189727,-0.0271857753,0.142583281,0.8157773,0.5605152,-0.0590154,0.195437327,-0.5783562,0.792028,-0.223325521,0.0,0.0,0.0,1.0]},"headPose":{"x":0.078439,"y":-0.08111027,"z":0.203382924}},{"recID":58,"timestamp":0,"world2head":{"data":[0.9703133,-0.00287716836,-0.241834164,-0.0273683481,0.142145872,0.8157764,0.5606277,-0.058920972,0.195669591,-0.5783603,0.7919677,-0.223621517,0.0,0.0,0.0,1.0]},"headPose":{"x":0.07868718,"y":-0.0813462,"z":0.203515142}},{"recID":59,"timestamp":0,"world2head":{"data":[0.9702576,-0.002038896,-0.242066219,-0.0273345932,0.141697511,0.815538347,0.56108737,-0.0589979142,0.1962703,-0.57869947,0.79157114,-0.223874509,0.0,0.0,0.0,1.0]},"headPose":{"x":0.07882137,"y":-0.08149672,"z":0.2036988}},{"recID":60,"timestamp":0,"world2head":{"data":[0.9705063,-0.000593245029,-0.241074935,-0.0276148133,0.140361816,0.814411163,0.5630568,-0.059123002,0.196000084,-0.580287933,0.7904745,-0.224160448,0.0,0.0,0.0,1.0]},"headPose":{"x":0.07903443,"y":-0.08194354,"z":0.203825474}},{"recID":61,"timestamp":0,"world2head":{"data":[0.97044754,-0.0009782165,-0.241310209,-0.027696304,0.141051561,0.8136728,0.5639513,-0.05947266,0.1957959,-0.5813224,0.789764762,-0.224232569,0.0,0.0,0.0,1.0]},"headPose":{"x":0.07917033,"y":-0.0819872,"z":0.203947246}},{"recID":62,"timestamp":0,"world2head":{"data":[0.9703862,-0.00103187561,-0.241556525,-0.0277128853,0.141545132,0.8127574,0.565146446,-0.0598769,0.19574368,-0.5826014,0.7888346,-0.224281564,0.0,0.0,0.0,1.0]},"headPose":{"x":0.0792691857,"y":-0.08202997,"z":0.204066038}},{"recID":63,"timestamp":0,"world2head":{"data":[0.9704567,-0.0008174032,-0.241273955,-0.0278263837,0.141267478,0.8125905,0.565455854,-0.05985302,0.195594713,-0.582834542,0.7886993,-0.22441788,0.0,0.0,0.0,1.0]},"headPose":{"x":0.07935453,"y":-0.0821852461,"z":0.204128683}},{"recID":64,"timestamp":0,"world2head":{"data":[0.970533252,-0.000176556408,-0.240967155,-0.0278966725,0.140717089,0.812191844,0.566165268,-0.0599104278,0.1956116,-0.5833904,0.788284063,-0.22447373,0.0,0.0,0.0,1.0]},"headPose":{"x":0.07941473,"y":-0.08230198,"z":0.204146072}},{"recID":65,"timestamp":0,"world2head":{"data":[0.9707489,0.000386595726,-0.2400968,-0.02820364,0.139833838,0.8119871,0.5666776,-0.06015726,0.19517459,-0.583675265,0.788181543,-0.22466071,0.0,0.0,0.0,1.0]},"headPose":{"x":0.07963873,"y":-0.08227107,"z":0.204391569}},{"recID":66,"timestamp":0,"world2head":{"data":[0.970753431,0.0005759299,-0.240078077,-0.0282797329,0.139624923,0.8121328,0.566520333,-0.0602754578,0.195301548,-0.5834724,0.7883003,-0.2248295,0.0,0.0,0.0,1.0]},"headPose":{"x":0.07977815,"y":-0.08221385,"z":0.204591066}},{"recID":67,"timestamp":0,"world2head":{"data":[0.970777154,0.000952884555,-0.239980981,-0.028252352,0.1391467,0.8125037,0.566106,-0.0601311326,0.195524856,-0.5829553,0.7886274,-0.224952415,0.0,0.0,0.0,1.0]},"headPose":{"x":0.07977757,"y":-0.08225352,"z":0.2046642}},{"recID":68,"timestamp":0,"world2head":{"data":[0.970840335,0.001334168,-0.239723325,-0.02832947,0.138662845,0.812601447,0.5660844,-0.06015394,0.195554763,-0.58281827,0.788721263,-0.225082442,0.0,0.0,0.0,1.0]},"headPose":{"x":0.07986045,"y":-0.08226319,"z":0.204788268}},{"recID":69,"timestamp":0,"world2head":{"data":[0.9709231,0.00165516883,-0.2393857,-0.0284683742,0.1380713,0.813022554,0.5656241,-0.05991414,0.195562184,-0.582229853,0.789153934,-0.22516486,0.0,0.0,0.0,1.0]},"headPose":{"x":0.07994676,"y":-0.08233902,"z":0.204763666}},{"recID":70,"timestamp":0,"world2head":{"data":[0.9708574,0.0024156794,-0.2396458,-0.0283981226,0.137684971,0.812836647,0.5659853,-0.06001526,0.196160123,-0.5824866,0.788815856,-0.2253233,0.0,0.0,0.0,1.0]},"headPose":{"x":0.0800331756,"y":-0.08239663,"z":0.204900891}},{"recID":71,"timestamp":0,"world2head":{"data":[0.9708636,0.002861604,-0.239615709,-0.0283446535,0.137241319,0.8130561,0.565777838,-0.05989891,0.196440041,-0.5821783,0.788973868,-0.2254116,0.0,0.0,0.0,1.0]},"headPose":{"x":0.0800192654,"y":-0.0824474543,"z":0.204941511}},{"recID":72,"timestamp":0,"world2head":{"data":[0.9709267,0.00311439484,-0.2393568,-0.0282737389,0.136910379,0.812998,0.5659416,-0.0600245148,0.196359172,-0.5822582,0.788935065,-0.22538653,0.0,0.0,0.0,1.0]},"headPose":{"x":0.07992642,"y":-0.0823452845,"z":0.205018178}},{"recID":73,"timestamp":0,"world2head":{"data":[0.9710261,0.003529936,-0.238947272,-0.0282391533,0.1362456,0.813288152,0.565685034,-0.0596977472,0.196329832,-0.5818504,0.7892431,-0.225499719,0.0,0.0,0.0,1.0]},"headPose":{"x":0.07982683,"y":-0.0825559646,"z":0.204996556}},{"recID":74,"timestamp":0,"world2head":{"data":[0.9711941,0.00386475027,-0.238258377,-0.0282464772,0.1357788,0.812696159,0.566647232,-0.0599159,0.195821628,-0.5826749,0.78876096,-0.2253496,0.0,0.0,0.0,1.0]},"headPose":{"x":0.0796964541,"y":-0.0825029761,"z":0.2049682}},{"recID":75,"timestamp":0,"world2head":{"data":[0.9716018,0.00437882543,-0.236581534,-0.0283676423,0.1343107,0.812945962,0.5666388,-0.05996275,0.1948092,-0.5823227,0.7892716,-0.2253525,0.0,0.0,0.0,1.0]},"headPose":{"x":0.0795164257,"y":-0.08235718,"z":0.205130279}},{"recID":76,"timestamp":0,"world2head":{"data":[0.971977353,0.004831396,-0.235024959,-0.0285419337,0.132868648,0.8134755,0.5662187,-0.0597368777,0.193922669,-0.581579149,0.790037751,-0.225337535,0.0,0.0,0.0,1.0]},"headPose":{"x":0.07937732,"y":-0.08231924,"z":0.205141231}},{"recID":77,"timestamp":0,"world2head":{"data":[0.9721841,0.005091436,-0.234162509,-0.02858651,0.13210243,0.8136497,0.566147566,-0.05971514,0.193408757,-0.58133316,0.7903448,-0.22538434,0.0,0.0,0.0,1.0]},"headPose":{"x":0.079271175,"y":-0.08229062,"z":0.205245018}},{"recID":78,"timestamp":0,"world2head":{"data":[0.972511351,0.00562355667,-0.232787549,-0.02869191,0.130873412,0.813670456,0.5664032,-0.05965952,0.192597568,-0.581299245,0.790567756,-0.225325063,0.0,0.0,0.0,1.0]},"headPose":{"x":0.07910811,"y":-0.0822767541,"z":0.205246955}},{"recID":79,"timestamp":0,"world2head":{"data":[0.9728544,0.00608246773,-0.2313383,-0.0288156569,0.129536748,0.8140613,0.5661488,-0.0596028566,0.191767141,-0.5807472,0.7911751,-0.225279912,0.0,0.0,0.0,1.0]},"headPose":{"x":0.07895548,"y":-0.0821350142,"z":0.205313787}},{"recID":80,"timestamp":0,"world2head":{"data":[0.973241,0.006786637,-0.229686722,-0.0289478041,0.127830714,0.814627945,0.565721333,-0.05953616,0.190948561,-0.5799442,0.7919617,-0.2253493,0.0,0.0,0.0,1.0]},"headPose":{"x":0.0788138658,"y":-0.0819937438,"z":0.205499977}},{"recID":81,"timestamp":0,"world2head":{"data":[0.9741487,0.008427706,-0.225750655,-0.0292184763,0.123721734,0.816212654,0.5643491,-0.0589534938,0.1890167,-0.5776902,0.794069767,-0.225378156,0.0,0.0,0.0,1.0]},"headPose":{"x":0.0783572,"y":-0.0818339139,"z":0.205640227}},{"recID":82,"timestamp":0,"world2head":{"data":[0.9746569,0.009164937,-0.223517224,-0.0294494666,0.121552281,0.817098558,0.5635379,-0.0584545657,0.187800393,-0.576425135,0.795276761,-0.225405172,0.0,0.0,0.0,1.0]},"headPose":{"x":0.0781395957,"y":-0.08189616,"z":0.2056184}},{"recID":83,"timestamp":0,"world2head":{"data":[0.9750759,0.009623967,-0.2216627,-0.0296242237,0.120030217,0.817356348,0.56349045,-0.0583093278,0.186600447,-0.5760521,0.7958293,-0.2253008,0.0,0.0,0.0,1.0]},"headPose":{"x":0.07792597,"y":-0.08184042,"z":0.205591142}},{"recID":84,"timestamp":0,"world2head":{"data":[0.9754422,0.0101335309,-0.220022351,-0.029783532,0.118562937,0.8177049,0.563295245,-0.0584116653,0.18562153,-0.5755484,0.7964224,-0.225264817,0.0,0.0,0.0,1.0]},"headPose":{"x":0.07779158,"y":-0.0815855,"z":0.205755919}},{"recID":85,"timestamp":0,"world2head":{"data":[0.9761094,0.0116107874,-0.216969341,-0.0299267471,0.115101233,0.819318533,0.5616662,-0.05770351,0.184288383,-0.573221,0.798408031,-0.225380376,0.0,0.0,0.0,1.0]},"headPose":{"x":0.07738851,"y":-0.08156776,"z":0.205862433}},{"recID":86,"timestamp":0,"world2head":{"data":[0.9763623,0.0122651942,-0.215792149,-0.0299332812,0.113773376,0.81971097,0.561364055,-0.0575825348,0.183772445,-0.572646141,0.7989394,-0.225436449,0.0,0.0,0.0,1.0]},"headPose":{"x":0.07720609,"y":-0.08152713,"z":0.205975458}},{"recID":87,"timestamp":0,"world2head":{"data":[0.9765622,0.01312992,-0.2148345,-0.0299275219,0.112366647,0.820216954,0.5609081,-0.0572707281,0.183575585,-0.5719019,0.7995175,-0.225616172,0.0,0.0,0.0,1.0]},"headPose":{"x":0.07707903,"y":-0.0816629454,"z":0.206078231}},{"recID":88,"timestamp":0,"world2head":{"data":[0.976704061,0.0142735019,-0.2141155,-0.02986969,0.111089043,0.820049167,0.5614078,-0.057207685,0.183598489,-0.5721152,0.7993597,-0.2255568,0.0,0.0,0.0,1.0]},"headPose":{"x":0.07694088,"y":-0.081705,"z":0.206022277}},{"recID":89,"timestamp":0,"world2head":{"data":[0.9766239,0.0154863372,-0.214396611,-0.0295789987,0.110364236,0.8197771,0.561947763,-0.05762253,0.18445994,-0.572473347,0.7989048,-0.225723684,0.0,0.0,0.0,1.0]},"headPose":{"x":0.076884,"y":-0.08152509,"z":0.206370935}},{"recID":90,"timestamp":0,"world2head":{"data":[0.976621449,0.0186794475,-0.2141534,-0.0289266743,0.107159741,0.8213096,0.5603279,-0.0569963977,0.186352864,-0.57017684,0.8001069,-0.2262566,0.0,0.0,0.0,1.0]},"headPose":{"x":0.07652169,"y":-0.08165424,"z":0.206771374}},{"recID":91,"timestamp":0,"world2head":{"data":[0.97656846,0.020066686,-0.21426937,-0.02847761,0.106012262,0.8216048,0.56011343,-0.0568185225,0.18728435,-0.5697043,0.800226033,-0.226652458,0.0,0.0,0.0,1.0]},"headPose":{"x":0.07628225,"y":-0.08187104,"z":0.2070961}},{"recID":92,"timestamp":0,"world2head":{"data":[0.9765585,0.0214804225,-0.214177683,-0.0280230679,0.104583159,0.8223231,0.559327364,-0.0564138554,0.188137844,-0.5686153,0.800800145,-0.22696875,0.0,0.0,0.0,1.0]},"headPose":{"x":0.07596752,"y":-0.08206554,"z":0.2073085}},{"recID":93,"timestamp":0,"world2head":{"data":[0.9766355,0.0230630934,-0.213661432,-0.0276053622,0.103183866,0.8218,0.5603552,-0.0565540679,0.188510478,-0.569309235,0.8002193,-0.227149516,0.0,0.0,0.0,1.0]},"headPose":{"x":0.0756159052,"y":-0.0822055042,"z":0.207561582}},{"recID":94,"timestamp":0,"world2head":{"data":[0.9769254,0.02546427,-0.212057382,-0.0274432525,0.100405127,0.8215607,0.5612102,-0.05684559,0.188508809,-0.5695521,0.800046742,-0.22747004,0.0,0.0,0.0,1.0]},"headPose":{"x":0.075397715,"y":-0.08215514,"z":0.208069444}},{"recID":95,"timestamp":0,"world2head":{"data":[0.9776072,0.0303099863,-0.208243862,-0.027489569,0.09414527,0.8220257,0.561614156,-0.0561793856,0.188204333,-0.5686432,0.8007647,-0.228007138,0.0,0.0,0.0,1.0]},"headPose":{"x":0.0750749558,"y":-0.0826405957,"z":0.208406657}},{"recID":96,"timestamp":0,"world2head":{"data":[0.977841854,0.0325062051,-0.206805974,-0.0274832845,0.09175588,0.8213779,0.562955856,-0.0565729775,0.188165426,-0.5694574,0.800195,-0.2283297,0.0,0.0,0.0,1.0]},"headPose":{"x":0.0750289559,"y":-0.08266289,"z":0.208872676}},{"recID":97,"timestamp":0,"world2head":{"data":[0.9778755,0.03355716,-0.20647867,-0.0271801353,0.09043708,0.8222225,0.561935365,-0.0564106554,0.188628361,-0.5681761,0.8009964,-0.228513017,0.0,0.0,0.0,1.0]},"headPose":{"x":0.07478444,"y":-0.08254144,"z":0.209125116}},{"recID":98,"timestamp":0,"world2head":{"data":[0.9781075,0.03435667,-0.205244511,-0.0271041058,0.08896138,0.8225806,0.56164676,-0.0558973,0.188126445,-0.5676097,0.8015158,-0.228600815,0.0,0.0,0.0,1.0]},"headPose":{"x":0.07448929,"y":-0.08284481,"z":0.209058732}},{"recID":99,"timestamp":0,"world2head":{"data":[0.9782916,0.0355275758,-0.204165131,-0.02700159,0.08739841,0.822560668,0.5619212,-0.05556314,0.187901914,-0.567566454,0.801599145,-0.2287331,0.0,0.0,0.0,1.0]},"headPose":{"x":0.074250944,"y":-0.08315788,"z":0.209061578}},{"recID":100,"timestamp":0,"world2head":{"data":[0.978738248,0.0369172879,-0.2017637,-0.02688782,0.08596386,0.8192824,0.56690973,-0.05642673,0.186230227,-0.5722006,0.7986894,-0.228267774,0.0,0.0,0.0,1.0]},"headPose":{"x":0.07367715,"y":-0.0833929,"z":0.208878934}},{"recID":101,"timestamp":0,"world2head":{"data":[0.9790218,0.0373584852,-0.200301409,-0.0268869549,0.08512924,0.818140268,0.5686823,-0.0574884079,0.185119748,-0.5738039,0.797796845,-0.2279909,0.0,0.0,0.0,1.0]},"headPose":{"x":0.07342248,"y":-0.08278402,"z":0.209197551}},{"recID":102,"timestamp":0,"world2head":{"data":[0.979354858,0.03823258,-0.198500156,-0.0270999484,0.0829474255,0.819474936,0.567080736,-0.0576439872,0.184346855,-0.5718384,0.7993855,-0.227944538,0.0,0.0,0.0,1.0]},"headPose":{"x":0.07334275,"y":-0.08207352,"z":0.209524989}},{"recID":103,"timestamp":0,"world2head":{"data":[0.9796791,0.03886322,-0.196770146,-0.0273674466,0.08053656,0.822265,0.56337744,-0.05620084,0.183691874,-0.567776263,0.802426,-0.228374615,0.0,0.0,0.0,1.0]},"headPose":{"x":0.0732881,"y":-0.0823901147,"z":0.20953089}},{"recID":104,"timestamp":0,"world2head":{"data":[0.979677141,0.03825751,-0.19689849,-0.0273389444,0.08119461,0.8219801,0.563698649,-0.05567206,0.183412343,-0.5682298,0.802168846,-0.228175536,0.0,0.0,0.0,1.0]},"headPose":{"x":0.07315382,"y":-0.0828488842,"z":0.209034562}},{"recID":105,"timestamp":0,"world2head":{"data":[0.979462743,0.03684318,-0.198230535,-0.026947394,0.0835341662,0.820663154,0.5652734,-0.0570069775,0.183506966,-0.5702232,0.8007313,-0.227972671,0.0,0.0,0.0,1.0]},"headPose":{"x":0.0729905739,"y":-0.08221897,"z":0.2094276}},{"recID":106,"timestamp":0,"world2head":{"data":[0.979418159,0.0367724374,-0.198463768,-0.0268374085,0.08340835,0.8216481,0.563859463,-0.0567677543,0.18380186,-0.5688077,0.801669955,-0.228129074,0.0,0.0,0.0,1.0]},"headPose":{"x":0.0729505,"y":-0.08213158,"z":0.209567}},{"recID":107,"timestamp":0,"world2head":{"data":[0.9793483,0.03656622,-0.19884634,-0.026699245,0.0835169,0.8225094,0.5625861,-0.0557356253,0.184124649,-0.5675748,0.8024693,-0.2282739,0.0,0.0,0.0,1.0]},"headPose":{"x":0.0728335753,"y":-0.0827431455,"z":0.209229842}},{"recID":108,"timestamp":0,"world2head":{"data":[0.9793154,0.0366615653,-0.198990732,-0.0265102983,0.0842597559,0.82023,0.56579417,-0.0562684163,0.183961064,-0.5708578,0.8001748,-0.227720022,0.0,0.0,0.0,1.0]},"headPose":{"x":0.0725947246,"y":-0.08287081,"z":0.208776861}},{"recID":109,"timestamp":0,"world2head":{"data":[0.9793124,0.0365810767,-0.199020252,-0.0264240652,0.08466107,0.8192381,0.567169666,-0.0571394041,0.183792666,-0.572285533,0.7991931,-0.227516323,0.0,0.0,0.0,1.0]},"headPose":{"x":0.0725307241,"y":-0.0824269,"z":0.208978266}},{"recID":110,"timestamp":0,"world2head":{"data":[0.9793266,0.0366517976,-0.1989374,-0.0263040662,0.08429204,0.820058644,0.5660377,-0.0570305958,0.183886632,-0.5711046,0.8000158,-0.227435276,0.0,0.0,0.0,1.0]},"headPose":{"x":0.0723898038,"y":-0.08215681,"z":0.209000409}},{"recID":111,"timestamp":0,"world2head":{"data":[0.979440749,0.036871396,-0.198333785,-0.0262242369,0.0835702047,0.8206653,0.565265,-0.0565740131,0.183607772,-0.5702184,0.8007117,-0.227266878,0.0,0.0,0.0,1.0]},"headPose":{"x":0.0721409544,"y":-0.0821965,"z":0.2087534}},{"recID":112,"timestamp":0,"world2head":{"data":[0.979551554,0.0366938338,-0.197818875,-0.0262441263,0.08342658,0.8206353,0.565329731,-0.056431707,0.183081269,-0.570273,0.80079335,-0.227072671,0.0,0.0,0.0,1.0]},"headPose":{"x":0.0719881356,"y":-0.08222056,"z":0.208549231}},{"recID":113,"timestamp":0,"world2head":{"data":[0.9796873,0.0362915546,-0.197220042,-0.0262654163,0.0833810642,0.8207164,0.5652187,-0.0565452874,0.1823744,-0.570181966,0.80101943,-0.227025256,0.0,0.0,0.0,1.0]},"headPose":{"x":0.07185029,"y":-0.08208485,"z":0.208632022}},{"recID":114,"timestamp":0,"world2head":{"data":[0.9799226,0.0357686,-0.196143717,-0.0264580771,0.0831261054,0.820898652,0.564991534,-0.0564667955,0.181223065,-0.569952667,0.8014438,-0.2268007,0.0,0.0,0.0,1.0]},"headPose":{"x":0.07172225,"y":-0.08196577,"z":0.2084817}},{"recID":115,"timestamp":0,"world2head":{"data":[0.9802919,0.0349114835,-0.194445223,-0.0267798565,0.0828382,0.820910335,0.565016866,-0.0563736521,0.179347664,-0.569988966,0.801839769,-0.226655692,0.0,0.0,0.0,1.0]},"headPose":{"x":0.07157214,"y":-0.0819786,"z":0.208386391}},{"recID":116,"timestamp":0,"world2head":{"data":[0.9803926,0.0342232,-0.194059834,-0.026940912,0.08317394,0.82091105,0.564966559,-0.0565013327,0.178640828,-0.570029736,0.8019686,-0.226527289,0.0,0.0,0.0,1.0]},"headPose":{"x":0.07157912,"y":-0.08182271,"z":0.20836097}},{"recID":117,"timestamp":0,"world2head":{"data":[0.9804705,0.0340571776,-0.19369486,-0.0270731822,0.083004415,0.821210861,0.5645555,-0.0562360734,0.1782915,-0.5696076,0.80234617,-0.226504788,0.0,0.0,0.0,1.0]},"headPose":{"x":0.0715961754,"y":-0.08191513,"z":0.208239689}},{"recID":118,"timestamp":0,"world2head":{"data":[0.980488539,0.03366109,-0.193672881,-0.0270891078,0.08337769,0.821003854,0.564801633,-0.0564008132,0.178018019,-0.56992954,0.802178264,-0.226277187,0.0,0.0,0.0,1.0]},"headPose":{"x":0.07154454,"y":-0.08174491,"z":0.208123475}},{"recID":119,"timestamp":0,"world2head":{"data":[0.9804617,0.03320191,-0.19388783,-0.0271029174,0.08389733,0.820928335,0.564834356,-0.0565014854,0.1779216,-0.570065141,0.8021033,-0.2262764,0.0,0.0,0.0,1.0]},"headPose":{"x":0.07157315,"y":-0.0817087442,"z":0.2081561}},{"recID":120,"timestamp":0,"world2head":{"data":[0.980369151,0.0331341252,-0.194366917,-0.02712591,0.08412077,0.8212719,0.56430155,-0.055991374,0.178325728,-0.569574058,0.8023623,-0.22610575,0.0,0.0,0.0,1.0]},"headPose":{"x":0.0716239139,"y":-0.08190105,"z":0.207742378}},{"recID":121,"timestamp":0,"world2head":{"data":[0.9802143,0.0329428241,-0.195178568,-0.0270116962,0.0848833546,0.820824862,0.5648374,-0.0560513958,0.178814769,-0.5702291,0.801788,-0.2259522,0.0,0.0,0.0,1.0]},"headPose":{"x":0.07163867,"y":-0.0819463059,"z":0.2075536}},{"recID":122,"timestamp":0,"world2head":{"data":[0.980014265,0.0325418077,-0.196247518,-0.0268717185,0.08606866,0.820046961,0.5657873,-0.0565567464,0.179343909,-0.571370363,0.8008569,-0.2257135,0.0,0.0,0.0,1.0]},"headPose":{"x":0.07168277,"y":-0.0817123652,"z":0.207489774}},{"recID":123,"timestamp":0,"world2head":{"data":[0.9798292,0.0323171131,-0.197206318,-0.0267055668,0.08675954,0.8201881,0.5654771,-0.05652404,0.180020869,-0.5711805,0.800840437,-0.225650132,0.0,0.0,0.0,1.0]},"headPose":{"x":0.07169262,"y":-0.0816635638,"z":0.207406282}},{"recID":124,"timestamp":0,"world2head":{"data":[0.9796615,0.032242,-0.198049963,-0.026580479,0.08730198,0.8202046,0.565369546,-0.056460157,0.180670142,-0.571161,0.8007081,-0.225627,0.0,0.0,0.0,1.0]},"headPose":{"x":0.07173302,"y":-0.08170344,"z":0.207317963}},{"recID":125,"timestamp":0,"world2head":{"data":[0.979395151,0.0315241,-0.199477643,-0.0263849571,0.0887346938,0.8201159,0.565275133,-0.05641961,0.181414574,-0.571328342,0.800420344,-0.2254176,0.0,0.0,0.0,1.0]},"headPose":{"x":0.0717417151,"y":-0.08168508,"z":0.207058221}},{"recID":126,"timestamp":0,"world2head":{"data":[0.979192853,0.03133152,-0.200498715,-0.02624039,0.08951719,0.8199984,0.5653223,-0.0564019643,0.182121024,-0.5715076,0.800131857,-0.2254152,0.0,0.0,0.0,1.0]},"headPose":{"x":0.07179619,"y":-0.08175483,"z":0.20698601}},{"recID":127,"timestamp":0,"world2head":{"data":[0.979033053,0.0307905953,-0.2013609,-0.0261036679,0.09064066,0.819407344,0.565999866,-0.05663333,0.182424083,-0.5723841,0.799436033,-0.225250229,0.0,0.0,0.0,1.0]},"headPose":{"x":0.071780704,"y":-0.08172012,"z":0.206871346}},{"recID":128,"timestamp":0,"world2head":{"data":[0.9788692,0.03021174,-0.2022432,-0.02597892,0.09168642,0.8191931,0.566141546,-0.0567323528,0.18278037,-0.572721541,0.7991129,-0.225177512,0.0,0.0,0.0,1.0]},"headPose":{"x":0.07178957,"y":-0.08170437,"z":0.206806734}},{"recID":129,"timestamp":0,"world2head":{"data":[0.978729,0.0296961851,-0.2029966,-0.0258507542,0.09276591,0.8184798,0.5669968,-0.0568051934,0.182986245,-0.5737674,0.7983151,-0.225005269,0.0,0.0,0.0,1.0]},"headPose":{"x":0.07174334,"y":-0.0818391144,"z":0.206585854}},{"recID":130,"timestamp":0,"world2head":{"data":[0.978628337,0.0289423615,-0.203590035,-0.0257786587,0.09393784,0.8177873,0.5678024,-0.0573754124,0.1829269,-0.5747924,0.797591031,-0.224758357,0.0,0.0,0.0,1.0]},"headPose":{"x":0.0717318,"y":-0.0815224051,"z":0.206594869}},{"recID":131,"timestamp":0,"world2head":{"data":[0.978554845,0.0284656286,-0.204010159,-0.02573368,0.09440871,0.8182789,0.5670155,-0.05714095,0.183077663,-0.5741161,0.7980434,-0.224857137,0.0,0.0,0.0,1.0]},"headPose":{"x":0.07174274,"y":-0.0816043541,"z":0.206595629}},{"recID":132,"timestamp":0,"world2head":{"data":[0.9784793,0.0277849436,-0.204465792,-0.0257203132,0.0952448547,0.818203747,0.5669842,-0.0569926649,0.1830483,-0.574256539,0.7979491,-0.22484675,0.0,0.0,0.0,1.0]},"headPose":{"x":0.07175287,"y":-0.0817734748,"z":0.206471264}},{"recID":133,"timestamp":0,"world2head":{"data":[0.9783139,0.0269050933,-0.205372751,-0.025596384,0.09657128,0.8179133,0.5671789,-0.05686496,0.1832371,-0.5747121,0.797577739,-0.2248348,0.0,0.0,0.0,1.0]},"headPose":{"x":0.0717309,"y":-0.082016,"z":0.206319}},{"recID":134,"timestamp":0,"world2head":{"data":[0.9780759,0.0260245427,-0.206616119,-0.0253520273,0.09839191,0.816686034,0.568632543,-0.0572353974,0.1835389,-0.5764951,0.796220362,-0.22469084,0.0,0.0,0.0,1.0]},"headPose":{"x":0.07166722,"y":-0.08213005,"z":0.2062112}},{"recID":135,"timestamp":0,"world2head":{"data":[0.9779862,0.0252083577,-0.207141384,-0.0252173319,0.09998636,0.814687848,0.571214855,-0.0578761175,0.183154956,-0.5793516,0.794233,-0.224359676,0.0,0.0,0.0,1.0]},"headPose":{"x":0.07154161,"y":-0.08219646,"z":0.206029981}},{"recID":136,"timestamp":0,"world2head":{"data":[0.9779495,0.0244752318,-0.207402244,-0.0252983868,0.101088047,0.813538,0.572658,-0.05820312,0.182745561,-0.580996454,0.793125,-0.22413528,0.0,0.0,0.0,1.0]},"headPose":{"x":0.0715839043,"y":-0.08225217,"z":0.20585081}},{"recID":137,"timestamp":0,"world2head":{"data":[0.9777991,0.0236893781,-0.208201066,-0.025300622,0.102564007,0.81232816,0.5741111,-0.0585249737,0.182727918,-0.5827193,0.7918641,-0.223966017,0.0,0.0,0.0,1.0]},"headPose":{"x":0.07166633,"y":-0.08236847,"z":0.205682874}},{"recID":138,"timestamp":0,"world2head":{"data":[0.9775445,0.0226901062,-0.209504113,-0.0251618288,0.104434684,0.811345,0.575163245,-0.05883568,0.18303062,-0.5841272,0.790756166,-0.223855272,0.0,0.0,0.0,1.0]},"headPose":{"x":0.07171366,"y":-0.0824529752,"z":0.205583543}},{"recID":139,"timestamp":0,"world2head":{"data":[0.9772618,0.021588929,-0.210934356,-0.0249860287,0.106446587,0.810409069,0.576113045,-0.0591585077,0.183380768,-0.585466564,0.7896837,-0.223691553,0.0,0.0,0.0,1.0]},"headPose":{"x":0.07173585,"y":-0.08248191,"z":0.205457181}},{"recID":140,"timestamp":0,"world2head":{"data":[0.9766696,0.01940605,-0.213868812,-0.0244796872,0.110371366,0.808943748,0.577432454,-0.0596060976,0.184213534,-0.5875657,0.787928939,-0.223477885,0.0,0.0,0.0,1.0]},"headPose":{"x":0.07165502,"y":-0.0826149061,"z":0.205267727}},{"recID":141,"timestamp":0,"world2head":{"data":[0.976538837,0.0184783414,-0.214547127,-0.02441192,0.111678563,0.808398545,0.5779444,-0.0597239733,0.184119046,-0.5883454,0.7873689,-0.223343372,0.0,0.0,0.0,1.0]},"headPose":{"x":0.07163084,"y":-0.0826711953,"z":0.205133259}},{"recID":142,"timestamp":0,"world2head":{"data":[0.9764158,0.0173695423,-0.215198681,-0.0244276,0.113128096,0.807803333,0.5784944,-0.06000633,0.1838864,-0.5891961,0.786787,-0.22319898,0.0,0.0,0.0,1.0]},"headPose":{"x":0.07168315,"y":-0.08261036,"z":0.205066592}},{"recID":143,"timestamp":0,"world2head":{"data":[0.9763343,0.0165592059,-0.215631962,-0.0244580135,0.114176445,0.807319939,0.5789631,-0.0601682328,0.183671147,-0.5898816,0.7863234,-0.223004043,0.0,0.0,0.0,1.0]},"headPose":{"x":0.0717084,"y":-0.08256596,"z":0.20491457}},{"recID":144,"timestamp":0,"world2head":{"data":[0.976205766,0.0155106522,-0.216290832,-0.024516277,0.11547938,0.8070513,0.5790793,-0.06015877,0.183539689,-0.5902777,0.786056936,-0.223043516,0.0,0.0,0.0,1.0]},"headPose":{"x":0.07181737,"y":-0.08272612,"z":0.204858944}},{"recID":145,"timestamp":0,"world2head":{"data":[0.975775361,0.0129782371,-0.218389675,-0.0244411975,0.11902979,0.8060656,0.5797328,-0.06054319,0.183560327,-0.591683865,0.7849942,-0.222881585,0.0,0.0,0.0,1.0]},"headPose":{"x":0.07196777,"y":-0.08275644,"z":0.204721913}},{"recID":146,"timestamp":0,"world2head":{"data":[0.9755385,0.0119870231,-0.219501629,-0.02434823,0.120587014,0.8056937,0.579928,-0.0608029924,0.183802679,-0.592211068,0.7845397,-0.222798318,0.0,0.0,0.0,1.0]},"headPose":{"x":0.07203562,"y":-0.0826632,"z":0.20471102}},{"recID":147,"timestamp":0,"world2head":{"data":[0.9753366,0.0111525059,-0.2204407,-0.0242834538,0.1217657,0.8058113,0.579518139,-0.0607494935,0.184096709,-0.5920674,0.7845793,-0.222826183,0.0,0.0,0.0,1.0]},"headPose":{"x":0.07210331,"y":-0.0827046558,"z":0.204677165}},{"recID":148,"timestamp":0,"world2head":{"d