[{"recID":0,"timestamp":0,"world2head":{"data":[0.9728867,-0.05393725,0.22490494,-0.07400499,-0.1637645,0.5260171,0.8345581,-0.5472831,-0.163317636,-0.8487619,0.502922058,0.06490208,0.0,0.0,0.0,1.0]},"headPose":{"x":-0.00702742441,"y":0.338975072,"z":0.4407429}},{"recID":1,"timestamp":0,"world2head":{"data":[0.9728867,-0.05393725,0.22490494,-0.07400499,-0.1637645,0.5260171,0.8345581,-0.5472831,-0.163317636,-0.8487619,0.502922058,0.06490208,0.0,0.0,0.0,1.0]},"headPose":{"x":-0.00702742441,"y":0.338975072,"z":0.4407429}},{"recID":2,"timestamp":0,"world2head":{"data":[0.9728867,-0.05393725,0.22490494,-0.07400499,-0.1637645,0.5260171,0.8345581,-0.5472831,-0.163317636,-0.8487619,0.502922058,0.06490208,0.0,0.0,0.0,1.0]},"headPose":{"x":-0.00702742441,"y":0.338975072,"z":0.4407429}},{"recID":3,"timestamp":0,"world2head":{"data":[0.9728867,-0.05393725,0.22490494,-0.07400499,-0.1637645,0.5260171,0.8345581,-0.5472831,-0.163317636,-0.8487619,0.502922058,0.06490208,0.0,0.0,0.0,1.0]},"headPose":{"x":-0.00702742441,"y":0.338975072,"z":0.4407429}},{"recID":4,"timestamp":0,"world2head":{"data":[0.9728867,-0.05393725,0.22490494,-0.07400499,-0.1637645,0.5260171,0.8345581,-0.5472831,-0.163317636,-0.8487619,0.502922058,0.06490208,0.0,0.0,0.0,1.0]},"headPose":{"x":-0.00702742441,"y":0.338975072,"z":0.4407429}},{"recID":5,"timestamp":0,"world2head":{"data":[0.9728867,-0.05393725,0.22490494,-0.07400499,-0.1637645,0.5260171,0.8345581,-0.5472831,-0.163317636,-0.8487619,0.502922058,0.06490208,0.0,0.0,0.0,1.0]},"headPose":{"x":-0.00702742441,"y":0.338975072,"z":0.4407429}},{"recID":6,"timestamp":0,"world2head":{"data":[0.9728867,-0.05393725,0.22490494,-0.07400499,-0.1637645,0.5260171,0.8345581,-0.5472831,-0.163317636,-0.8487619,0.502922058,0.06490208,0.0,0.0,0.0,1.0]},"headPose":{"x":-0.00702742441,"y":0.338975072,"z":0.4407429}},{"recID":7,"timestamp":0,"world2head":{"data":[0.9728867,-0.05393725,0.22490494,-0.07400499,-0.1637645,0.5260171,0.8345581,-0.5472831,-0.163317636,-0.8487619,0.502922058,0.06490208,0.0,0.0,0.0,1.0]},"headPose":{"x":-0.00702742441,"y":0.338975072,"z":0.4407429}},{"recID":8,"timestamp":0,"world2head":{"data":[0.9728867,-0.05393725,0.22490494,-0.07400499,-0.1637645,0.5260171,0.8345581,-0.5472831,-0.163317636,-0.8487619,0.502922058,0.06490208,0.0,0.0,0.0,1.0]},"headPose":{"x":-0.00702742441,"y":0.338975072,"z":0.4407429}},{"recID":9,"timestamp":0,"world2head":{"data":[0.9728867,-0.05393725,0.22490494,-0.07400499,-0.1637645,0.5260171,0.8345581,-0.5472831,-0.163317636,-0.8487619,0.502922058,0.06490208,0.0,0.0,0.0,1.0]},"headPose":{"x":-0.00702742441,"y":0.338975072,"z":0.4407429}},{"recID":10,"timestamp":0,"world2head":{"data":[0.9728579,-0.05383021,0.225055128,-0.07404354,-0.163774222,0.5269182,0.8339876,-0.547776937,-0.163479388,-0.8482096,0.5038005,0.06423933,0.0,0.0,0.0,1.0]},"headPose":{"x":-0.007176092,"y":0.339136243,"z":0.4411392}},{"recID":11,"timestamp":0,"world2head":{"data":[0.972764134,-0.0536442138,0.2255045,-0.07423137,-0.163677424,0.529900551,0.8321149,-0.549118161,-0.164133117,-0.846361458,0.506687939,0.0620243251,0.0,0.0,0.0,1.0]},"headPose":{"x":-0.00748838857,"y":0.33949092,"z":0.442241848}},{"recID":12,"timestamp":0,"world2head":{"data":[0.9726549,-0.0539041534,0.2259134,-0.07433173,-0.163713127,0.5308307,0.831514835,-0.5495164,-0.16474387,-0.8457619,0.5074902,0.0615390129,0.0,0.0,0.0,1.0]},"headPose":{"x":-0.00752573647,"y":0.339740664,"z":0.442493021}},{"recID":13,"timestamp":0,"world2head":{"data":[0.9726007,-0.0536653772,0.226203129,-0.07466449,-0.164063156,0.530934,0.8313798,-0.549784839,-0.164715216,-0.8457122,0.507582247,0.0614709556,0.0,0.0,0.0,1.0]},"headPose":{"x":-0.00745550543,"y":0.339879334,"z":0.442767859}},{"recID":14,"timestamp":0,"world2head":{"data":[0.972698331,-0.052842252,0.2259772,-0.07499742,-0.164269775,0.531050444,0.8312646,-0.5502471,-0.1639312,-0.845690966,0.5078715,0.0613611154,0.0,0.0,0.0,1.0]},"headPose":{"x":-0.00738010928,"y":0.340138465,"z":0.443185061}},{"recID":15,"timestamp":0,"world2head":{"data":[0.972586453,-0.0523514561,0.226572126,-0.07554067,-0.164786115,0.5323082,0.8303575,-0.550647557,-0.164076626,-0.844930351,0.509088933,0.0608706661,0.0,0.0,0.0,1.0]},"headPose":{"x":-0.00728178024,"y":0.340590984,"z":0.4433611}},{"recID":16,"timestamp":0,"world2head":{"data":[0.9724873,-0.0518356636,0.22711584,-0.07616834,-0.165145934,0.5342102,0.8290634,-0.550951242,-0.164302647,-0.843760848,0.510952234,0.0597269349,0.0,0.0,0.0,1.0]},"headPose":{"x":-0.00710130576,"y":0.340770841,"z":0.443554938}},{"recID":17,"timestamp":0,"world2head":{"data":[0.972482,-0.05258684,0.2269654,-0.07602174,-0.164650217,0.534106,0.8292292,-0.5510818,-0.164830118,-0.843780339,0.510750055,0.0599714741,0.0,0.0,0.0,1.0]},"headPose":{"x":-0.00692085875,"y":0.340941131,"z":0.443597}},{"recID":18,"timestamp":0,"world2head":{"data":[0.972344,-0.05297762,0.227465451,-0.0764106959,-0.165046841,0.5332284,0.8297151,-0.5511119,-0.165247381,-0.844310939,0.5097377,0.0606330037,0.0,0.0,0.0,1.0]},"headPose":{"x":-0.00664236,"y":0.341013551,"z":0.443739653}},{"recID":19,"timestamp":0,"world2head":{"data":[0.9723253,-0.05239564,0.227679923,-0.07715845,-0.165703565,0.53233707,0.830156446,-0.55102545,-0.164699063,-0.844909549,0.5089227,0.06121472,0.0,0.0,0.0,1.0]},"headPose":{"x":-0.006201771,"y":0.341009378,"z":0.443851173}},{"recID":20,"timestamp":0,"world2head":{"data":[0.9722521,-0.0518769473,0.228111029,-0.0780341253,-0.166717947,0.5303836,0.831203043,-0.5509224,-0.164106637,-0.846169055,0.507017732,0.0624643937,0.0,0.0,0.0,1.0]},"headPose":{"x":-0.005728987,"y":0.341007441,"z":0.44405818}},{"recID":21,"timestamp":0,"world2head":{"data":[0.972533762,-0.05196747,0.226886511,-0.07799286,-0.165685624,0.530068338,0.831610441,-0.55109,-0.16348204,-0.846361041,0.5068991,0.06241869,0.0,0.0,0.0,1.0]},"headPose":{"x":-0.005252674,"y":0.340890974,"z":0.44434768}},{"recID":22,"timestamp":0,"world2head":{"data":[0.972728848,-0.0524712279,0.22593233,-0.0779768452,-0.164844066,0.5288633,0.8325444,-0.549992859,-0.163171947,-0.8470835,0.505791068,0.06275324,0.0,0.0,0.0,1.0]},"headPose":{"x":-0.00457314961,"y":0.3399367,"z":0.443770826}},{"recID":23,"timestamp":0,"world2head":{"data":[0.97309655,-0.0533254854,0.2241418,-0.07751105,-0.164512321,0.5202817,0.8379993,-0.5483108,-0.16130358,-0.852328241,0.497511566,0.0680293962,0.0,0.0,0.0,1.0]},"headPose":{"x":-0.003804777,"y":0.3391261,"z":0.4430121}},{"recID":24,"timestamp":0,"world2head":{"data":[0.973693,-0.05430544,0.2212981,-0.07628907,-0.163815051,0.5082401,0.845491946,-0.54638195,-0.1583874,-0.859501541,0.485973775,0.07563096,0.0,0.0,0.0,1.0]},"headPose":{"x":-0.00324445684,"y":0.338555217,"z":0.4420895}},{"recID":25,"timestamp":0,"world2head":{"data":[0.9738658,-0.05645386,0.219996288,-0.07520728,-0.1643568,0.4933471,0.8541637,-0.544514358,-0.156755373,-0.86799866,0.4711753,0.08568939,0.0,0.0,0.0,1.0]},"headPose":{"x":-0.0028205663,"y":0.338767052,"z":0.441274881}},{"recID":26,"timestamp":0,"world2head":{"data":[0.973229051,-0.0578149781,0.222446918,-0.07590833,-0.1651682,0.497101128,0.8518275,-0.545416,-0.159827,-0.8657644,0.474244058,0.08404156,0.0,0.0,0.0,1.0]},"headPose":{"x":-0.002777071,"y":0.33949843,"z":0.441629648}},{"recID":27,"timestamp":0,"world2head":{"data":[0.972927451,-0.0581933558,0.223664373,-0.07630282,-0.16592598,0.4977818,0.851282537,-0.545068443,-0.160875052,-0.8653478,0.4746498,0.08405198,0.0,0.0,0.0,1.0]},"headPose":{"x":-0.002682046,"y":0.339619,"z":0.441178143}},{"recID":28,"timestamp":0,"world2head":{"data":[0.972192,-0.0585716926,0.226742461,-0.07788579,-0.168212235,0.498981118,0.8501309,-0.5464759,-0.162933812,-0.8646313,0.475252926,0.0847637653,0.0,0.0,0.0,1.0]},"headPose":{"x":-0.00239311485,"y":0.3414086,"z":0.4419518}},{"recID":29,"timestamp":0,"world2head":{"data":[0.9720851,-0.05623239,0.22779043,-0.07950958,-0.166458771,0.5189237,0.83845675,-0.549050152,-0.1653543,-0.85296905,0.4950776,0.07243413,0.0,0.0,0.0,1.0]},"headPose":{"x":-0.00212684367,"y":0.342228144,"z":0.4426058}},{"recID":30,"timestamp":0,"world2head":{"data":[0.972221851,-0.0543442257,0.227665171,-0.08113293,-0.166872308,0.5211277,0.8370064,-0.5490734,-0.1641291,-0.851746857,0.497583151,0.0720235854,0.0,0.0,0.0,1.0]},"headPose":{"x":-0.0009247662,"y":0.343074054,"z":0.44221127}},{"recID":31,"timestamp":0,"world2head":{"data":[0.973397553,-0.0504349954,0.2235028,-0.0821747556,-0.163474843,0.5306126,0.831700861,-0.551422656,-0.160540238,-0.846112669,0.508252144,0.0660378858,0.0,0.0,0.0,1.0]},"headPose":{"x":0.000446709571,"y":0.3443228,"z":0.443421066}},{"recID":32,"timestamp":0,"world2head":{"data":[0.975668,-0.0449209,0.214602128,-0.0814517662,-0.156801134,0.5411756,0.826161265,-0.5533392,-0.153249338,-0.8397089,0.520964,0.0588866025,0.0,0.0,0.0,1.0]},"headPose":{"x":0.00172999711,"y":0.345242381,"z":0.4439493}},{"recID":33,"timestamp":0,"world2head":{"data":[0.9775332,-0.0415104143,0.206653625,-0.08046973,-0.150737271,0.5476258,0.823033631,-0.554174,-0.147333324,-0.835693061,0.529065251,0.0549340546,0.0,0.0,0.0,1.0]},"headPose":{"x":0.00322076958,"y":0.34604764,"z":0.443669438}},{"recID":34,"timestamp":0,"world2head":{"data":[0.9792503,-0.0371973068,0.199211448,-0.0799333751,-0.145723239,0.553881049,0.81974417,-0.5557384,-0.140831739,-0.8317645,0.536967754,0.05077119,0.0,0.0,0.0,1.0]},"headPose":{"x":0.00444097351,"y":0.347069323,"z":0.444224447}},{"recID":35,"timestamp":0,"world2head":{"data":[0.9803747,-0.0341720544,0.194159031,-0.07970741,-0.14224346,0.559297442,0.816672146,-0.556207,-0.1365,-0.8282625,0.54346025,0.04743796,0.0,0.0,0.0,1.0]},"headPose":{"x":0.005501593,"y":0.347652376,"z":0.4439339}},{"recID":36,"timestamp":0,"world2head":{"data":[0.980581462,-0.03399265,0.193143815,-0.07999593,-0.141126484,0.5615453,0.815322161,-0.5563109,-0.136173964,-0.826747537,0.545843661,0.04690922,0.0,0.0,0.0,1.0]},"headPose":{"x":0.006320144,"y":0.348456532,"z":0.443418175}},{"recID":37,"timestamp":0,"world2head":{"data":[0.980638444,-0.03399294,0.1928543,-0.08061672,-0.140247136,0.5654106,0.8127987,-0.557040751,-0.13667129,-0.8241089,0.5496959,0.04483258,0.0,0.0,0.0,1.0]},"headPose":{"x":0.007059796,"y":0.3491632,"z":0.443664938}},{"recID":38,"timestamp":0,"world2head":{"data":[0.98046,-0.035093002,0.193563148,-0.08090481,-0.139942348,0.567105532,0.8116695,-0.556593537,-0.138254657,-0.822897136,0.551113367,0.044530984,0.0,0.0,0.0,1.0]},"headPose":{"x":0.00758955348,"y":0.349452555,"z":0.442888558}},{"recID":39,"timestamp":0,"world2head":{"data":[0.97979486,-0.0361445732,0.1967119,-0.0823434144,-0.141994134,0.5669445,0.8114257,-0.5563384,-0.140853375,-0.822962642,0.550357,0.0454877838,0.0,0.0,0.0,1.0]},"headPose":{"x":0.008089971,"y":0.3498715,"z":0.4425907}},{"recID":40,"timestamp":0,"world2head":{"data":[0.979588568,-0.0366021246,0.197652623,-0.08302892,-0.14201954,0.569840431,0.8093901,-0.5567876,-0.142255858,-0.820939839,0.553010941,0.0439495668,0.0,0.0,0.0,1.0]},"headPose":{"x":0.008511549,"y":0.350320965,"z":0.44276464}},{"recID":41,"timestamp":0,"world2head":{"data":[0.9796026,-0.03559655,0.19776687,-0.0837885961,-0.142631978,0.570082068,0.8091122,-0.555645347,-0.141544938,-0.8208163,0.5533766,0.0442522168,0.0,0.0,0.0,1.0]},"headPose":{"x":0.009090407,"y":0.3501038,"z":0.441661924}},{"recID":42,"timestamp":0,"world2head":{"data":[0.979820967,-0.0332656875,0.197089523,-0.0847422555,-0.143455446,0.5695823,0.8093186,-0.5554564,-0.139181226,-0.82126087,0.553316534,0.0446071737,0.0,0.0,0.0,1.0]},"headPose":{"x":0.009557476,"y":0.350193262,"z":0.4415611}},{"recID":43,"timestamp":0,"world2head":{"data":[0.9803031,-0.0303262733,0.195156813,-0.08501561,-0.1435292,0.5693797,0.809448,-0.554953456,-0.135665864,-0.8215151,0.5538119,0.0449621454,0.0,0.0,0.0,1.0]},"headPose":{"x":0.009788852,"y":0.3503381,"z":0.4408968}},{"recID":44,"timestamp":0,"world2head":{"data":[0.980447233,-0.0290000662,0.194633588,-0.08521458,-0.144292772,0.566574,0.811278939,-0.5543099,-0.133801475,-0.8235004,0.5513114,0.0472581871,0.0,0.0,0.0,1.0]},"headPose":{"x":0.009888701,"y":0.350503474,"z":0.4402316}},{"recID":45,"timestamp":0,"world2head":{"data":[0.9802705,-0.0287423655,0.195559815,-0.08574922,-0.145127416,0.5670312,0.810810566,-0.5544851,-0.134193137,-0.823194742,0.551672637,0.0473373421,0.0,0.0,0.0,1.0]},"headPose":{"x":0.009938777,"y":0.3509135,"z":0.4402367}},{"recID":46,"timestamp":0,"world2head":{"data":[0.9800476,-0.0300102644,0.196484432,-0.08574033,-0.144674987,0.5701412,0.8087078,-0.5543532,-0.136293426,-0.8209985,0.5544238,0.0457743332,0.0,0.0,0.0,1.0]},"headPose":{"x":0.0100673009,"y":0.351067126,"z":0.439777941}},{"recID":47,"timestamp":0,"world2head":{"data":[0.9797389,-0.0312791169,0.197821558,-0.0859713,-0.14499855,0.5705751,0.8083437,-0.5541096,-0.138156325,-0.820649564,0.5544792,0.0461587049,0.0,0.0,0.0,1.0]},"headPose":{"x":0.0102614667,"y":0.351352125,"z":0.439323872}},{"recID":48,"timestamp":0,"world2head":{"data":[0.979788542,-0.03179841,0.197492555,-0.0858864561,-0.143996119,0.5731857,0.8066743,-0.554143965,-0.138850883,-0.8188084,0.557022,0.0447270833,0.0,0.0,0.0,1.0]},"headPose":{"x":0.0105663724,"y":0.351519227,"z":0.4390616}},{"recID":49,"timestamp":0,"world2head":{"data":[0.97993964,-0.0316502042,0.196765244,-0.08561972,-0.1432271,0.5746825,0.8057457,-0.5541464,-0.138579547,-0.8177643,0.558621,0.0441480726,0.0,0.0,0.0,1.0]},"headPose":{"x":0.0106513863,"y":0.351851046,"z":0.438686}},{"recID":50,"timestamp":0,"world2head":{"data":[0.9799131,-0.0310504436,0.1969929,-0.08591683,-0.1435013,0.5761584,0.8046421,-0.5538709,-0.138483614,-0.816748,0.5601294,0.04350976,0.0,0.0,0.0,1.0]},"headPose":{"x":0.0107352119,"y":0.35198614,"z":0.438221753}},{"recID":51,"timestamp":0,"world2head":{"data":[0.9799289,-0.03064135,0.196978256,-0.08605764,-0.14340283,0.578027844,0.803317845,-0.553967535,-0.138473675,-0.815441668,0.5620321,0.0426124558,0.0,0.0,0.0,1.0]},"headPose":{"x":0.0107905567,"y":0.352319658,"z":0.438013881}},{"recID":52,"timestamp":0,"world2head":{"data":[0.9797982,-0.0307439044,0.197611555,-0.0861969963,-0.143566459,0.5797715,0.8020309,-0.5537132,-0.1392271,-0.814198852,0.563645363,0.0418261476,0.0,0.0,0.0,1.0]},"headPose":{"x":0.0107843578,"y":0.352431953,"z":0.437553525}},{"recID":53,"timestamp":0,"world2head":{"data":[0.9796416,-0.0327503048,0.198065013,-0.08566177,-0.14250797,0.5814582,0.8009981,-0.553813756,-0.141399473,-0.8129169,0.564953446,0.04082702,0.0,0.0,0.0,1.0]},"headPose":{"x":0.0107678641,"y":0.352403045,"z":0.437504947}},{"recID":54,"timestamp":0,"world2head":{"data":[0.9796755,-0.0340796262,0.197672769,-0.08503556,-0.142015263,0.5781125,0.803503335,-0.5526429,-0.1416602,-0.8152451,0.561522841,0.0432875268,0.0,0.0,0.0,1.0]},"headPose":{"x":0.0109556643,"y":0.351881683,"z":0.436552644}},{"recID":55,"timestamp":0,"world2head":{"data":[0.9795607,-0.0349707976,0.198085785,-0.08477611,-0.142524719,0.5742438,0.8061828,-0.5522971,-0.141942382,-0.8179371,0.5575224,0.0458871126,0.0,0.0,0.0,1.0]},"headPose":{"x":0.010840686,"y":0.3517213,"z":0.436462283}},{"recID":56,"timestamp":0,"world2head":{"data":[0.9794358,-0.0347197764,0.198746309,-0.08513652,-0.143911555,0.570183635,0.8088141,-0.55119437,-0.14140375,-0.8207833,0.5534617,0.0483938567,0.0,0.0,0.0,1.0]},"headPose":{"x":0.0109055648,"y":0.35104695,"z":0.43595016}},{"recID":57,"timestamp":0,"world2head":{"data":[0.979339659,-0.03518441,0.199137777,-0.08489571,-0.145164654,0.5632646,0.8134251,-0.5497551,-0.140787154,-0.825527251,0.5465199,0.0528670959,0.0,0.0,0.0,1.0]},"headPose":{"x":0.0107797356,"y":0.350313753,"z":0.435197532}},{"recID":58,"timestamp":0,"world2head":{"data":[0.978918,-0.0362092443,0.201018453,-0.08535545,-0.147321492,0.556517839,0.817670047,-0.5496121,-0.141477585,-0.830046237,0.539451,0.0574903674,0.0,0.0,0.0,1.0]},"headPose":{"x":0.01071992,"y":0.350497961,"z":0.4355461}},{"recID":59,"timestamp":0,"world2head":{"data":[0.978666365,-0.0360804051,0.202263117,-0.0858368,-0.148018658,0.5589217,0.8159026,-0.549753845,-0.142487347,-0.8284352,0.5416572,0.0559242554,0.0,0.0,0.0,1.0]},"headPose":{"x":0.01060025,"y":0.3505019,"z":0.43561545}},{"recID":60,"timestamp":0,"world2head":{"data":[0.978380561,-0.03744056,0.203395352,-0.08574769,-0.1485528,0.5570147,0.8171087,-0.549123466,-0.1438872,-0.8296582,0.5394105,0.0575379021,0.0,0.0,0.0,1.0]},"headPose":{"x":0.01059901,"y":0.350396216,"z":0.435097724}},{"recID":61,"timestamp":0,"world2head":{"data":[0.9783156,-0.03823825,0.203559548,-0.08570063,-0.148085117,0.557998657,0.816522062,-0.549715161,-0.144808322,-0.828960359,0.5402363,0.0566551052,0.0,0.0,0.0,1.0]},"headPose":{"x":0.0106417621,"y":0.350428134,"z":0.4356926}},{"recID":62,"timestamp":0,"world2head":{"data":[0.978365541,-0.03852498,0.2032651,-0.08550124,-0.147715539,0.557814538,0.8167148,-0.5487174,-0.144848168,-0.8290711,0.5400558,0.05666873,0.0,0.0,0.0,1.0]},"headPose":{"x":0.0108057251,"y":0.349770963,"z":0.434920728}},{"recID":63,"timestamp":0,"world2head":{"data":[0.978459537,-0.0394673981,0.202630728,-0.08506517,-0.147602484,0.5524844,0.82035017,-0.5481962,-0.1443274,-0.8325883,0.5347581,0.0599890277,0.0,0.0,0.0,1.0]},"headPose":{"x":0.0109757725,"y":0.349458724,"z":0.434870124}},{"recID":64,"timestamp":0,"world2head":{"data":[0.9787823,-0.03856255,0.201241627,-0.0849752,-0.147283584,0.5503911,0.821813345,-0.5485,-0.142452821,-0.834015965,0.533033431,0.0607276931,0.0,0.0,0.0,1.0]},"headPose":{"x":0.0110379932,"y":0.3492605,"z":0.4354953}},{"recID":65,"timestamp":0,"world2head":{"data":[0.978796244,-0.0389031321,0.2011081,-0.0846638158,-0.146994144,0.550359368,0.8218864,-0.5485038,-0.142655671,-0.8340211,0.532971144,0.06037688,0.0,0.0,0.0,1.0]},"headPose":{"x":0.0108548757,"y":0.3489361,"z":0.4356553}},{"recID":66,"timestamp":0,"world2head":{"data":[0.978543,-0.0394124947,0.202238172,-0.08512474,-0.147325709,0.552352548,0.8204888,-0.5493712,-0.14404428,-0.832678437,0.5346942,0.0589394644,0.0,0.0,0.0,1.0]},"headPose":{"x":0.010851603,"y":0.3491692,"z":0.43645376}},{"recID":67,"timestamp":0,"world2head":{"data":[0.9783047,-0.0403597243,0.203201979,-0.08548702,-0.146149307,0.5607289,0.814999163,-0.549993038,-0.146834373,-0.82701534,0.5426652,0.0531006642,0.0,0.0,0.0,1.0]},"headPose":{"x":0.0110482564,"y":0.348861754,"z":0.43679902}},{"recID":68,"timestamp":0,"world2head":{"data":[0.9785092,-0.0428845175,0.2016945,-0.08423205,-0.144231066,0.556702256,0.818095446,-0.5488883,-0.1473674,-0.8296045,0.538553,0.05618885,0.0,0.0,0.0,1.0]},"headPose":{"x":0.011535489,"y":0.3485696,"z":0.435771435}},{"recID":69,"timestamp":0,"world2head":{"data":[0.9785325,-0.04068319,0.202037334,-0.08573559,-0.145378023,0.558602333,0.816595733,-0.5498853,-0.146080256,-0.828437269,0.540696,0.05455746,0.0,0.0,0.0,1.0]},"headPose":{"x":0.0119235944,"y":0.348876625,"z":0.436856776}},{"recID":70,"timestamp":0,"world2head":{"data":[0.9792677,-0.03785917,0.199001148,-0.0857535154,-0.144747734,0.5564753,0.8181585,-0.549577951,-0.141714022,-0.8300011,0.5394583,0.0557447821,0.0,0.0,0.0,1.0]},"headPose":{"x":0.012325298,"y":0.348848253,"z":0.436634928}},{"recID":71,"timestamp":0,"world2head":{"data":[0.97958523,-0.0379308872,0.197418481,-0.08475454,-0.143065333,0.5583637,0.817167342,-0.550499856,-0.141227186,-0.828728735,0.5415382,0.0545573123,0.0,0.0,0.0,1.0]},"headPose":{"x":0.0119718341,"y":0.349377453,"z":0.437037647}},{"recID":72,"timestamp":0,"world2head":{"data":[0.9793118,-0.0394822881,0.19846797,-0.08478132,-0.143107712,0.55829227,0.8172085,-0.5501484,-0.1430684,-0.828704238,0.541092038,0.0548665337,0.0,0.0,0.0,1.0]},"headPose":{"x":0.0121465288,"y":0.349264443,"z":0.436724573}},{"recID":73,"timestamp":0,"world2head":{"data":[0.9790913,-0.0414237864,0.199159011,-0.0844865441,-0.1428884,0.5567954,0.8182675,-0.54995,-0.144786552,-0.8296161,0.5392346,0.0562176853,0.0,0.0,0.0,1.0]},"headPose":{"x":0.0122781452,"y":0.349349,"z":0.436517954}},{"recID":74,"timestamp":0,"world2head":{"data":[0.97880125,-0.04198423,0.200462967,-0.0851659,-0.143444866,0.5580951,0.8172841,-0.550129,-0.146190464,-0.828714132,0.540241838,0.05555699,0.0,0.0,0.0,1.0]},"headPose":{"x":0.0125692217,"y":0.3494896,"z":0.436670125}},{"recID":75,"timestamp":0,"world2head":{"data":[0.978905141,-0.04245707,0.199855283,-0.08502581,-0.142725319,0.55783844,0.817585349,-0.5502293,-0.146199241,-0.8288629,0.5400112,0.05606102,0.0,0.0,0.0,1.0]},"headPose":{"x":0.0128966244,"y":0.349796,"z":0.4365787}},{"recID":76,"timestamp":0,"world2head":{"data":[0.979229,-0.0418907553,0.198382914,-0.084942095,-0.141493008,0.559613466,0.8165859,-0.550589263,-0.145225167,-0.8276944,0.542062461,0.054803662,0.0,0.0,0.0,1.0]},"headPose":{"x":0.0132320886,"y":0.349919558,"z":0.4367475}},{"recID":77,"timestamp":0,"world2head":{"data":[0.9793936,-0.04090181,0.197775573,-0.08526661,-0.141164,0.5616931,0.815213859,-0.550814331,-0.1444329,-0.826334059,0.5443448,0.0534111075,0.0,0.0,0.0,1.0]},"headPose":{"x":0.0134687331,"y":0.350036472,"z":0.4368211}},{"recID":78,"timestamp":0,"world2head":{"data":[0.979588,-0.0411345139,0.196762145,-0.085016124,-0.1402157,0.5615621,0.815467656,-0.5506678,-0.144038022,-0.8264114,0.5443318,0.0534219928,0.0,0.0,0.0,1.0]},"headPose":{"x":0.0137633123,"y":0.349885643,"z":0.436700463}},{"recID":79,"timestamp":0,"world2head":{"data":[0.9797641,-0.0415909477,0.195786774,-0.08461359,-0.139503881,0.559545,0.816975,-0.5507405,-0.143530279,-0.8277558,0.54242,0.05480558,0.0,0.0,0.0,1.0]},"headPose":{"x":0.0139372,"y":0.3500105,"z":0.436779737}},{"recID":80,"timestamp":0,"world2head":{"data":[0.9797866,-0.0426840968,0.195438951,-0.08428952,-0.138692111,0.559110761,0.8174104,-0.5506744,-0.144162446,-0.8279936,0.54188925,0.05510446,0.0,0.0,0.0,1.0]},"headPose":{"x":0.0141555257,"y":0.34991625,"z":0.436739862}},{"recID":81,"timestamp":0,"world2head":{"data":[0.9797931,-0.0429859646,0.195340052,-0.08439883,-0.138467863,0.558978438,0.8175389,-0.550560057,-0.144333586,-0.828067243,0.541731,0.055138994,0.0,0.0,0.0,1.0]},"headPose":{"x":0.01441692,"y":0.349782,"z":0.4367202}},{"recID":82,"timestamp":0,"world2head":{"data":[0.97991854,-0.0430164337,0.194702864,-0.0843703747,-0.1379622,0.5587331,0.817792,-0.5506791,-0.143965423,-0.828231156,0.5415783,0.0551003069,0.0,0.0,0.0,1.0]},"headPose":{"x":0.01463572,"y":0.349689126,"z":0.436927}},{"recID":83,"timestamp":0,"world2head":{"data":[0.9800024,-0.0426693745,0.194357023,-0.0845921561,-0.137982577,0.558042467,0.81826,-0.550377369,-0.14337413,-0.828714669,0.540995359,0.0556135736,0.0,0.0,0.0,1.0]},"headPose":{"x":0.0149315791,"y":0.3496122,"z":0.436706126}},{"recID":84,"timestamp":0,"world2head":{"data":[0.980089664,-0.0431381948,0.193812758,-0.08440308,-0.1375295,0.5565561,0.8193479,-0.5504488,-0.143212855,-0.8296893,0.5395421,0.0566978529,0.0,0.0,0.0,1.0]},"headPose":{"x":0.0151395053,"y":0.3497562,"z":0.436776519}},{"recID":85,"timestamp":0,"world2head":{"data":[0.980228245,-0.0435809679,0.193011075,-0.08423397,-0.1364465,0.5575524,0.8188515,-0.551039457,-0.143300146,-0.828997,0.5405821,0.05582985,0.0,0.0,0.0,1.0]},"headPose":{"x":0.0153815337,"y":0.3498451,"z":0.4372969}},{"recID":86,"timestamp":0,"world2head":{"data":[0.9804508,-0.0431404635,0.191976815,-0.08418385,-0.135698766,0.5582728,0.8184848,-0.5508095,-0.142485231,-0.8285351,0.54150486,0.0550670773,0.0,0.0,0.0,1.0]},"headPose":{"x":0.0156402029,"y":0.3494952,"z":0.437171459}},{"recID":87,"timestamp":0,"world2head":{"data":[0.980591655,-0.0438276157,0.191099763,-0.08370263,-0.134695083,0.55767107,0.819060564,-0.550843537,-0.142468274,-0.828904152,0.5409442,0.0551913381,0.0,0.0,0.0,1.0]},"headPose":{"x":0.0157452039,"y":0.349269331,"z":0.4373143}},{"recID":88,"timestamp":0,"world2head":{"data":[0.980547249,-0.0442614667,0.191227734,-0.08380315,-0.1349623,0.555364132,0.8205827,-0.5503517,-0.142521232,-0.83042866,0.538587153,0.05654846,0.0,0.0,0.0,1.0]},"headPose":{"x":0.0159555674,"y":0.348895758,"z":0.437178224}},{"recID":89,"timestamp":0,"world2head":{"data":[0.980635762,-0.0447288156,0.190664068,-0.0835545659,-0.13423866,0.555354059,0.820708156,-0.55064106,-0.142595366,-0.830410242,0.5385957,0.0562591925,0.0,0.0,0.0,1.0]},"headPose":{"x":0.0160415918,"y":0.348781645,"z":0.437545478}},{"recID":90,"timestamp":0,"world2head":{"data":[0.9807642,-0.04471715,0.190005049,-0.08338948,-0.133978933,0.5536846,0.821877658,-0.550260246,-0.141954884,-0.8315249,0.537042856,0.0572300255,0.0,0.0,0.0,1.0]},"headPose":{"x":0.0161862336,"y":0.3485299,"z":0.4373561}},{"recID":91,"timestamp":0,"world2head":{"data":[0.9807,-0.0442329124,0.190449223,-0.08375403,-0.134719133,0.553063035,0.822175145,-0.550177038,-0.14169763,-0.8319644,0.5364299,0.057669688,0.0,0.0,0.0,1.0]},"headPose":{"x":0.0161898788,"y":0.348557025,"z":0.437357068}},{"recID":92,"timestamp":0,"world2head":{"data":[0.980594456,-0.0443544537,0.190963924,-0.083911486,-0.134995818,0.5535846,0.8217787,-0.549918056,-0.14216423,-0.831611,0.536854267,0.0574006438,0.0,0.0,0.0,1.0]},"headPose":{"x":0.0162068233,"y":0.348439276,"z":0.437119216}},{"recID":93,"timestamp":0,"world2head":{"data":[0.980488837,-0.0450916775,0.19133307,-0.08373476,-0.135006547,0.553001761,0.8221693,-0.550098658,-0.142880514,-0.831959,0.536124349,0.0580552556,0.0,0.0,0.0,1.0]},"headPose":{"x":0.0161290541,"y":0.348729372,"z":0.4371706}},{"recID":94,"timestamp":0,"world2head":{"data":[0.9803122,-0.0451574065,0.192220524,-0.0840886757,-0.1355331,0.5540569,0.821371853,-0.549797535,-0.143592134,-0.8312531,0.537028432,0.0576114058,0.0,0.0,0.0,1.0]},"headPose":{"x":0.016189931,"y":0.34871158,"z":0.436812848}},{"recID":95,"timestamp":0,"world2head":{"data":[0.9801736,-0.0458828956,0.192755088,-0.0840302557,-0.135730967,0.553235769,0.8218925,-0.549578846,-0.144349828,-0.831760168,0.536039352,0.05837424,0.0,0.0,0.0,1.0]},"headPose":{"x":0.0161956828,"y":0.3487445,"z":0.436601132}},{"recID":96,"timestamp":0,"world2head":{"data":[0.980097353,-0.04617648,0.193072215,-0.0839967355,-0.135765478,0.553653538,0.8216055,-0.5496079,-0.144833967,-0.8314659,0.5363652,0.05823976,0.0,0.0,0.0,1.0]},"headPose":{"x":0.0161422938,"y":0.348838,"z":0.436540425}},{"recID":97,"timestamp":0,"world2head":{"data":[0.9800209,-0.04663335,0.193350568,-0.0839429,-0.13571693,0.5538529,0.821479142,-0.5496903,-0.1453961,-0.8313076,0.5364585,0.0581389442,0.0,0.0,0.0,1.0]},"headPose":{"x":0.0161166918,"y":0.348864347,"z":0.4366003}},{"recID":98,"timestamp":0,"world2head":{"data":[0.9799941,-0.04697287,0.193403974,-0.08378303,-0.135440052,0.5546397,0.820993841,-0.549748242,-0.145833954,-0.830763757,0.5371816,0.0575792,0.0,0.0,0.0,1.0]},"headPose":{"x":0.0160459634,"y":0.348811328,"z":0.436613321}},{"recID":99,"timestamp":0,"world2head":{"data":[0.9797235,-0.04730611,0.194689319,-0.0842040256,-0.136245757,0.555152357,0.8205139,-0.5496945,-0.146897569,-0.830402434,0.537450552,0.0573513657,0.0,0.0,0.0,1.0]},"headPose":{"x":0.0160279,"y":0.348805457,"z":0.436602}},{"recID":100,"timestamp":0,"world2head":{"data":[0.979613841,-0.0477800332,0.195125148,-0.0843189359,-0.136325449,0.5553125,0.8203922,-0.5496934,-0.147553816,-0.8302681,0.5374782,0.05724398,0.0,0.0,0.0,1.0]},"headPose":{"x":0.01610935,"y":0.34875074,"z":0.4366496}},{"recID":101,"timestamp":0,"world2head":{"data":[0.9796434,-0.0488126837,0.194720492,-0.08386374,-0.135510668,0.5548417,0.8208457,-0.549800932,-0.148106739,-0.8305228,0.536932349,0.05747909,0.0,0.0,0.0,1.0]},"headPose":{"x":0.0161657073,"y":0.34869653,"z":0.4367693}},{"recID":102,"timestamp":0,"world2head":{"data":[0.9797153,-0.04950175,0.194184318,-0.08359272,-0.134776026,0.5543493,0.8212992,-0.5498406,-0.1483017,-0.8308108,0.536432862,0.0577123426,0.0,0.0,0.0,1.0]},"headPose":{"x":0.0163505636,"y":0.348613769,"z":0.4368572}},{"recID":103,"timestamp":0,"world2head":{"data":[0.9799117,-0.04964134,0.193154991,-0.0832269043,-0.133892342,0.5540416,0.8216512,-0.5497859,-0.147803783,-0.8310076,0.536265254,0.0577700026,0.0,0.0,0.0,1.0]},"headPose":{"x":0.0164815187,"y":0.3484801,"z":0.436827928}},{"recID":104,"timestamp":0,"world2head":{"data":[0.980000138,-0.0498353243,0.1926557,-0.08307361,-0.133467,0.553488255,0.822093368,-0.5498722,-0.147601947,-0.831364751,0.535767138,0.0581390746,0.0,0.0,0.0,1.0]},"headPose":{"x":0.0166037939,"y":0.3485425,"z":0.4369018}},{"recID":105,"timestamp":0,"world2head":{"data":[0.980043054,-0.05002993,0.192386627,-0.08306518,-0.1330453,0.5539992,0.821817458,-0.550190151,-0.147697508,-0.831012666,0.536286831,0.05772076,0.0,0.0,0.0,1.0]},"headPose":{"x":0.0167324431,"y":0.3486158,"z":0.437181562}},{"recID":106,"timestamp":0,"world2head":{"data":[0.9802114,-0.0504412241,0.191419452,-0.08271286,-0.131805658,0.555158436,0.821234763,-0.5504875,-0.1476922,-0.830213845,0.537524164,0.0569750257,0.0,0.0,0.0,1.0]},"headPose":{"x":0.016933471,"y":0.348737031,"z":0.437286824}},{"recID":107,"timestamp":0,"world2head":{"data":[0.980375946,-0.0505855121,0.190536261,-0.08240901,-0.1309742,0.5552331,0.821317255,-0.5505246,-0.147338808,-0.8301551,0.5377118,0.05697791,0.0,0.0,0.0,1.0]},"headPose":{"x":0.0170823485,"y":0.3488012,"z":0.4372195}},{"recID":108,"timestamp":0,"world2head":{"data":[0.9804833,-0.0503514819,0.190045431,-0.0823831,-0.130691871,0.5552226,0.82136935,-0.5506431,-0.146874681,-0.8301763,0.5378059,0.05701471,0.0,0.0,0.0,1.0]},"headPose":{"x":0.0171846971,"y":0.3489136,"z":0.437275}},{"recID":109,"timestamp":0,"world2head":{"data":[0.9805621,-0.05014123,0.189693987,-0.08247225,-0.130426735,0.5557031,0.821086466,-0.550821841,-0.146583825,-0.8298674,0.538361669,0.0566719063,0.0,0.0,0.0,1.0]},"headPose":{"x":0.0173344519,"y":0.3489883,"z":0.4374068}},{"recID":110,"timestamp":0,"world2head":{"data":[0.9806409,-0.05026768,0.189252749,-0.0824066848,-0.129867285,0.556389868,0.82071,-0.5510643,-0.1465535,-0.8293995,0.5390905,0.05601245,0.0,0.0,0.0,1.0]},"headPose":{"x":0.01745495,"y":0.348920852,"z":0.437663853}},{"recID":111,"timestamp":0,"world2head":{"data":[0.9807651,-0.0502280444,0.188618675,-0.08235173,-0.129353374,0.5564172,0.8207726,-0.5511419,-0.146176472,-0.829383552,0.5392174,0.0559379123,0.0,0.0,0.0,1.0]},"headPose":{"x":0.0176524445,"y":0.348922431,"z":0.437732518}},{"recID":112,"timestamp":0,"world2head":{"data":[0.981056631,-0.0496402867,0.187253132,-0.0820115954,-0.128512278,0.556521654,0.820833862,-0.5510774,-0.144956842,-0.829348862,0.5395999,0.0555834025,0.0,0.0,0.0,1.0]},"headPose":{"x":0.017695,"y":0.3487135,"z":0.437707156}},{"recID":113,"timestamp":0,"world2head":{"data":[0.98097986,-0.049121324,0.187791452,-0.08252398,-0.129583508,0.55458045,0.821978569,-0.5512065,-0.144522145,-0.830679059,0.5376669,0.0570095554,0.0,0.0,0.0,1.0]},"headPose":{"x":0.0177662261,"y":0.3489913,"z":0.437925071}},{"recID":114,"timestamp":0,"world2head":{"data":[0.981133163,-0.048612725,0.1871216,-0.08254866,-0.128845453,0.5571902,0.820328,-0.5516681,-0.144140691,-0.8289608,0.5404142,0.0550638624,0.0,0.0,0.0,1.0]},"headPose":{"x":0.0178482533,"y":0.349016875,"z":0.4382381}},{"recID":115,"timestamp":0,"world2head":{"data":[0.981085241,-0.0488914773,0.187300131,-0.0825394,-0.128992379,0.556331158,0.8208878,-0.551315844,-0.144335315,-0.8295212,0.539501667,0.055793602,0.0,0.0,0.0,1.0]},"headPose":{"x":0.0179156456,"y":0.348960638,"z":0.437927246}},{"recID":116,"timestamp":0,"world2head":{"data":[0.9810203,-0.0489517376,0.1876244,-0.08277489,-0.129190683,0.556561947,0.8207001,-0.551645935,-0.144599289,-0.8293628,0.5396744,0.0557312034,0.0,0.0,0.0,1.0]},"headPose":{"x":0.0179950222,"y":0.3491945,"z":0.438189745}},{"recID":117,"timestamp":0,"world2head":{"data":[0.981008947,-0.04879118,0.187725544,-0.08288977,-0.129145712,0.557805657,0.819862366,-0.5515236,-0.144716442,-0.8285363,0.5409112,0.054765068,0.0,0.0,0.0,1.0]},"headPose":{"x":0.0180141032,"y":0.3489735,"z":0.4381109}},{"recID":118,"timestamp":0,"world2head":{"data":[0.9808136,-0.0487166569,0.18876265,-0.08332842,-0.130298167,0.5564058,0.8206309,-0.551248133,-0.145007029,-0.829481363,0.5393827,0.05585904,0.0,0.0,0.0,1.0]},"headPose":{"x":0.0180029832,"y":0.348992169,"z":0.4379711}},{"recID":119,"timestamp":0,"world2head":{"data":[0.9807282,-0.0490575358,0.189117834,-0.08342816,-0.130318552,0.55692637,0.8202744,-0.5514712,-0.145565346,-0.829111755,0.5398003,0.0553848855,0.0,0.0,0.0,1.0]},"headPose":{"x":0.0180155355,"y":0.348956347,"z":0.43823868}},{"recID":120,"timestamp":0,"world2head":{"data":[0.9805846,-0.04846757,0.1900125,-0.0840544,-0.131520867,0.5561693,0.820596159,-0.551124,-0.145451412,-0.8296545,0.5389965,0.0559900776,0.0,0.0,0.0,1.0]},"headPose":{"x":0.0180819668,"y":0.348896742,"z":0.438043147}},{"recID":121,"timestamp":0,"world2head":{"data":[0.980482936,-0.04863164,0.190494657,-0.08420171,-0.131897122,0.55581677,0.8207746,-0.5511646,-0.145795733,-0.829881132,0.5385545,0.05616801,0.0,0.0,0.0,1.0]},"headPose":{"x":0.0180503726,"y":0.3488644,"z":0.4381723}},{"recID":122,"timestamp":0,"world2head":{"data":[0.9804045,-0.04813886,0.191022635,-0.08457659,-0.132498085,0.5564356,0.8202583,-0.551297069,-0.14577809,-0.829495132,0.539153636,0.0555808768,0.0,0.0,0.0,1.0]},"headPose":{"x":0.0179759227,"y":0.348793954,"z":0.438395441}},{"recID":123,"timestamp":0,"world2head":{"data":[0.9802371,-0.04788467,0.191943228,-0.08497457,-0.133499727,0.555905938,0.820455134,-0.5509416,-0.1459896,-0.8298649,0.538527,0.0559134036,0.0,0.0,0.0,1.0]},"headPose":{"x":0.01790746,"y":0.3486032,"z":0.43822214}},{"recID":124,"timestamp":0,"world2head":{"data":[0.9799295,-0.04748799,0.1936055,-0.08568112,-0.1351627,0.555587351,0.820398569,-0.5506398,-0.146523848,-0.830101,0.538017869,0.05607829,0.0,0.0,0.0,1.0]},"headPose":{"x":0.0177522916,"y":0.3484103,"z":0.438161254}},{"recID":125,"timestamp":0,"world2head":{"data":[0.97953,-0.047687456,0.195568383,-0.08628191,-0.136920482,0.5543356,0.8209536,-0.550401,-0.1475597,-0.830925941,0.5364589,0.0572103746,0.0,0.0,0.0,1.0]},"headPose":{"x":0.0175964888,"y":0.348529875,"z":0.43803668}},{"recID":126,"timestamp":0,"world2head":{"data":[0.979110956,-0.0474534035,0.197711691,-0.08698675,-0.138742879,0.554897964,0.820267439,-0.5503367,-0.1486343,-0.8305639,0.536722839,0.0569783822,0.0,0.0,0.0,1.0]},"headPose":{"x":0.0172833242,"y":0.3485771,"z":0.43804}},{"recID":127,"timestamp":0,"world2head":{"data":[0.9785724,-0.0472237878,0.20041424,-0.087995,-0.141033441,0.55543983,0.819509864,-0.55017215,-0.150018424,-0.830214858,0.53687793,0.05684854,0.0,0.0,0.0,1.0]},"headPose":{"x":0.0170451421,"y":0.348628461,"z":0.437986076}},{"recID":128,"timestamp":0,"world2head":{"data":[0.9778924,-0.0462611876,0.203927249,-0.08932303,-0.144327864,0.556364954,0.8183078,-0.5497462,-0.151313871,-0.8296494,0.5373883,0.056644775,0.0,0.0,0.0,1.0]},"headPose":{"x":0.0165757537,"y":0.3487226,"z":0.4376367}},{"recID":129,"timestamp":0,"world2head":{"data":[0.9767685,-0.04540289,0.209432438,-0.09144141,-0.149299368,0.556906164,0.817046642,-0.549227655,-0.1537305,-0.829333544,0.5371897,0.056713365,0.0,0.0,0.0,1.0]},"headPose":{"x":0.0160363074,"y":0.34875083,"z":0.437429577}},{"recID":130,"timestamp":0,"world2head":{"data":[0.975376248,-0.0446793549,0.215974331,-0.09363846,-0.155128866,0.5570892,0.815835,-0.548451841,-0.156767935,-0.82925,0.5364405,0.0574060529,0.0,0.0,0.0,1.0]},"headPose":{"x":0.0152514409,"y":0.3489568,"z":0.436874747}},{"recID":131,"timestamp":0,"world2head":{"data":[0.97286725,-0.0443505757,0.227073327,-0.09766481,-0.164094537,0.5596168,0.8123436,-0.548141539,-0.163101956,-0.827564,0.537155151,0.05655508,0.0,0.0,0.0,1.0]},"headPose":{"x":0.0142920921,"y":0.349220634,"z":0.437077463}},{"recID":132,"timestamp":0,"world2head":{"data":[0.9706694,-0.04316295,0.23651199,-0.101540357,-0.172290683,0.5612378,0.8095234,-0.546837449,-0.1676809,-0.8265284,0.5373398,0.05616559,0.0,0.0,0.0,1.0]},"headPose":{"x":0.0137650138,"y":0.348945528,"z":0.4365132}},{"recID":133,"timestamp":0,"world2head":{"data":[0.968194842,-0.04101456,0.246812731,-0.105782442,-0.182551086,0.558789849,0.8089679,-0.5453248,-0.171095908,-0.828294456,0.533530235,0.0589473359,0.0,0.0,0.0,1.0]},"headPose":{"x":0.0129540209,"y":0.3492091,"z":0.43580848}},{"recID":134,"timestamp":0,"world2head":{"data":[0.9659607,-0.03873028,0.255773246,-0.110315345,-0.1909633,0.5602234,0.806029,-0.544841766,-0.174507886,-0.8274357,0.5337577,0.0589426942,0.0,0.0,0.0,1.0]},"headPose":{"x":0.0128014544,"y":0.349731863,"z":0.4359129}},{"recID":135,"timestamp":0,"world2head":{"data":[0.9648678,-0.0354891345,0.260328,-0.113339469,-0.196214139,0.561609268,0.8038004,-0.544161856,-0.174728811,-0.826641142,0.5349152,0.0585471131,0.0,0.0,0.0,1.0]},"headPose":{"x":0.0128152072,"y":0.3499815,"z":0.435585231}},{"recID":136,"timestamp":0,"world2head":{"data":[0.964940131,-0.0338550881,0.26027742,-0.113672175,-0.19660902,0.5637214,0.8022238,-0.5444005,-0.173883289,-0.8252709,0.5373012,0.05744132,0.0,0.0,0.0,1.0]},"headPose":{"x":0.012640873,"y":0.3504465,"z":0.43545413}},{"recID":137,"timestamp":0,"world2head":{"data":[0.965015054,-0.03318747,0.260085762,-0.113757014,-0.196193457,0.5666541,0.800257,-0.5442804,-0.173937142,-0.8232872,0.5403185,0.056047827,0.0,0.0,0.0,1.0]},"headPose":{"x":0.0127417669,"y":0.350786835,"z":0.4348671}},{"recID":138,"timestamp":0,"world2head":{"data":[0.9653894,-0.0326969326,0.2587552,-0.113532558,-0.195261359,0.5671104,0.8001617,-0.54433465,-0.172905624,-0.822992563,0.5410979,0.056067884,0.0,0.0,0.0,1.0]},"headPose":{"x":0.0130100483,"y":0.3511291,"z":0.4345947}},{"recID":139,"timestamp":0,"world2head":{"data":[0.9657712,-0.03152377,0.257472873,-0.11349456,-0.194508255,0.568693,0.799221456,-0.544359744,-0.1716175,-0.8219456,0.543095648,0.05513855,0.0,0.0,0.0,1.0]},"headPose":{"x":0.0131900515,"y":0.351316631,"z":0.434340179}},{"recID":140,"timestamp":0,"world2head":{"data":[0.966169834,-0.0307005048,0.256072879,-0.113424689,-0.193884432,0.568285465,0.7996627,-0.5442293,-0.170072526,-0.8222586,0.543107867,0.05561588,0.0,0.0,0.0,1.0]},"headPose":{"x":0.013528645,"y":0.351526022,"z":0.4340395}},{"recID":141,"timestamp":0,"world2head":{"data":[0.966193855,-0.0292169452,0.256155849,-0.1141869,-0.194647938,0.5688509,0.799075067,-0.544182,-0.169061,-0.821921647,0.543933153,0.05542436,0.0,0.0,0.0,1.0]},"headPose":{"x":0.0137728546,"y":0.35177663,"z":0.433944732}},{"recID":142,"timestamp":0,"world2head":{"data":[0.9662452,-0.0288714543,0.256001472,-0.11474213,-0.194679081,0.5689984,0.7989625,-0.543899357,-0.168731645,-0.8218317,0.5441713,0.0554401,0.0,0.0,0.0,1.0]},"headPose":{"x":0.0143376952,"y":0.3517275,"z":0.433760345}},{"recID":143,"timestamp":0,"world2head":{"data":[0.966583669,-0.02833306,0.2547808,-0.114968136,-0.193827,0.5696729,0.7986889,-0.543929935,-0.167771012,-0.821383,0.5451448,0.0550698526,0.0,0.0,0.0,1.0]},"headPose":{"x":0.0149371456,"y":0.351838171,"z":0.4337014}},{"recID":144,"timestamp":0,"world2head":{"data":[0.967136562,-0.02885975,0.252614379,-0.114683867,-0.191717073,0.5698246,0.7990898,-0.544100463,-0.167007431,-0.8212594,0.545565248,0.05516105,0.0,0.0,0.0,1.0]},"headPose":{"x":0.0158139244,"y":0.352033615,"z":0.433661968}},{"recID":145,"timestamp":0,"world2head":{"data":[0.968230367,-0.0285858512,0.248420715,-0.114147611,-0.188148648,0.571092069,0.7990331,-0.5447096,-0.164712131,-0.820388138,0.5475703,0.054286398,0.0,0.0,0.0,1.0]},"headPose":{"x":0.0169764273,"y":0.352352262,"z":0.433872074}},{"recID":146,"timestamp":0,"world2head":{"data":[0.9703116,-0.02580306,0.240477979,-0.113289647,-0.182795718,0.572829664,0.799031854,-0.5451019,-0.158370376,-0.8192682,0.5511066,0.0523968376,0.0,0.0,0.0,1.0]},"headPose":{"x":0.0185820628,"y":0.3522544,"z":0.433921218}},{"recID":147,"timestamp":0,"world2head":{"data":[0.972516537,-0.02306483,0.2316886,-0.111497745,-0.177159637,0.572393,0.800612748,-0.5454809,-0.151082948,-0.819655,0.552575469,0.0521440729,0.0,0.0,0.0,1.0]},"headPose":{"x":0.01967426,"y":0.3523979,"z":0.433738172}},{"recID":148,"timestamp":0,"world2head":{"data":[0.9743065,-0.0220532864,0.224143833,-0.10979823,-0.171456486,0.572701454,0.8016332,-0.5462738,-0.146046162,-0.819467366,0.554205656,0.0514154844,0.0,0.0,0.0,1.0]},"headPose":{"x":0.02082398,"y":0.3525637,"z":0.434027016}},{"recID":149,"timestamp":0,"world2head":{"data":[0.975716352,-0.02