[{"recID":0,"timestamp":0,"world2head":{"data":[0.9888889,-0.00402793661,0.148601621,-0.1712192,-0.120883167,0.5600201,0.8196127,-0.154106438,-0.08652125,-0.828469336,0.553310752,0.285880029,0.0,0.0,0.0,1.0]},"headPose":{"x":0.1754226,"y":0.322455823,"z":-0.006429456}},{"recID":1,"timestamp":0,"world2head":{"data":[0.9888889,-0.00402793661,0.148601621,-0.1712192,-0.120883167,0.5600201,0.8196127,-0.154106438,-0.08652125,-0.828469336,0.553310752,0.285880029,0.0,0.0,0.0,1.0]},"headPose":{"x":0.1754226,"y":0.322455823,"z":-0.006429456}},{"recID":2,"timestamp":0,"world2head":{"data":[0.9888889,-0.00402793661,0.148601621,-0.1712192,-0.120883167,0.5600201,0.8196127,-0.154106438,-0.08652125,-0.828469336,0.553310752,0.285880029,0.0,0.0,0.0,1.0]},"headPose":{"x":0.1754226,"y":0.322455823,"z":-0.006429456}},{"recID":3,"timestamp":0,"world2head":{"data":[0.9888889,-0.00402793661,0.148601621,-0.1712192,-0.120883167,0.5600201,0.8196127,-0.154106438,-0.08652125,-0.828469336,0.553310752,0.285880029,0.0,0.0,0.0,1.0]},"headPose":{"x":0.1754226,"y":0.322455823,"z":-0.006429456}},{"recID":4,"timestamp":0,"world2head":{"data":[0.9888889,-0.00402793661,0.148601621,-0.1712192,-0.120883167,0.5600201,0.8196127,-0.154106438,-0.08652125,-0.828469336,0.553310752,0.285880029,0.0,0.0,0.0,1.0]},"headPose":{"x":0.1754226,"y":0.322455823,"z":-0.006429456}},{"recID":5,"timestamp":0,"world2head":{"data":[0.9888889,-0.00402793661,0.148601621,-0.1712192,-0.120883167,0.5600201,0.8196127,-0.154106438,-0.08652125,-0.828469336,0.553310752,0.285880029,0.0,0.0,0.0,1.0]},"headPose":{"x":0.1754226,"y":0.322455823,"z":-0.006429456}},{"recID":6,"timestamp":0,"world2head":{"data":[0.9888889,-0.00402793661,0.148601621,-0.1712192,-0.120883167,0.5600201,0.8196127,-0.154106438,-0.08652125,-0.828469336,0.553310752,0.285880029,0.0,0.0,0.0,1.0]},"headPose":{"x":0.1754226,"y":0.322455823,"z":-0.006429456}},{"recID":7,"timestamp":0,"world2head":{"data":[0.9888889,-0.00402793661,0.148601621,-0.1712192,-0.120883167,0.5600201,0.8196127,-0.154106438,-0.08652125,-0.828469336,0.553310752,0.285880029,0.0,0.0,0.0,1.0]},"headPose":{"x":0.1754226,"y":0.322455823,"z":-0.006429456}},{"recID":8,"timestamp":0,"world2head":{"data":[0.9888889,-0.00402793661,0.148601621,-0.1712192,-0.120883167,0.5600201,0.8196127,-0.154106438,-0.08652125,-0.828469336,0.553310752,0.285880029,0.0,0.0,0.0,1.0]},"headPose":{"x":0.1754226,"y":0.322455823,"z":-0.006429456}},{"recID":9,"timestamp":0,"world2head":{"data":[0.9888889,-0.00402793661,0.148601621,-0.1712192,-0.120883167,0.5600201,0.8196127,-0.154106438,-0.08652125,-0.828469336,0.553310752,0.285880029,0.0,0.0,0.0,1.0]},"headPose":{"x":0.1754226,"y":0.322455823,"z":-0.006429456}},{"recID":10,"timestamp":0,"world2head":{"data":[0.9888889,-0.00402793661,0.148601621,-0.1712192,-0.120883167,0.5600201,0.8196127,-0.154106438,-0.08652125,-0.828469336,0.553310752,0.285880029,0.0,0.0,0.0,1.0]},"headPose":{"x":0.1754226,"y":0.322455823,"z":-0.006429456}},{"recID":11,"timestamp":0,"world2head":{"data":[0.9888889,-0.00402793661,0.148601621,-0.1712192,-0.120883167,0.5600201,0.8196127,-0.154106438,-0.08652125,-0.828469336,0.553310752,0.285880029,0.0,0.0,0.0,1.0]},"headPose":{"x":0.1754226,"y":0.322455823,"z":-0.006429456}},{"recID":12,"timestamp":0,"world2head":{"data":[0.9888889,-0.00402793661,0.148601621,-0.1712192,-0.120883167,0.5600201,0.8196127,-0.154106438,-0.08652125,-0.828469336,0.553310752,0.285880029,0.0,0.0,0.0,1.0]},"headPose":{"x":0.1754226,"y":0.322455823,"z":-0.006429456}},{"recID":13,"timestamp":0,"world2head":{"data":[0.9888889,-0.00402793661,0.148601621,-0.1712192,-0.120883167,0.5600201,0.8196127,-0.154106438,-0.08652125,-0.828469336,0.553310752,0.285880029,0.0,0.0,0.0,1.0]},"headPose":{"x":0.1754226,"y":0.322455823,"z":-0.006429456}},{"recID":14,"timestamp":0,"world2head":{"data":[0.9887827,-0.00404175371,0.1493064,-0.17104058,-0.121539094,0.5592623,0.8200329,-0.1536977,-0.0868158042,-0.828980863,0.5524976,0.285876781,0.0,0.0,0.0,1.0]},"headPose":{"x":0.1752603,"y":0.322252423,"z":-0.006371647}},{"recID":15,"timestamp":0,"world2head":{"data":[0.9885492,-0.003915794,0.150848225,-0.17076093,-0.123073854,0.5574933,0.821008,-0.152668655,-0.0873117745,-0.830172241,0.5506276,0.285885841,0.0,0.0,0.0,1.0]},"headPose":{"x":0.174977258,"y":0.321777552,"z":-0.00631546974}},{"recID":16,"timestamp":0,"world2head":{"data":[0.9884581,-0.00400331244,0.15144144,-0.170630649,-0.123586074,0.5568516,0.8213664,-0.152523115,-0.0876186043,-0.8306024,0.549929738,0.285953522,0.0,0.0,0.0,1.0]},"headPose":{"x":0.174866363,"y":0.3217633,"z":-0.006136425}},{"recID":17,"timestamp":0,"world2head":{"data":[0.9884545,-0.004141394,0.151461422,-0.17049548,-0.123524576,0.5568719,0.8213619,-0.152497277,-0.0877462,-0.8305881,0.54993093,0.2859426,0.0,0.0,0.0,1.0]},"headPose":{"x":0.17478022,"y":0.321715862,"z":-0.00616973639}},{"recID":18,"timestamp":0,"world2head":{"data":[0.988406,-0.004722636,0.151760548,-0.170143768,-0.123472169,0.556695342,0.821489453,-0.152498975,-0.08836398,-0.830703259,0.5496578,0.2861045,0.0,0.0,0.0,1.0]},"headPose":{"x":0.174623072,"y":0.3217599,"z":-0.0061621964}},{"recID":19,"timestamp":0,"world2head":{"data":[0.9883712,-0.005176656,0.1519724,-0.16995807,-0.123371206,0.5569509,0.8213313,-0.152560264,-0.08889292,-0.8305293,0.5498356,0.286122441,0.0,0.0,0.0,1.0]},"headPose":{"x":0.174594373,"y":0.321721822,"z":-0.00618881}},{"recID":20,"timestamp":0,"world2head":{"data":[0.988343,-0.005829569,0.152131841,-0.169632882,-0.123130307,0.557082951,0.821278,-0.152709872,-0.0895377547,-0.830436349,0.5498712,0.286213666,0.0,0.0,0.0,1.0]},"headPose":{"x":0.174479187,"y":0.321765423,"z":-0.006156847}},{"recID":21,"timestamp":0,"world2head":{"data":[0.988326848,-0.005771123,0.152239,-0.169558853,-0.123225324,0.5573257,0.821099,-0.152670562,-0.08958538,-0.8302739,0.5501088,0.286077946,0.0,0.0,0.0,1.0]},"headPose":{"x":0.174395084,"y":0.32163173,"z":-0.006202899}},{"recID":22,"timestamp":0,"world2head":{"data":[0.988245845,-0.00588296,0.152759671,-0.169416025,-0.123555854,0.5576991,0.8207958,-0.152512744,-0.09002265,-0.830022335,0.550416946,0.286014616,0.0,0.0,0.0,1.0]},"headPose":{"x":0.17432864,"y":0.321458071,"z":-0.00636553}},{"recID":23,"timestamp":0,"world2head":{"data":[0.9883474,-0.0061369203,0.15209122,-0.1692777,-0.122912228,0.5572236,0.821215153,-0.152382642,-0.08978855,-0.8303398,0.5499762,0.2859648,0.0,0.0,0.0,1.0]},"headPose":{"x":0.174251854,"y":0.3213203,"z":-0.00638923049}},{"recID":24,"timestamp":0,"world2head":{"data":[0.988392532,-0.005640246,0.151816785,-0.169218123,-0.1232036,0.5549276,0.822724938,-0.151403338,-0.0888877,-0.8318796,0.547791362,0.286067277,0.0,0.0,0.0,1.0]},"headPose":{"x":0.174028367,"y":0.321036965,"z":-0.00645173341}},{"recID":25,"timestamp":0,"world2head":{"data":[0.9882992,-0.005189579,0.152439252,-0.169136286,-0.124032646,0.5543288,0.823004067,-0.1509355,-0.08877252,-0.832281768,0.547199,0.285996825,0.0,0.0,0.0,1.0]},"headPose":{"x":0.173824981,"y":0.32082,"z":-0.00649365038}},{"recID":26,"timestamp":0,"world2head":{"data":[0.9883463,-0.0060171783,0.152103424,-0.1684204,-0.123604715,0.5514766,0.8249821,-0.149538517,-0.08884555,-0.834168732,0.544306159,0.2860662,0.0,0.0,0.0,1.0]},"headPose":{"x":0.173389718,"y":0.320081,"z":-0.00672362745}},{"recID":27,"timestamp":0,"world2head":{"data":[0.988333941,-0.00629441068,0.1521721,-0.16802752,-0.123772472,0.5490222,0.826592445,-0.148270309,-0.08874875,-0.8357841,0.541838169,0.286321163,0.0,0.0,0.0,1.0]},"headPose":{"x":0.173126191,"y":0.319648743,"z":-0.007011533}},{"recID":28,"timestamp":0,"world2head":{"data":[0.987892449,-0.00667947158,0.154996276,-0.167082235,-0.126647368,0.542312,0.8305771,-0.144826025,-0.08960416,-0.840150654,0.5349,0.2872891,0.0,0.0,0.0,1.0]},"headPose":{"x":0.172459751,"y":0.318790972,"z":-0.007484667}},{"recID":29,"timestamp":0,"world2head":{"data":[0.987734,-0.007356532,0.155972362,-0.16642347,-0.1275352,0.5383138,0.833038449,-0.14300999,-0.09009036,-0.8427124,0.5307726,0.287914127,0.0,0.0,0.0,1.0]},"headPose":{"x":0.1720816,"y":0.31838873,"z":-0.00772665441}},{"recID":30,"timestamp":0,"world2head":{"data":[0.9872862,-0.009481151,0.158669516,-0.164729491,-0.129280671,0.532872,0.8362618,-0.14075543,-0.09247927,-0.8461427,0.524871469,0.288761884,0.0,0.0,0.0,1.0]},"headPose":{"x":0.171142682,"y":0.3177766,"z":-0.007716939}},{"recID":31,"timestamp":0,"world2head":{"data":[0.9870744,-0.0104255006,0.159923375,-0.163940817,-0.1300143,0.5313595,0.837110162,-0.139939666,-0.0937041044,-0.847082257,0.5231359,0.289039969,0.0,0.0,0.0,1.0]},"headPose":{"x":0.17071186,"y":0.317489743,"z":-0.007844292}},{"recID":32,"timestamp":0,"world2head":{"data":[0.986655533,-0.010426119,0.1624875,-0.16300799,-0.13236253,0.5298066,0.837726235,-0.138814867,-0.0948211849,-0.8480544,0.5213566,0.2893396,0.0,0.0,0.0,1.0]},"headPose":{"x":0.169894367,"y":0.3172212,"z":-0.008073509}},{"recID":33,"timestamp":0,"world2head":{"data":[0.9864357,-0.009910978,0.163848639,-0.162661,-0.133868337,0.5290811,0.837945342,-0.138352454,-0.09499409,-0.848513365,0.5205778,0.289551854,0.0,0.0,0.0,1.0]},"headPose":{"x":0.169439316,"y":0.31727618,"z":-0.008150667}},{"recID":34,"timestamp":0,"world2head":{"data":[0.9860133,-0.008392148,0.166455418,-0.162321091,-0.1368348,0.5294306,0.8372453,-0.138033777,-0.0951528847,-0.848311841,0.520877242,0.2895996,0.0,0.0,0.0,1.0]},"headPose":{"x":0.168719143,"y":0.31738776,"z":-0.008258492}},{"recID":35,"timestamp":0,"world2head":{"data":[0.9859424,-0.007942356,0.1668965,-0.16208218,-0.137449175,0.529382944,0.8371747,-0.13803345,-0.0950012952,-0.8483458,0.5208494,0.289631,0.0,0.0,0.0,1.0]},"headPose":{"x":0.168346435,"y":0.317492485,"z":-0.008245081}},{"recID":36,"timestamp":0,"world2head":{"data":[0.9859434,-0.006940551,0.166935459,-0.161575258,-0.137819469,0.5310466,0.836059451,-0.13864395,-0.09445323,-0.847314239,0.5226254,0.289297074,0.0,0.0,0.0,1.0]},"headPose":{"x":0.167521268,"y":0.31763047,"z":-0.008306757}},{"recID":37,"timestamp":0,"world2head":{"data":[0.9858633,-0.00627232343,0.1674341,-0.161385477,-0.1385298,0.531604052,0.835587561,-0.138493031,-0.0942497253,-0.8469698,0.523220062,0.289053679,0.0,0.0,0.0,1.0]},"headPose":{"x":0.167161837,"y":0.3174309,"z":-0.008494183}},{"recID":38,"timestamp":0,"world2head":{"data":[0.9857815,-0.0053063184,0.16794844,-0.1608375,-0.139491439,0.531424046,0.835542142,-0.138123244,-0.09368549,-0.84708935,0.5231278,0.288868219,0.0,0.0,0.0,1.0]},"headPose":{"x":0.166346386,"y":0.317245752,"z":-0.00869482}},{"recID":39,"timestamp":0,"world2head":{"data":[0.9857143,-0.005119823,0.168348014,-0.160416916,-0.139932632,0.5313799,0.8354965,-0.1381186,-0.0937343538,-0.8471182,0.523072362,0.288823247,0.0,0.0,0.0,1.0]},"headPose":{"x":0.165870622,"y":0.317239553,"z":-0.008671969}},{"recID":40,"timestamp":0,"world2head":{"data":[0.985534549,-0.004888691,0.169404179,-0.159559935,-0.140967727,0.53120935,0.8354308,-0.13750957,-0.0940732658,-0.847226441,0.522836,0.288721353,0.0,0.0,0.0,1.0]},"headPose":{"x":0.165028363,"y":0.316878736,"z":-0.009044066}},{"recID":41,"timestamp":0,"world2head":{"data":[0.985564,-0.00473088771,0.169237137,-0.159244612,-0.140996158,0.5304189,0.8359282,-0.137211055,-0.09372127,-0.84772253,0.5220947,0.28861627,0.0,0.0,0.0,1.0]},"headPose":{"x":0.164649,"y":0.316692472,"z":-0.00903634}},{"recID":42,"timestamp":0,"world2head":{"data":[0.985586,-0.00276160985,0.169152543,-0.159098759,-0.142011791,0.529879332,0.836098433,-0.137081549,-0.0919394344,-0.8480686,0.5218495,0.288328141,0.0,0.0,0.0,1.0]},"headPose":{"x":0.163847044,"y":0.316719323,"z":-0.008938253}},{"recID":43,"timestamp":0,"world2head":{"data":[0.98549825,-0.00153591484,0.169678688,-0.15911676,-0.143043429,0.5303862,0.8356011,-0.136919126,-0.09127865,-0.847754836,0.522474945,0.288082957,0.0,0.0,0.0,1.0]},"headPose":{"x":0.163519725,"y":0.3165993,"z":-0.009107634}},{"recID":44,"timestamp":0,"world2head":{"data":[0.9856043,0.0007168576,0.169067085,-0.159334987,-0.143773437,0.5297098,0.8359048,-0.1367541,-0.08895728,-0.8481787,0.522187352,0.287825525,0.0,0.0,0.0,1.0]},"headPose":{"x":0.1629838,"y":0.316681653,"z":-0.009047128}},{"recID":45,"timestamp":0,"world2head":{"data":[0.9856432,0.00150740147,0.168834776,-0.1593704,-0.14396587,0.5299344,0.8357291,-0.13699083,-0.0882115662,-0.848037243,0.5225433,0.287710935,0.0,0.0,0.0,1.0]},"headPose":{"x":0.162739784,"y":0.316826,"z":-0.008946896}},{"recID":46,"timestamp":0,"world2head":{"data":[0.9860872,0.00204660743,0.16621618,-0.159343913,-0.141942,0.5307721,0.8355439,-0.137681842,-0.08651288,-0.8475121,0.523678064,0.287208468,0.0,0.0,0.0,1.0]},"headPose":{"x":0.162431389,"y":0.316816449,"z":-0.008880012}},{"recID":47,"timestamp":0,"world2head":{"data":[0.986344,0.00255700946,0.164678663,-0.159425363,-0.140878662,0.5310488,0.8355479,-0.1378569,-0.08531588,-0.847337365,0.5241569,0.28686592,0.0,0.0,0.0,1.0]},"headPose":{"x":0.162301362,"y":0.316688627,"z":-0.008922771}},{"recID":48,"timestamp":0,"world2head":{"data":[0.986927569,0.00294617563,0.161137432,-0.159403026,-0.138061523,0.53126657,0.835879743,-0.138429388,-0.08314429,-0.8471996,0.5247284,0.286513269,0.0,0.0,0.0,1.0]},"headPose":{"x":0.162029415,"y":0.316746444,"z":-0.008945525}},{"recID":49,"timestamp":0,"world2head":{"data":[0.9871689,0.00356893241,0.159639612,-0.15955317,-0.13711457,0.531319737,0.836001754,-0.138622373,-0.0818360448,-0.8471638,0.524991751,0.2862236,0.0,0.0,0.0,1.0]},"headPose":{"x":0.161922187,"y":0.316700518,"z":-0.008905448}},{"recID":50,"timestamp":0,"world2head":{"data":[0.987548947,0.0042995587,0.15725334,-0.15971671,-0.13540712,0.5320628,0.835807443,-0.139102474,-0.0800750554,-0.846694,0.5260203,0.28596127,0.0,0.0,0.0,1.0]},"headPose":{"x":0.161790967,"y":0.3168196,"z":-0.009042546}},{"recID":51,"timestamp":0,"world2head":{"data":[0.987989664,0.003968127,0.154469013,-0.159649312,-0.132850438,0.532339752,0.836041331,-0.13970241,-0.0789124742,-0.8465215,0.526473343,0.285702318,0.0,0.0,0.0,1.0]},"headPose":{"x":0.161717832,"y":0.316855818,"z":-0.00895679}},{"recID":52,"timestamp":0,"world2head":{"data":[0.9884694,0.00513152033,0.1513337,-0.159957573,-0.13079989,0.5324514,0.836293638,-0.139821351,-0.0762864053,-0.846445143,0.526983142,0.285615981,0.0,0.0,0.0,1.0]},"headPose":{"x":0.161613151,"y":0.3170271,"z":-0.009376116}},{"recID":53,"timestamp":0,"world2head":{"data":[0.9886475,0.00583706051,0.150140136,-0.160111547,-0.130180985,0.532234848,0.8365279,-0.140018821,-0.07502695,-0.846576631,0.5269525,0.2856168,0.0,0.0,0.0,1.0]},"headPose":{"x":0.16149503,"y":0.317253947,"z":-0.009337656}},{"recID":54,"timestamp":0,"world2head":{"data":[0.989016056,0.00751731545,0.147616863,-0.160726383,-0.128891289,0.5327039,0.8364291,-0.140190452,-0.07234838,-0.8462683,0.5278216,0.285590529,0.0,0.0,0.0,1.0]},"headPose":{"x":0.161553651,"y":0.317574471,"z":-0.009755567}},{"recID":55,"timestamp":0,"world2head":{"data":[0.9891912,0.008272957,0.146398053,-0.160958856,-0.12824212,0.532907,0.8363995,-0.1408659,-0.0710970461,-0.8461334,0.5282078,0.285589427,0.0,0.0,0.0,1.0]},"headPose":{"x":0.1614587,"y":0.318046778,"z":-0.009466335}},{"recID":56,"timestamp":0,"world2head":{"data":[0.9895295,0.009117704,0.144042671,-0.161355525,-0.126300633,0.5377196,0.833610058,-0.142823726,-0.069853954,-0.843074441,0.5332409,0.2846849,0.0,0.0,0.0,1.0]},"headPose":{"x":0.161513686,"y":0.318280846,"z":-0.009504259}},{"recID":57,"timestamp":0,"world2head":{"data":[0.989733458,0.00936158,0.142618537,-0.161539167,-0.125185877,0.5382697,0.833423257,-0.143152446,-0.06896509,-0.842720747,0.53391546,0.284495831,0.0,0.0,0.0,1.0]},"headPose":{"x":0.161580324,"y":0.318317354,"z":-0.009551629}},{"recID":58,"timestamp":0,"world2head":{"data":[0.9901144,0.009216055,0.139959067,-0.161710575,-0.122772172,0.539470553,0.8330058,-0.1444492,-0.0678267851,-0.8419541,0.535269,0.284262836,0.0,0.0,0.0,1.0]},"headPose":{"x":0.161658257,"y":0.318752646,"z":-0.009197205}},{"recID":59,"timestamp":0,"world2head":{"data":[0.9903443,0.009246834,0.138320863,-0.161904886,-0.121272422,0.54120183,0.83210206,-0.1454882,-0.0671651959,-0.840842,0.5370975,0.283528358,0.0,0.0,0.0,1.0]},"headPose":{"x":0.161741123,"y":0.3186381,"z":-0.008826524}},{"recID":60,"timestamp":0,"world2head":{"data":[0.990837038,0.00896674,0.134764791,-0.162170723,-0.118033379,0.5424934,0.831726551,-0.146901324,-0.06565113,-0.8400122,0.538580954,0.282955885,0.0,0.0,0.0,1.0]},"headPose":{"x":0.161921874,"y":0.31883356,"z":-0.00835803151}},{"recID":61,"timestamp":0,"world2head":{"data":[0.9910763,0.009335976,0.132968426,-0.162486553,-0.116602615,0.544077039,0.8308935,-0.147767067,-0.06458786,-0.8389833,0.540310442,0.282066524,0.0,0.0,0.0,1.0]},"headPose":{"x":0.162024617,"y":0.318562776,"z":-0.008019224}},{"recID":62,"timestamp":0,"world2head":{"data":[0.9915599,0.009768143,0.129280671,-0.1631178,-0.113750093,0.5439991,0.831339836,-0.14858368,-0.06220791,-0.839028955,0.540518761,0.2810054,0.0,0.0,0.0,1.0]},"headPose":{"x":0.16232042,"y":0.318194419,"z":-0.00727720559}},{"recID":63,"timestamp":0,"world2head":{"data":[0.9918419,0.010174863,0.127067044,-0.163349211,-0.112033121,0.5451143,0.830842435,-0.149288625,-0.06081235,-0.838300049,0.5418071,0.280243039,0.0,0.0,0.0,1.0]},"headPose":{"x":0.162333563,"y":0.317969143,"z":-0.007046059}},{"recID":64,"timestamp":0,"world2head":{"data":[0.9923021,0.0108447,0.123364896,-0.163614452,-0.109474726,0.542512655,0.832883835,-0.14861168,-0.0578946434,-0.839977741,0.5395236,0.2797638,0.0,0.0,0.0,1.0]},"headPose":{"x":0.162282571,"y":0.317393363,"z":-0.006978646}},{"recID":65,"timestamp":0,"world2head":{"data":[0.9924675,0.0117456988,0.121943757,-0.163798749,-0.10884849,0.54130733,0.8337496,-0.148514286,-0.0562160872,-0.840742767,0.5385085,0.2793451,0.0,0.0,0.0,1.0]},"headPose":{"x":0.162103057,"y":0.317173183,"z":-0.006631747}},{"recID":66,"timestamp":0,"world2head":{"data":[0.9924531,0.0128250681,0.121952474,-0.1637573,-0.1095646,0.539356947,0.834919,-0.147587731,-0.0550680272,-0.8419796,0.536691666,0.2792617,0.0,0.0,0.0,1.0]},"headPose":{"x":0.161729425,"y":0.3168353,"z":-0.006683007}},{"recID":67,"timestamp":0,"world2head":{"data":[0.9923624,0.0132018514,0.122648478,-0.163706675,-0.1104361,0.538072467,0.8356327,-0.147023439,-0.05496187,-0.842795253,0.5354208,0.279342,0.0,0.0,0.0,1.0]},"headPose":{"x":0.1615728,"y":0.316698551,"z":-0.006629549}},{"recID":68,"timestamp":0,"world2head":{"data":[0.9921684,0.0140450373,0.124115169,-0.163636178,-0.11224594,0.5361717,0.836612761,-0.146435976,-0.05479678,-0.8439922,0.5335491,0.2794108,0.0,0.0,0.0,1.0]},"headPose":{"x":0.161228612,"y":0.316633582,"z":-0.006259449}},{"recID":69,"timestamp":0,"world2head":{"data":[0.9920336,0.0144377686,0.125143364,-0.163636729,-0.113291636,0.536641061,0.836170733,-0.14648962,-0.05508463,-0.8436871,0.534001648,0.279347,0.0,0.0,0.0,1.0]},"headPose":{"x":0.161124811,"y":0.316656351,"z":-0.00620339066}},{"recID":70,"timestamp":0,"world2head":{"data":[0.991856158,0.0156572424,0.126397178,-0.164053142,-0.114994958,0.5367032,0.8358983,-0.146581948,-0.05474992,-0.8436259,0.534132838,0.2792315,0.0,0.0,0.0,1.0]},"headPose":{"x":0.161148831,"y":0.316806465,"z":-0.005883254}},{"recID":71,"timestamp":0,"world2head":{"data":[0.991829038,0.0166219845,0.12648651,-0.164398775,-0.1155472,0.5372944,0.8354421,-0.147051677,-0.05407379,-0.8432309,0.534824848,0.279021442,0.0,0.0,0.0,1.0]},"headPose":{"x":0.161151826,"y":0.3170222,"z":-0.00558019429}},{"recID":72,"timestamp":0,"world2head":{"data":[0.9919811,0.0193164088,0.124901608,-0.165424734,-0.115476906,0.5401807,0.83358866,-0.148820013,-0.0513675064,-0.8413275,0.5380796,0.278105527,0.0,0.0,0.0,1.0]},"headPose":{"x":0.161198512,"y":0.317562848,"z":-0.004926406}},{"recID":73,"timestamp":0,"world2head":{"data":[0.9920604,0.0213706531,0.123933226,-0.166188851,-0.115688458,0.5415307,0.832682848,-0.1498237,-0.04931867,-0.8404093,0.5397035,0.277650982,0.0,0.0,0.0,1.0]},"headPose":{"x":0.161229879,"y":0.318026185,"z":-0.004497282}},{"recID":74,"timestamp":0,"world2head":{"data":[0.9920959,0.0266766883,0.122613415,-0.167960763,-0.117027193,0.5493077,0.8273848,-0.1525847,-0.0452805944,-0.83519423,0.5480878,0.27528888,0.0,0.0,0.0,1.0]},"headPose":{"x":0.161241889,"y":0.3182163,"z":-0.00404198468}},{"recID":75,"timestamp":0,"world2head":{"data":[0.9922103,0.0284064114,0.121292144,-0.168484524,-0.116769582,0.5512872,0.8261037,-0.153425977,-0.0434001647,-0.8338318,0.550309837,0.274686515,0.0,0.0,0.0,1.0]},"headPose":{"x":0.161178038,"y":0.3184102,"z":-0.003981091}},{"recID":76,"timestamp":0,"world2head":{"data":[0.9923621,0.0318703428,0.119171351,-0.16948548,-0.116712861,0.555386961,0.8233611,-0.154719472,-0.0399454124,-0.8309812,0.554864645,0.2736292,0.0,0.0,0.0,1.0]},"headPose":{"x":0.161063433,"y":0.31871137,"z":-0.004239328}},{"recID":77,"timestamp":0,"world2head":{"data":[0.9921415,0.0339728929,0.12042065,-0.170044065,-0.118942916,0.554775834,0.823453963,-0.1539211,-0.0388313532,-0.83130604,0.554456949,0.2741004,0.0,0.0,0.0,1.0]},"headPose":{"x":0.161043644,"y":0.319029868,"z":-0.00475310534}},{"recID":78,"timestamp":0,"world2head":{"data":[0.9917914,0.037496794,0.122244462,-0.171149909,-0.122338638,0.55632323,0.8219111,-0.155405313,-0.037188407,-0.8301196,0.5563439,0.274140716,0.0,0.0,0.0,1.0]},"headPose":{"x":0.1609278,"y":0.3204427,"z":-0.00386504829}},{"recID":79,"timestamp":0,"world2head":{"data":[0.991830945,0.038187325,0.121709235,-0.170976788,-0.122000024,0.5625946,0.8176817,-0.157709762,-0.03724789,-0.825850546,0.5626576,0.2730133,0.0,0.0,0.0,1.0]},"headPose":{"x":0.160508633,"y":0.320723951,"z":-0.003847152}},{"recID":80,"timestamp":0,"world2head":{"data":[0.9913741,0.0374902375,0.125586331,-0.1704575,-0.124786153,0.5629797,0.816995859,-0.156423658,-0.0400731862,-0.825619936,0.5628017,0.274498641,0.0,0.0,0.0,1.0]},"headPose":{"x":0.160467669,"y":0.321085423,"z":-0.00528371334}},{"recID":81,"timestamp":0,"world2head":{"data":[0.991129,0.0378481261,0.1274004,-0.170538858,-0.126502782,0.5625614,0.817019939,-0.156890675,-0.0407478735,-0.825888634,0.562358856,0.274978638,0.0,0.0,0.0,1.0]},"headPose":{"x":0.160383686,"y":0.321817,"z":-0.00472713262}},{"recID":82,"timestamp":0,"world2head":{"data":[0.990943,0.0374254324,0.128962278,-0.169845819,-0.127098814,0.5713241,0.8108235,-0.159472629,-0.0433338359,-0.8198709,0.570906341,0.273876339,0.0,0.0,0.0,1.0]},"headPose":{"x":0.159906864,"y":0.3220103,"z":-0.00514987856}},{"recID":83,"timestamp":0,"world2head":{"data":[0.9906656,0.0363742039,0.131371692,-0.169334352,-0.128612161,0.5687789,0.812372744,-0.15786387,-0.04517204,-0.821685731,0.5681479,0.275421917,0.0,0.0,0.0,1.0]},"headPose":{"x":0.159891874,"y":0.3222593,"z":-0.005990319}},{"recID":84,"timestamp":0,"world2head":{"data":[0.9902963,0.0342636742,0.134682,-0.168548152,-0.130100518,0.5692856,0.811780632,-0.158875108,-0.04885793,-0.8214255,0.5682191,0.276202321,0.0,0.0,0.0,1.0]},"headPose":{"x":0.159737557,"y":0.32310003,"z":-0.00527130067}},{"recID":85,"timestamp":0,"world2head":{"data":[0.9902629,0.0336907245,0.135071233,-0.168443412,-0.129950359,0.571667552,0.8101291,-0.159165114,-0.0499220081,-0.8197934,0.570479333,0.275904447,0.0,0.0,0.0,1.0]},"headPose":{"x":0.159893408,"y":0.322849154,"z":-0.00570163131}},{"recID":86,"timestamp":0,"world2head":{"data":[0.990142047,0.03391745,0.135898158,-0.168646529,-0.130917966,0.569007754,0.811844,-0.157376066,-0.0497914366,-0.8216324,0.5678389,0.276983172,0.0,0.0,0.0,1.0]},"headPose":{"x":0.16017206,"y":0.322846621,"z":-0.00659825653}},{"recID":87,"timestamp":0,"world2head":{"data":[0.9901353,0.03437768,0.135831475,-0.168886319,-0.131169885,0.568244934,0.8123375,-0.156776786,-0.0492592864,-0.822141051,0.5671487,0.277283967,0.0,0.0,0.0,1.0]},"headPose":{"x":0.160314739,"y":0.322860062,"z":-0.00696549565}},{"recID":88,"timestamp":0,"world2head":{"data":[0.990375459,0.0343329124,0.134080946,-0.169188961,-0.129927114,0.5644913,0.8151494,-0.155260488,-0.0477010645,-0.8247248,0.563519,0.2783648,0.0,0.0,0.0,1.0]},"headPose":{"x":0.160666347,"y":0.32302624,"z":-0.007618353}},{"recID":89,"timestamp":0,"world2head":{"data":[0.990461648,0.0339099169,0.133551061,-0.169230983,-0.129328683,0.5631819,0.816149652,-0.154451564,-0.04753798,-0.8256369,0.562195539,0.2787761,0.0,0.0,0.0,1.0]},"headPose":{"x":0.16089423,"y":0.322890759,"z":-0.008070119}},{"recID":90,"timestamp":0,"world2head":{"data":[0.990731955,0.0324861743,0.131889328,-0.169171959,-0.127440974,0.5582839,0.819803655,-0.152287349,-0.0469994135,-0.829013765,0.5572498,0.280357569,0.0,0.0,0.0,1.0]},"headPose":{"x":0.161373064,"y":0.322935551,"z":-0.009071499}},{"recID":91,"timestamp":0,"world2head":{"data":[0.990867257,0.0319176838,0.131009117,-0.169216752,-0.126549989,0.5555581,0.821790934,-0.151423126,-0.0465535223,-0.8308649,0.5545235,0.281103015,0.0,0.0,0.0,1.0]},"headPose":{"x":0.161595076,"y":0.323083967,"z":-0.009271115}},{"recID":92,"timestamp":0,"world2head":{"data":[0.9911771,0.0309327841,0.128884345,-0.169485316,-0.1242886,0.55472666,0.8226973,-0.151673973,-0.0460472777,-0.8314575,0.553676963,0.281750441,0.0,0.0,0.0,1.0]},"headPose":{"x":0.162112445,"y":0.323643744,"z":-0.009372957}},{"recID":93,"timestamp":0,"world2head":{"data":[0.991346836,0.03057922,0.127657026,-0.1695792,-0.123027,0.5555897,0.8223043,-0.151986271,-0.0457794964,-0.830894053,0.554544151,0.281780273,0.0,0.0,0.0,1.0]},"headPose":{"x":0.162313148,"y":0.323757172,"z":-0.009632669}},{"recID":94,"timestamp":0,"world2head":{"data":[0.9914495,0.0311455652,0.126719758,-0.170204327,-0.122521363,0.5563631,0.8218568,-0.151951447,-0.0449050032,-0.830355346,0.5554219,0.2820816,0.0,0.0,0.0,1.0]},"headPose":{"x":0.162798554,"y":0.324069262,"z":-0.0102237016}},{"recID":95,"timestamp":0,"world2head":{"data":[0.9915044,0.0311804935,0.126281053,-0.170323789,-0.122141682,0.557020664,0.8214678,-0.15210554,-0.0447273776,-0.8299131,0.556096852,0.282223761,0.0,0.0,0.0,1.0]},"headPose":{"x":0.162921488,"y":0.3242579,"z":-0.0104852766}},{"recID":96,"timestamp":0,"world2head":{"data":[0.9916913,0.0309217609,0.124868676,-0.1704443,-0.120798469,0.557572365,0.821292162,-0.151801631,-0.0442275219,-0.8295523,0.556674957,0.282527536,0.0,0.0,0.0,1.0]},"headPose":{"x":0.163186222,"y":0.324282169,"z":-0.0113193616}},{"recID":97,"timestamp":0,"world2head":{"data":[0.991698444,0.0309842527,0.12479642,-0.170530662,-0.120836526,0.556381941,0.8220935,-0.151416272,-0.0439625233,-0.830348849,0.5555072,0.28303948,0.0,0.0,0.0,1.0]},"headPose":{"x":0.1632615,"y":0.324550539,"z":-0.0114705265}},{"recID":98,"timestamp":0,"world2head":{"data":[0.991659939,0.0307603031,0.125157356,-0.1706167,-0.120885193,0.5587363,0.820488036,-0.152441561,-0.04469151,-0.82877475,0.557794869,0.283385873,0.0,0.0,0.0,1.0]},"headPose":{"x":0.163430765,"y":0.3252859,"z":-0.011640802}},{"recID":99,"timestamp":0,"world2head":{"data":[0.991686165,0.03027923,0.125066966,-0.170508608,-0.120469257,0.560080945,0.819632,-0.152921841,-0.0452298038,-0.8278844,0.559072256,0.2835344,0.0,0.0,0.0,1.0]},"headPose":{"x":0.163492844,"y":0.325545162,"z":-0.0118515715}},{"recID":100,"timestamp":0,"world2head":{"data":[0.9917853,0.0295400247,0.124456078,-0.170277938,-0.119378932,0.5632072,0.8176468,-0.153945521,-0.0459412523,-0.8257875,0.5621071,0.2835409,0.0,0.0,0.0,1.0]},"headPose":{"x":0.163527519,"y":0.3258778,"z":-0.0123151764}},{"recID":101,"timestamp":0,"world2head":{"data":[0.991694748,0.029576961,0.125166655,-0.170305163,-0.119944006,0.5639455,0.817055047,-0.154032737,-0.0464211665,-0.825282156,0.562809348,0.283830047,0.0,0.0,0.0,1.0]},"headPose":{"x":0.163591161,"y":0.3261431,"z":-0.01257246}},{"recID":102,"timestamp":0,"world2head":{"data":[0.991621554,0.0302837,0.1255771,-0.170536056,-0.120567277,0.565943241,0.815580666,-0.154396951,-0.0463707037,-0.8238879,0.5648527,0.283965468,0.0,0.0,0.0,1.0]},"headPose":{"x":0.163659692,"y":0.326500058,"z":-0.0130600929}},{"recID":103,"timestamp":0,"world2head":{"data":[0.9916725,0.0307150632,0.125068992,-0.170591071,-0.120349646,0.5667162,0.815076,-0.154670432,-0.04584352,-0.8233404,0.5656934,0.283834547,0.0,0.0,0.0,1.0]},"headPose":{"x":0.163567916,"y":0.326586366,"z":-0.0131595209}},{"recID":104,"timestamp":0,"world2head":{"data":[0.9916049,0.03185937,0.125318184,-0.1707071,-0.121161342,0.567435,0.81445533,-0.154329687,-0.045161888,-0.82280165,0.5665314,0.283838749,0.0,0.0,0.0,1.0]},"headPose":{"x":0.163393915,"y":0.326553673,"z":-0.0137162656}},{"recID":105,"timestamp":0,"world2head":{"data":[0.991500735,0.0320962481,0.126079679,-0.170602158,-0.12191768,0.5674904,0.8143038,-0.154172882,-0.0454129055,-0.8227542,0.5665803,0.284047,0.0,0.0,0.0,1.0]},"headPose":{"x":0.16325517,"y":0.326668173,"z":-0.0138823837}},{"recID":106,"timestamp":0,"world2head":{"data":[0.991339743,0.0319466665,0.127377316,-0.170187056,-0.122920342,0.5671073,0.81442,-0.153486252,-0.0462186076,-0.823024154,0.5661229,0.284402043,0.0,0.0,0.0,1.0]},"headPose":{"x":0.162991256,"y":0.326549828,"z":-0.0143262744}},{"recID":107,"timestamp":0,"world2head":{"data":[0.99127233,0.031522125,0.128006026,-0.169876128,-0.123227626,0.566569,0.814748168,-0.1531016,-0.0468416624,-0.8234112,0.565508544,0.284607,0.0,0.0,0.0,1.0]},"headPose":{"x":0.16285862,"y":0.326446027,"z":-0.0144632757}},{"recID":108,"timestamp":0,"world2head":{"data":[0.991155148,0.0303532481,0.129190311,-0.169127181,-0.1235687,0.5661037,0.815019846,-0.152798131,-0.048396606,-0.823775053,0.564847231,0.2848765,0.0,0.0,0.0,1.0]},"headPose":{"x":0.162537277,"y":0.326307267,"z":-0.01452861}},{"recID":109,"timestamp":0,"world2head":{"data":[0.9911351,0.0296673849,0.129502982,-0.168752849,-0.1234883,0.565278053,0.8156049,-0.152279049,-0.0490083471,-0.8243668,0.5639305,0.285078079,0.0,0.0,0.0,1.0]},"headPose":{"x":0.1624234,"y":0.326095343,"z":-0.01471068}},{"recID":110,"timestamp":0,"world2head":{"data":[0.9910488,0.02920819,0.130265683,-0.1684328,-0.123980023,0.563241839,0.816938,-0.151541471,-0.04950981,-0.8257758,0.561821342,0.285601944,0.0,0.0,0.0,1.0]},"headPose":{"x":0.162277117,"y":0.326117218,"z":-0.0147162676}},{"recID":111,"timestamp":0,"world2head":{"data":[0.991074741,0.02936843,0.130031988,-0.168434277,-0.123884946,0.5631128,0.8170413,-0.151453346,-0.04922745,-0.825858,0.56172514,0.2854761,0.0,0.0,0.0,1.0]},"headPose":{"x":0.162221432,"y":0.3259947,"z":-0.01471363}},{"recID":112,"timestamp":0,"world2head":{"data":[0.9910946,0.0297399424,0.129796267,-0.168440118,-0.123921916,0.562723637,0.817303836,-0.1512759,-0.0487328768,-0.826109946,0.5613978,0.28545,0.0,0.0,0.0,1.0]},"headPose":{"x":0.162104487,"y":0.325949,"z":-0.0147497356}},{"recID":113,"timestamp":0,"world2head":{"data":[0.99119705,0.0299471132,0.128963262,-0.168446913,-0.123359352,0.5625818,0.8174865,-0.15127033,-0.0480710231,-0.826199055,0.5613237,0.285285652,0.0,0.0,0.0,1.0]},"headPose":{"x":0.162017465,"y":0.3258492,"z":-0.014752686}},{"recID":114,"timestamp":0,"world2head":{"data":[0.991342247,0.030257944,0.127769157,-0.168428734,-0.122593582,0.561794162,0.81814307,-0.15095973,-0.0470246337,-0.8267235,0.560639739,0.2852452,0.0,0.0,0.0,1.0]},"headPose":{"x":0.1618774,"y":0.325723529,"z":-0.0148931444}},{"recID":115,"timestamp":0,"world2head":{"data":[0.9914607,0.0302572884,0.126847208,-0.168347165,-0.121836558,0.56171906,0.818307757,-0.151081264,-0.0464927331,-0.8267746,0.560608864,0.2850826,0.0,0.0,0.0,1.0]},"headPose":{"x":0.16175665,"y":0.325658023,"z":-0.0148344934}},{"recID":116,"timestamp":0,"world2head":{"data":[0.9916362,0.0302144438,0.125478,-0.16810137,-0.120708495,0.5612483,0.8187978,-0.151019812,-0.0456847958,-0.827095866,0.5602013,0.285052061,0.0,0.0,0.0,1.0]},"headPose":{"x":0.161488578,"y":0.325604051,"z":-0.0149388164}},{"recID":117,"timestamp":0,"world2head":{"data":[0.9916593,0.0303022452,0.125274062,-0.167974472,-0.120593652,0.561167657,0.818869948,-0.151045769,-0.04548615,-0.827147245,0.5601414,0.2850919,0.0,0.0,0.0,1.0]},"headPose":{"x":0.161326021,"y":0.325665,"z":-0.0149620771}},{"recID":118,"timestamp":0,"world2head":{"data":[0.9917109,0.0305940583,0.124793857,-0.167799756,-0.120352618,0.561308861,0.8188086,-0.151193962,-0.04499722,-0.827040732,0.560338259,0.2849559,0.0,0.0,0.0,1.0]},"headPose":{"x":0.16103448,"y":0.3256703,"z":-0.0149323493}},{"recID":119,"timestamp":0,"world2head":{"data":[0.9917025,0.0308225937,0.124804266,-0.167669937,-0.120475754,0.5615542,0.818622351,-0.151282117,-0.04485231,-0.8268657,0.560608149,0.284861743,0.0,0.0,0.0,1.0]},"headPose":{"x":0.160829574,"y":0.3256635,"z":-0.0149269328}},{"recID":120,"timestamp":0,"world2head":{"data":[0.991720855,0.0309177972,0.124634981,-0.167392969,-0.1203606,0.562085032,0.818274856,-0.151538044,-0.0447562,-0.826501369,0.5611527,0.284598261,0.0,0.0,0.0,1.0]},"headPose":{"x":0.160505414,"y":0.325573534,"z":-0.0148403123}},{"recID":121,"timestamp":0,"world2head":{"data":[0.9916675,0.0312381387,0.124979019,-0.167309687,-0.12085174,0.5615697,0.818556368,-0.151383385,-0.04461426,-0.8268396,0.5606656,0.28475374,0.0,0.0,0.0,1.0]},"headPose":{"x":0.160324708,"y":0.3256844,"z":-0.01482559}},{"recID":122,"timestamp":0,"world2head":{"data":[0.991571546,0.03169287,0.125623927,-0.167180151,-0.12159764,0.562327445,0.817925334,-0.151837587,-0.0447193831,-0.826307058,0.56144166,0.2843399,0.0,0.0,0.0,1.0]},"headPose":{"x":0.1600235,"y":0.32563293,"z":-0.0144466534}},{"recID":123,"timestamp":0,"world2head":{"data":[0.991542637,0.031628035,0.12586844,-0.1670751,-0.121762984,0.5623275,0.8179008,-0.151792243,-0.0449107066,-0.826309562,0.5614228,0.284356266,0.0,0.0,0.0,1.0]},"headPose":{"x":0.159950048,"y":0.3256075,"z":-0.0144636407}},{"recID":124,"timestamp":0,"world2head":{"data":[0.991631031,0.03147721,0.125208125,-0.166809857,-0.121137932,0.562250435,0.8180465,-0.152128473,-0.044648502,-0.8263678,0.5613581,0.2839493,0.0,0.0,0.0,1.0]},"headPose":{"x":0.159663215,"y":0.325431526,"z":-0.01406309}},{"recID":125,"timestamp":0,"world2head":{"data":[0.9915281,0.0314989053,0.126015216,-0.166691214,-0.121852174,0.5615846,0.81839776,-0.151688918,-0.0449895859,-0.826819658,0.560665131,0.28410086,0.0,0.0,0.0,1.0]},"headPose":{"x":0.159576982,"y":0.325336874,"z":-0.0141379386}},{"recID":126,"timestamp":0,"world2head":{"data":[0.991501033,0.0312530547,0.126289234,-0.1666074,-0.121987462,0.5607314,0.818962455,-0.151454672,-0.0452192724,-0.827407837,0.5597782,0.283784539,0.0,0.0,0.0,1.0]},"headPose":{"x":0.159548342,"y":0.32493785,"z":-0.0137799829}},{"recID":127,"timestamp":0,"world2head":{"data":[0.991570234,0.0310962088,0.125783533,-0.166557357,-0.121530443,0.5598424,0.8196382,-0.151404932,-0.04493131,-0.8280154,0.5589022,0.283679932,0.0,0.0,0.0,1.0]},"headPose":{"x":0.159499124,"y":0.324833542,"z":-0.0135018826}},{"recID":128,"timestamp":0,"world2head":{"data":[0.9916281,0.0308770463,0.125380561,-0.16640462,-0.121150978,0.558437765,0.820651948,-0.1509716,-0.0446779281,-0.828971565,0.557503343,0.2835258,0.0,0.0,0.0,1.0]},"headPose":{"x":0.159388483,"y":0.324481159,"z":-0.0133075267}},{"recID":129,"timestamp":0,"world2head":{"data":[0.991619,0.0306463726,0.1255094,-0.166351989,-0.121173009,0.557628751,0.8211987,-0.150748059,-0.04482089,-0.8295245,0.556668758,0.283471942,0.0,0.0,0.0,1.0]},"headPose":{"x":0.159396648,"y":0.324306458,"z":-0.0131271183}},{"recID":130,"timestamp":0,"world2head":{"data":[0.991636,0.0300380774,0.1255221,-0.166198418,-0.120943427,0.55583,0.822451055,-0.150294289,-0.0450641178,-0.830753148,0.554814,0.283338726,0.0,0.0,0.0,1.0]},"headPose":{"x":0.159399629,"y":0.3239149,"z":-0.0127290189}},{"recID":131,"timestamp":0,"world2head":{"data":[0.9916775,0.0294800587,0.125326186,-0.166074857,-0.120550826,0.554381251,0.823485851,-0.149809957,-0.0452020839,-0.8317406,0.553321242,0.283293426,0.0,0.0,0.0,1.0]},"headPose":{"x":0.159438431,"y":0.323574364,"z":-0.0125723705}},{"recID":132,"timestamp":0,"world2head":{"data":[0.991777658,0.0275557674,0.124970868,-0.165497378,-0.119322672,0.5520533,0.825226843,-0.14952001,-0.04625083,-0.83335346,0.5508021,0.283413947,0.0,0.0,0.0,1.0]},"headPose":{"x":0.1594036,"y":0.323287368,"z":-0.0120347142}},{"recID":133,"timestamp":0,"world2head":{"data":[0.9918108,0.0264918879,0.124938264,-0.165155277,-0.118751608,0.551325262,0.8257957,-0.1494966,-0.04700474,-0.833869755,0.5499563,0.283397645,0.0,0.0,0.0,1.0]},"headPose":{"x":0.15937084,"y":0.3231132,"z":-0.0117684454}},{"recID":134,"timestamp":0,"world2head":{"data":[0.991838455,0.0253645,0.124952629,-0.165014446,-0.118290409,0.5487759,0.8275581,-0.148629218,-0.0475803949,-0.8355846,0.5472974,0.2833759,0.0,0.0,0.0,1.0]},"headPose":{"x":0.1595694,"y":0.322534174,"z":-0.0114725977}},{"recID":135,"timestamp":0,"world2head":{"data":[0.991888762,0.02515249,0.12459562,-0.165103927,-0.11790894,0.5482084,0.827988565,-0.148859337,-0.0474784,-0.8359634,0.5467274,0.28316167,0.0,0.0,0.0,1.0]},"headPose":{"x":0.159656942,"y":0.322471529,"z":-0.01098723}},{"recID":136,"timestamp":0,"world2head":{"data":[0.991980731,0.0251481943,0.1238619,-0.165279537,-0.117309153,0.5479411,0.8282507,-0.148989722,-0.0470400229,-0.8361389,0.5464971,0.2826597,0.0,0.0,0.0,1.0]},"headPose":{"x":0.159772575,"y":0.322136819,"z":-0.0106000379}},{"recID":137,"timestamp":0,"world2head":{"data":[0.9920269,0.0251027159,0.123500876,-0.165296689,-0.117018476,0.5473057,0.8287118,-0.148871168,-0.0467898324,-0.836556256,0.5458795,0.2824781,0.0,0.0,0.0,1.0]},"headPose":{"x":0.159775183,"y":0.32193625,"z":-0.0104134232}},{"recID":138,"timestamp":0,"world2head":{"data":[0.9920985,0.02481502,0.12298277,-0.165412784,-0.11651957,0.545676947,0.8298553,-0.148595825,-0.0465159863,-0.8376281,0.5442567,0.282340616,0.0,0.0,0.0,1.0]},"headPose":{"x":0.1599248,"y":0.321686476,"z":-0.0100098327}},{"recID":139,"timestamp":0,"world2head":{"data":[0.992156267,0.0248015039,0.122518644,-0.165503427,-0.116131663,0.545538,0.830001056,-0.148793519,-0.0462533049,-0.837719,0.5441392,0.281991661,0.0,0.0,0.0,1.0]},"headPose":{"x":0.159968674,"y":0.321507037,"z":-0.009666696}},{"recID":140,"timestamp":0,"world2head":{"data":[0.9922256,0.02478841,0.121958606,-0.16570887,-0.115689859,0.5449209,0.830468059,-0.148612708,-0.0458718166,-0.838121057,0.5435522,0.281697363,0.0,0.0,0.0,1.0]},"headPose":{"x":0.160149559,"y":0.321186244,"z":-0.009489477}},{"recID":141,"timestamp":0,"world2head":{"data":[0.992287159,0.0250390619,0.12140502,-0.1658767,-0.1153893,0.5444269,0.8308337,-0.148573443,-0.0452928543,-0.838434458,0.543117046,0.2815197,0.0,0.0,0.0,1.0]},"headPose":{"x":0.160204381,"y":0.3210766,"z":-0.009320073}},{"recID":142,"timestamp":0,"world2head":{"data":[0.992378831,0.0251648352,0.120627373,-0.166051611,-0.114863805,0.5433493,0.831611633,-0.148434952,-0.0446154438,-0.839129567,0.5420989,0.28142038,0.0,0.0,0.0,1.0]},"headPose":{"x":0.160292,"y":0.32097882,"z":-0.009087078}},{"recID":143,"timestamp":0,"world2head":{"data":[0.992402732,0.02517996,0.120427579,-0.166132525,-0.114729233,0.542883754,0.8319343,-0.1483449,-0.0444301069,-0.8394304,0.541648149,0.281422049,0.0,0.0,0.0,1.0]},"headPose":{"x":0.16035448,"y":0.3209514,"z":-0.009011596}},{"recID":144,"timestamp":0,"world2head":{"data":[0.9924283,0.02502869,0.120248161,-0.166308954,-0.1144896,0.5430236,0.8318758,-0.148664847,-0.0444768146,-0.839344263,0.5417775,0.281279266,0.0,0.0,0.0,1.0]},"headPose":{"x":0.160539553,"y":0.3209812,"z":-0.008721739}},{"recID":145,"timestamp":0,"world2head":{"data":[0.992447257,0.0250576623,0.120085582,-0.166417137,-0.114359438,0.5432044,0.8317758,-0.148735419,-0.0443886779,-0.8392265,0.5419674,0.2811763,0.0,0.0,0.0,1.0]},"headPose":{"x":0.16063197,"y":0.320934355,"z":-0.00868956}},{"recID":146,"timestamp":0,"world2head":{"data":[0.9925209,0.0250630677,0.119474307,-0.166766927,-0.11388348,0.542566538,0.8322573,-0.148700029,-0.04396385,-0.8396388,0.5413629,0.281140924,0.0,0.0,0.0,1.0]},"headPose":{"x":0.1609452,"y":0.3209162,"z":-0.008518256}},{"recID":147,"timestamp":0,"world2head":{"data":[0.9925514,0.025434427,0.119142033,-0.1670344,-0.113787688,0.5429132,0.832044363,-0.149021432,-0.043521218,-0.8394036,0.541763365,0.280833632,0.0,0.0,0.0,1.0]},"headPose":{"x":0.161055654,"y":0.32088685,"z":-0.008252114}},{"recID":148,"timestamp":0,"world2h