[{"recID":0,"timestamp":0,"world2head":{"data":[0.97913903,0.01214275,-0.202828318,-0.0338932462,0.0250057019,0.983424067,0.17958799,-0.0122568011,0.201646924,-0.180913478,0.962605238,0.03748875,0.0,0.0,0.0,1.0]},"headPose":{"x":0.0259331986,"y":0.019247409,"z":-0.0407602042}},{"recID":1,"timestamp":0,"world2head":{"data":[0.980914,0.0202347413,-0.1933863,-0.030323999,0.01520548,0.983542,0.180038512,-0.0124139423,0.1938466,-0.17954284,0.964462459,0.03804654,0.0,0.0,0.0,1.0]},"headPose":{"x":0.0225588046,"y":0.0196542162,"z":-0.04032372}},{"recID":2,"timestamp":0,"world2head":{"data":[0.980914,0.0202347413,-0.1933863,-0.030323999,0.01520548,0.983542,0.180038512,-0.0124139423,0.1938466,-0.17954284,0.964462459,0.03804654,0.0,0.0,0.0,1.0]},"headPose":{"x":0.0225588046,"y":0.0196542162,"z":-0.04032372}},{"recID":3,"timestamp":0,"world2head":{"data":[0.980914,0.0202347413,-0.1933863,-0.030323999,0.01520548,0.983542,0.180038512,-0.0124139423,0.1938466,-0.17954284,0.964462459,0.03804654,0.0,0.0,0.0,1.0]},"headPose":{"x":0.0225588046,"y":0.0196542162,"z":-0.04032372}},{"recID":4,"timestamp":0,"world2head":{"data":[0.980914,0.0202347413,-0.1933863,-0.030323999,0.01520548,0.983542,0.180038512,-0.0124139423,0.1938466,-0.17954284,0.964462459,0.03804654,0.0,0.0,0.0,1.0]},"headPose":{"x":0.0225588046,"y":0.0196542162,"z":-0.04032372}},{"recID":5,"timestamp":0,"world2head":{"data":[0.980914,0.0202347413,-0.1933863,-0.030323999,0.01520548,0.983542,0.180038512,-0.0124139423,0.1938466,-0.17954284,0.964462459,0.03804654,0.0,0.0,0.0,1.0]},"headPose":{"x":0.0225588046,"y":0.0196542162,"z":-0.04032372}},{"recID":6,"timestamp":0,"world2head":{"data":[0.980914,0.0202347413,-0.1933863,-0.030323999,0.01520548,0.983542,0.180038512,-0.0124139423,0.1938466,-0.17954284,0.964462459,0.03804654,0.0,0.0,0.0,1.0]},"headPose":{"x":0.0225588046,"y":0.0196542162,"z":-0.04032372}},{"recID":7,"timestamp":0,"world2head":{"data":[0.980914,0.0202347413,-0.1933863,-0.030323999,0.01520548,0.983542,0.180038512,-0.0124139423,0.1938466,-0.17954284,0.964462459,0.03804654,0.0,0.0,0.0,1.0]},"headPose":{"x":0.0225588046,"y":0.0196542162,"z":-0.04032372}},{"recID":8,"timestamp":0,"world2head":{"data":[0.980914,0.0202347413,-0.1933863,-0.030323999,0.01520548,0.983542,0.180038512,-0.0124139423,0.1938466,-0.17954284,0.964462459,0.03804654,0.0,0.0,0.0,1.0]},"headPose":{"x":0.0225588046,"y":0.0196542162,"z":-0.04032372}},{"recID":9,"timestamp":0,"world2head":{"data":[0.980914,0.0202347413,-0.1933863,-0.030323999,0.01520548,0.983542,0.180038512,-0.0124139423,0.1938466,-0.17954284,0.964462459,0.03804654,0.0,0.0,0.0,1.0]},"headPose":{"x":0.0225588046,"y":0.0196542162,"z":-0.04032372}},{"recID":10,"timestamp":0,"world2head":{"data":[0.980914,0.0202347413,-0.1933863,-0.030323999,0.01520548,0.983542,0.180038512,-0.0124139423,0.1938466,-0.17954284,0.964462459,0.03804654,0.0,0.0,0.0,1.0]},"headPose":{"x":0.0225588046,"y":0.0196542162,"z":-0.04032372}},{"recID":11,"timestamp":0,"world2head":{"data":[0.9809242,0.0187362488,-0.193485513,-0.0306043457,0.016994616,0.9832674,0.181373626,-0.0122704264,0.193646267,-0.181202,0.9641924,0.0379332453,0.0,0.0,0.0,1.0]},"headPose":{"x":0.022883445,"y":0.0195121,"z":-0.04027091}},{"recID":12,"timestamp":0,"world2head":{"data":[0.9807874,0.01838713,-0.194211125,-0.0306211859,0.0175564829,0.9831887,0.181746557,-0.0121942041,0.194287986,-0.181664392,0.963976264,0.0379623175,0.0,0.0,0.0,1.0]},"headPose":{"x":0.02287134,"y":0.01944864,"z":-0.0403254926}},{"recID":13,"timestamp":0,"world2head":{"data":[0.9806939,0.0185310729,-0.194669232,-0.0306058154,0.0177647434,0.9829407,0.183062941,-0.0122092981,0.194740668,-0.182986945,0.9636347,0.03811591,0.0,0.0,0.0,1.0]},"headPose":{"x":0.0228091124,"y":0.01954289,"z":-0.040452756}},{"recID":14,"timestamp":0,"world2head":{"data":[0.9806923,0.0185712613,-0.19467321,-0.0306198038,0.0176705569,0.9829927,0.182792455,-0.0122888051,0.194757044,-0.182703137,0.9636853,0.03811664,0.0,0.0,0.0,1.0]},"headPose":{"x":0.022822272,"y":0.0196124837,"z":-0.0404469967}},{"recID":15,"timestamp":0,"world2head":{"data":[0.9808032,0.0193174314,-0.194040909,-0.0304870941,0.0167382155,0.983068347,0.1824731,-0.0121750291,0.1942804,-0.1822181,0.963873267,0.0381230749,0.0,0.0,0.0,1.0]},"headPose":{"x":0.0226990618,"y":0.0195045322,"z":-0.04043994}},{"recID":16,"timestamp":0,"world2head":{"data":[0.980910659,0.0190666672,-0.193521917,-0.03045922,0.0168626849,0.983092546,0.182331234,-0.0123860324,0.193726391,-0.182113945,0.964004457,0.03813421,0.0,0.0,0.0,1.0]},"headPose":{"x":0.022699032,"y":0.019702144,"z":-0.04039771}},{"recID":17,"timestamp":0,"world2head":{"data":[0.981018364,0.0191255137,-0.1929694,-0.0303321965,0.0165692642,0.983217537,0.181683183,-0.0124079874,0.19320567,-0.18143189,0.9642376,0.038208168,0.0,0.0,0.0,1.0]},"headPose":{"x":0.02258,"y":0.01971205,"z":-0.04044061}},{"recID":18,"timestamp":0,"world2head":{"data":[0.9810411,0.01979008,-0.192786783,-0.0302749518,0.0160482638,0.9830602,0.18257916,-0.012354522,0.193134278,-0.182211548,0.964104831,0.0382975824,0.0,0.0,0.0,1.0]},"headPose":{"x":0.0225026645,"y":0.0197226442,"z":-0.0405038148}},{"recID":19,"timestamp":0,"world2head":{"data":[0.9809641,0.0203306563,-0.1931219,-0.03026331,0.0153412214,0.9832824,0.181439623,-0.0124187358,0.193582162,-0.180948481,0.9642529,0.03822502,0.0,0.0,0.0,1.0]},"headPose":{"x":0.0224780571,"y":0.0197431576,"z":-0.0404498428}},{"recID":20,"timestamp":0,"world2head":{"data":[0.9808033,0.0203736033,-0.193932444,-0.0302556828,0.0156537089,0.9830911,0.182446629,-0.012190301,0.194370359,-0.181980014,0.9639001,0.0382355,0.0,0.0,0.0,1.0]},"headPose":{"x":0.0224338472,"y":0.0195586924,"z":-0.04049868}},{"recID":21,"timestamp":0,"world2head":{"data":[0.980680764,0.0206075162,-0.194526419,-0.0302423891,0.0157798119,0.9828607,0.183673128,-0.0121809375,0.194977418,-0.1831943,0.9635474,0.0383672081,0.0,0.0,0.0,1.0]},"headPose":{"x":0.0223696046,"y":0.01962404,"z":-0.0406142548}},{"recID":22,"timestamp":0,"world2head":{"data":[0.980440855,0.0208494477,-0.195706591,-0.0302941017,0.0157231577,0.98289746,0.183481276,-0.0121538369,0.196185008,-0.18296966,0.963345,0.03833185,0.0,0.0,0.0,1.0]},"headPose":{"x":0.0223725364,"y":0.0195911564,"z":-0.04062555}},{"recID":23,"timestamp":0,"world2head":{"data":[0.98030895,0.021649383,-0.196279585,-0.0302444249,0.0153770288,0.9825848,0.185177639,-0.0120826047,0.1968703,-0.1845495,0.962903738,0.0385531932,0.0,0.0,0.0,1.0]},"headPose":{"x":0.0222446974,"y":0.0196419284,"z":-0.0408219472}},{"recID":24,"timestamp":0,"world2head":{"data":[0.980269134,0.02186921,-0.196453884,-0.0302334577,0.0150480215,0.9827205,0.184483156,-0.01223381,0.19709374,-0.1837994,0.9630015,0.038555108,0.0,0.0,0.0,1.0]},"headPose":{"x":0.0222220514,"y":0.019770002,"z":-0.0408111736}},{"recID":25,"timestamp":0,"world2head":{"data":[0.9803501,0.0218873955,-0.196047574,-0.03009518,0.0146864569,0.982969165,0.183182642,-0.0124015361,0.196718127,-0.18246235,0.9633325,0.03876654,0.0,0.0,0.0,1.0]},"headPose":{"x":0.0220598672,"y":0.0199224688,"z":-0.04097341}},{"recID":26,"timestamp":0,"world2head":{"data":[0.980496347,0.0224470813,-0.195251316,-0.0299900174,0.0138334464,0.9831102,0.18249096,-0.0125130927,0.196049958,-0.181632712,0.963625431,0.03886208,0.0,0.0,0.0,1.0]},"headPose":{"x":0.0219592936,"y":0.0200335626,"z":-0.04102055}},{"recID":27,"timestamp":0,"world2head":{"data":[0.9806622,0.0221471842,-0.194450751,-0.0299280975,0.0136136841,0.9834499,0.18066822,-0.0126989679,0.195233867,-0.179821685,0.96413064,0.03881345,0.0,0.0,0.0,1.0]},"headPose":{"x":0.0219445359,"y":0.0201311223,"z":-0.0409464762}},{"recID":28,"timestamp":0,"world2head":{"data":[0.980732,0.0224560928,-0.194063023,-0.0299267545,0.0131201986,0.983557463,0.1801181,-0.0125664659,0.194916889,-0.17919372,0.964311659,0.03884716,0.0,0.0,0.0,1.0]},"headPose":{"x":0.0219430327,"y":0.0199930482,"z":-0.041005}},{"recID":29,"timestamp":0,"world2head":{"data":[0.980652034,0.022813987,-0.194425225,-0.0298749413,0.0130163068,0.9833889,0.181043833,-0.0123223662,0.195325941,-0.180071712,0.9640653,0.0388049223,0.0,0.0,0.0,1.0]},"headPose":{"x":0.0218777042,"y":0.0197869129,"z":-0.0409880355}},{"recID":30,"timestamp":0,"world2head":{"data":[0.980639756,0.0241785273,-0.194322035,-0.0297848769,0.0118763456,0.9831776,0.18226552,-0.0123398267,0.195459977,-0.181044638,0.9638559,0.03886745,0.0,0.0,0.0,1.0]},"headPose":{"x":0.0217577554,"y":0.01988914,"z":-0.0410013571}},{"recID":31,"timestamp":0,"world2head":{"data":[0.9806862,0.0246329214,-0.19403033,-0.02970912,0.0113539118,0.9831947,0.1822065,-0.0122916773,0.195257887,-0.1808904,0.963925838,0.03878672,0.0,0.0,0.0,1.0]},"headPose":{"x":0.0217014719,"y":0.01983308,"z":-0.0409123674}},{"recID":32,"timestamp":0,"world2head":{"data":[0.980841041,0.0244228709,-0.1932729,-0.0296273679,0.0114761945,0.983143449,0.182475209,-0.0120853269,0.194471553,-0.1811972,0.964027166,0.0387610048,0.0,0.0,0.0,1.0]},"headPose":{"x":0.0216605179,"y":0.0196285825,"z":-0.040887557}},{"recID":33,"timestamp":0,"world2head":{"data":[0.9808146,0.02449219,-0.193398327,-0.0296743233,0.0115654217,0.983018041,0.1831443,-0.0123248864,0.194599628,-0.181867331,0.9638751,0.0387446,0.0,0.0,0.0,1.0]},"headPose":{"x":0.0217078663,"y":0.0198887512,"z":-0.0408266857}},{"recID":34,"timestamp":0,"world2head":{"data":[0.98058176,0.0247604232,-0.1945413,-0.0298296064,0.0113071222,0.983209,0.18213217,-0.01251775,0.19578445,-0.180795178,0.9638369,0.0386358947,0.0,0.0,0.0,1.0]},"headPose":{"x":0.0218276028,"y":0.0200313423,"z":-0.0407619029}},{"recID":35,"timestamp":0,"world2head":{"data":[0.9801628,0.0258867573,-0.196496174,-0.03006538,0.0100839678,0.9836356,0.179886788,-0.0130496351,0.197937325,-0.178299814,0.963862,0.0384370051,0.0,0.0,0.0,1.0]},"headPose":{"x":0.0219924413,"y":0.0204676911,"z":-0.0406082422}},{"recID":36,"timestamp":0,"world2head":{"data":[0.979701757,0.0280621313,-0.1984867,-0.0303402022,0.00688794348,0.984856,0.173237234,-0.0142195066,0.200342223,-0.17108798,0.9646719,0.0381457359,0.0,0.0,0.0,1.0]},"headPose":{"x":0.0221800916,"y":0.021381855,"z":-0.0403568968}},{"recID":37,"timestamp":0,"world2head":{"data":[0.978994548,0.0304387584,-0.201601475,-0.0306304619,0.00315440912,0.9864134,0.164251536,-0.0142876785,0.203862011,-0.1614373,0.9655974,0.03791753,0.0,0.0,0.0,1.0]},"headPose":{"x":0.0223021824,"y":0.0211472157,"z":-0.04044144}},{"recID":38,"timestamp":0,"world2head":{"data":[0.97839,0.0330618136,-0.2041078,-0.0309103578,0.0008582249,0.9864757,0.1639053,-0.0146783562,0.206766412,-0.160538465,0.965129554,0.0381838121,0.0,0.0,0.0,1.0]},"headPose":{"x":0.0223598517,"y":0.0216317642,"z":-0.04075551}},{"recID":39,"timestamp":0,"world2head":{"data":[0.977812469,0.0348013043,-0.206571221,-0.0312377214,-0.00195102207,0.987574,0.15714255,-0.01567953,0.209473133,-0.153252929,0.9657301,0.0384390764,0.0,0.0,0.0,1.0]},"headPose":{"x":0.0224620886,"y":0.0224627126,"z":-0.0411106646}},{"recID":40,"timestamp":0,"world2head":{"data":[0.977311969,0.03536507,-0.208831608,-0.0313767865,-0.00253365934,0.987843454,0.15543136,-0.0155640813,0.211789787,-0.15137583,0.9655208,0.03900049,0.0,0.0,0.0,1.0]},"headPose":{"x":0.02236557,"y":0.02238825,"z":-0.041789107}},{"recID":41,"timestamp":0,"world2head":{"data":[0.977237046,0.03507638,-0.209230453,-0.0314864255,-0.00275130756,0.98824954,0.1528245,-0.0160072166,0.212132424,-0.148770109,0.965850532,0.03920266,0.0,0.0,0.0,1.0]},"headPose":{"x":0.0224095043,"y":0.0227557383,"z":-0.04200554}},{"recID":42,"timestamp":0,"world2head":{"data":[0.9769829,0.0347720534,-0.2104647,-0.0315996222,-0.00300323032,0.9887694,0.149419084,-0.0161180813,0.213296667,-0.145347819,0.9661152,0.0395656265,0.0,0.0,0.0,1.0]},"headPose":{"x":0.0223846659,"y":0.0227866266,"z":-0.0424672067}},{"recID":43,"timestamp":0,"world2head":{"data":[0.976779759,0.03534104,-0.211310953,-0.0319012962,-0.00366907567,0.988915741,0.148432583,-0.0161535423,0.214214474,-0.144210637,0.9660825,0.040062692,0.0,0.0,0.0,1.0]},"headPose":{"x":0.0225192625,"y":0.0228793826,"z":-0.04304725}},{"recID":44,"timestamp":0,"world2head":{"data":[0.976678967,0.0347709581,-0.211870611,-0.0321883745,-0.00288541056,0.9888359,0.148980781,-0.0162273012,0.21468547,-0.144895062,0.965875566,0.0402627029,0.0,0.0,0.0,1.0]},"headPose":{"x":0.02274707,"y":0.0229992233,"z":-0.0432909727}},{"recID":45,"timestamp":0,"world2head":{"data":[0.9765898,0.03317579,-0.21253629,-0.0323952027,-0.0009026509,0.9886587,0.150176764,-0.0160837974,0.215108082,-0.146469265,0.965544045,0.04048145,0.0,0.0,0.0,1.0]},"headPose":{"x":0.022914419,"y":0.02290541,"z":-0.0435563661}},{"recID":46,"timestamp":0,"world2head":{"data":[0.976526737,0.0314553343,-0.213087156,-0.03259645,0.00109319109,0.988543,0.1509358,-0.0159329176,0.215393558,-0.147625774,0.965304255,0.04069514,0.0,0.0,0.0,1.0]},"headPose":{"x":0.023083251,"y":0.0227833558,"z":-0.0438242257}},{"recID":47,"timestamp":0,"world2head":{"data":[0.9765505,0.0294369981,-0.2132663,-0.0327099375,0.0034920834,0.988311768,0.15240629,-0.0157057475,0.215259984,-0.149577186,0.9650336,0.0407427773,0.0,0.0,0.0,1.0]},"headPose":{"x":0.0232274644,"y":0.0225792453,"z":-0.04390042}},{"recID":48,"timestamp":0,"world2head":{"data":[0.9765731,0.0278746262,-0.213372976,-0.03286318,0.00550045446,0.988016963,0.154247269,-0.01567706,0.2151157,-0.151807383,0.964717448,0.0407695025,0.0,0.0,0.0,1.0]},"headPose":{"x":0.0234093685,"y":0.0225943588,"z":-0.04392502}},{"recID":49,"timestamp":0,"world2head":{"data":[0.976594448,0.0272038784,-0.213361815,-0.0329897664,0.00609641336,0.9880701,0.153884426,-0.01577175,0.215002671,-0.151583418,0.9647778,0.04067685,0.0,0.0,0.0,1.0]},"headPose":{"x":0.0235681422,"y":0.02264698,"z":-0.0438558571}},{"recID":50,"timestamp":0,"world2head":{"data":[0.9765728,0.02684027,-0.2135068,-0.0331300572,0.00651423261,0.9880486,0.154005,-0.0155772511,0.215088621,-0.151787922,0.964726567,0.04044122,0.0,0.0,0.0,1.0]},"headPose":{"x":0.0237569418,"y":0.02241879,"z":-0.043689236}},{"recID":51,"timestamp":0,"world2head":{"data":[0.976585746,0.0269104559,-0.213438675,-0.03319148,0.00631351955,0.9881329,0.153471708,-0.0155247059,0.215035751,-0.151225835,0.9648266,0.0402094126,0.0,0.0,0.0,1.0]},"headPose":{"x":0.02386588,"y":0.0223143715,"z":-0.0434968546}},{"recID":52,"timestamp":0,"world2head":{"data":[0.9765248,0.0261249319,-0.213815019,-0.0332429633,0.00745824445,0.9879221,0.1547719,-0.0154743949,0.215275988,-0.152733266,0.964535534,0.0399244241,0.0,0.0,0.0,1.0]},"headPose":{"x":0.0239832178,"y":0.0222537555,"z":-0.04322137}},{"recID":53,"timestamp":0,"world2head":{"data":[0.9764749,0.0265309457,-0.21399276,-0.0332474858,0.007170001,0.9878582,0.155192822,-0.0153844105,0.2155119,-0.153076231,0.9644285,0.0394860059,0.0,0.0,0.0,1.0]},"headPose":{"x":0.0240659378,"y":0.0221240725,"z":-0.0428086}},{"recID":54,"timestamp":0,"world2head":{"data":[0.9764136,0.0264276676,-0.214285016,-0.0333299,0.00778450724,0.987526238,0.1572621,-0.0150438445,0.215768129,-0.155220971,0.9640283,0.03901445,0.0,0.0,0.0,1.0]},"headPose":{"x":0.0242428,"y":0.0217928831,"z":-0.0423873067}},{"recID":55,"timestamp":0,"world2head":{"data":[0.9763217,0.0267539322,-0.214662835,-0.03333448,0.008497405,0.9868138,0.161636516,-0.0142155932,0.216156647,-0.159633324,0.963220358,0.0384954251,0.0,0.0,0.0,1.0]},"headPose":{"x":0.0243449286,"y":0.0210651234,"z":-0.0419374928}},{"recID":56,"timestamp":0,"world2head":{"data":[0.9762857,0.0261598025,-0.214899823,-0.0333892331,0.0110735577,0.9853383,0.1702524,-0.0137148127,0.216202781,-0.168594673,0.961681962,0.03760259,0.0,0.0,0.0,1.0]},"headPose":{"x":0.0246195178,"y":0.0207267813,"z":-0.0410020873}},{"recID":57,"timestamp":0,"world2head":{"data":[0.9759205,0.0264240075,-0.216520026,-0.0338192135,0.0128278788,0.9839647,0.1779017,-0.0126789864,0.217748925,-0.1763954,0.9599323,0.0363831669,0.0,0.0,0.0,1.0]},"headPose":{"x":0.0252451133,"y":0.0197871365,"z":-0.0399923027}},{"recID":58,"timestamp":0,"world2head":{"data":[0.975498736,0.0276769083,-0.218257129,-0.0341164134,0.0134433638,0.9827029,0.18470031,-0.0116648041,0.219593853,-0.183109045,0.958253443,0.03566502,0.0,0.0,0.0,1.0]},"headPose":{"x":0.0256055128,"y":0.0189378615,"z":-0.03946778}},{"recID":59,"timestamp":0,"world2head":{"data":[0.973760247,0.02810771,-0.225834,-0.0353624,0.01961315,0.978286266,0.206328109,-0.009432445,0.2267297,-0.20534341,0.952065,0.0344682932,0.0,0.0,0.0,1.0]},"headPose":{"x":0.0268045124,"y":0.0172994267,"z":-0.03885591}},{"recID":60,"timestamp":0,"world2head":{"data":[0.97185725,0.0281539466,-0.233882025,-0.0359902158,0.0236070212,0.976195037,0.215606138,-0.009188173,0.234384641,-0.215059653,0.9480576,0.03436351,0.0,0.0,0.0,1.0]},"headPose":{"x":0.0271399822,"y":0.01737292,"z":-0.0390150249}},{"recID":61,"timestamp":0,"world2head":{"data":[0.969591439,0.0311982427,-0.242732674,-0.0367942527,0.023339482,0.975532353,0.218613565,-0.009785397,0.243613929,-0.2176311,0.945139647,0.0338836052,0.0,0.0,0.0,1.0]},"headPose":{"x":0.0276492573,"y":0.0180680137,"z":-0.038816683}},{"recID":62,"timestamp":0,"world2head":{"data":[0.9682659,0.0325736254,-0.247790441,-0.0369841233,0.0214612447,0.9769708,0.212290958,-0.0109012332,0.2489991,-0.21087198,0.945268452,0.03373478,0.0,0.0,0.0,1.0]},"headPose":{"x":0.027644489,"y":0.0189686157,"z":-0.0387385041}},{"recID":63,"timestamp":0,"world2head":{"data":[0.967641652,0.03140403,-0.250366479,-0.0371804163,0.0212025084,0.9785965,0.204693168,-0.0108850664,0.251435965,-0.203378052,0.9462649,0.0333488919,0.0,0.0,0.0,1.0]},"headPose":{"x":0.027823,"y":0.0186021365,"z":-0.03863752}},{"recID":64,"timestamp":0,"world2head":{"data":[0.967628062,0.0299925953,-0.250592083,-0.03692104,0.02154563,0.979472,0.2004256,-0.01129361,0.2514592,-0.199336588,0.947118342,0.03336521,0.0,0.0,0.0,1.0]},"headPose":{"x":0.0275791734,"y":0.01882004,"z":-0.0385893956}},{"recID":65,"timestamp":0,"world2head":{"data":[0.9681087,0.029408928,-0.24879837,-0.0368754938,0.0211934149,0.979913056,0.198296,-0.0109178759,0.249632448,-0.197244957,0.948039055,0.0334371142,0.0,0.0,0.0,1.0]},"headPose":{"x":0.0275838878,"y":0.01837834,"z":-0.0387092829}},{"recID":66,"timestamp":0,"world2head":{"data":[0.968611,0.0273407362,-0.2470734,-0.03686825,0.0232732072,0.9795931,0.199639,-0.010837961,0.247489676,-0.199122712,0.948208332,0.0336956978,0.0,0.0,0.0,1.0]},"headPose":{"x":0.02762389,"y":0.0183343757,"z":-0.0388960242}},{"recID":67,"timestamp":0,"world2head":{"data":[0.9691286,0.0256762616,-0.245215178,-0.0368164629,0.0248080231,0.979360461,0.200593144,-0.0105271162,0.245304525,-0.200483859,0.9484893,0.0340453275,0.0,0.0,0.0,1.0]},"headPose":{"x":0.0275895689,"y":0.018080689,"z":-0.039207913}},{"recID":68,"timestamp":0,"world2head":{"data":[0.9694705,0.0248462949,-0.243945926,-0.03692008,0.0259473268,0.9788727,0.202817589,-0.01030178,0.243831277,-0.202955425,0.9483435,0.0342493579,0.0,0.0,0.0,1.0]},"headPose":{"x":0.02770917,"y":0.01795255,"z":-0.0393972769}},{"recID":69,"timestamp":0,"world2head":{"data":[0.969741344,0.0244409032,-0.242908046,-0.0372365,0.0267969668,0.978308141,0.205414608,-0.00994787551,0.242659435,-0.20570825,0.9480509,0.0345752537,0.0,0.0,0.0,1.0]},"headPose":{"x":0.0279863365,"y":0.0177545939,"z":-0.0397807062}},{"recID":70,"timestamp":0,"world2head":{"data":[0.969588041,0.0237631574,-0.243586332,-0.0377655029,0.02797721,0.9779894,0.206770539,-0.009751436,0.243138373,-0.207297117,0.947582,0.03475835,0.0,0.0,0.0,1.0]},"headPose":{"x":0.02843871,"y":0.0176395345,"z":-0.04011924}},{"recID":71,"timestamp":0,"world2head":{"data":[0.9690706,0.021890074,-0.245810762,-0.0382929854,0.0307278223,0.977604,0.208197758,-0.009710961,0.244863048,-0.20931156,0.9466947,0.0349807143,0.0,0.0,0.0,1.0]},"headPose":{"x":0.02884152,"y":0.0176535789,"z":-0.0405070856}},{"recID":72,"timestamp":0,"world2head":{"data":[0.9685251,0.0211249329,-0.248017728,-0.0388824828,0.03216151,0.977419853,0.2088446,-0.009811486,0.246829271,-0.210247874,0.9459763,0.0350342952,0.0,0.0,0.0,1.0]},"headPose":{"x":0.0293267276,"y":0.0177772176,"z":-0.04073608}},{"recID":73,"timestamp":0,"world2head":{"data":[0.9680089,0.0201901346,-0.2501022,-0.03954703,0.03301079,0.9778461,0.206705824,-0.0102786552,0.248734877,-0.208349153,0.9458972,0.03495045,0.0,0.0,0.0,1.0]},"headPose":{"x":0.02992779,"y":0.0181312989,"z":-0.0408256724}},{"recID":74,"timestamp":0,"world2head":{"data":[0.9674725,0.0172098987,-0.2523902,-0.0399366245,0.03552452,0.978554964,0.202899471,-0.0106875021,0.250469565,-0.205265686,0.946113646,0.0348021053,0.0,0.0,0.0,1.0]},"headPose":{"x":0.0303003863,"y":0.0182892922,"z":-0.04083787}},{"recID":75,"timestamp":0,"world2head":{"data":[0.9672081,0.01496921,-0.253543854,-0.04023,0.0376289524,0.9787997,0.201333568,-0.0106501859,0.251182437,-0.204272047,0.9461397,0.0348136947,0.0,0.0,0.0,1.0]},"headPose":{"x":0.0305669475,"y":0.0181380734,"z":-0.040994443}},{"recID":76,"timestamp":0,"world2head":{"data":[0.967044532,0.0140121505,-0.25422138,-0.04044533,0.0387764126,0.978731155,0.201449037,-0.0104474975,0.2516371,-0.204667985,0.9459333,0.03489311,0.0,0.0,0.0,1.0]},"headPose":{"x":0.03073715,"y":0.01793352,"z":-0.0411839858}},{"recID":77,"timestamp":0,"world2head":{"data":[0.967241,0.0146140605,-0.253439,-0.0406186059,0.038103532,0.9786741,0.20185411,-0.0105466433,0.250984132,-0.204898477,0.946056843,0.03500524,0.0,0.0,0.0,1.0]},"headPose":{"x":0.03090408,"y":0.01808785,"z":-0.0412824079}},{"recID":78,"timestamp":0,"world2head":{"data":[0.967490137,0.0133951483,-0.252553761,-0.040738754,0.0386789069,0.979012132,0.2000979,-0.0104646431,0.249933541,-0.203361258,0.9466665,0.0349780433,0.0,0.0,0.0,1.0]},"headPose":{"x":0.0310769156,"y":0.0179038942,"z":-0.0413073152}},{"recID":79,"timestamp":0,"world2head":{"data":[0.967641056,0.0118036438,-0.252054453,-0.0407209843,0.0402255356,0.978914857,0.20026879,-0.0105473613,0.24910374,-0.203927323,0.9467634,0.03505777,0.0,0.0,0.0,1.0]},"headPose":{"x":0.0310945474,"y":0.0179548617,"z":-0.04134301}},{"recID":80,"timestamp":0,"world2head":{"data":[0.9678699,0.0117498478,-0.2511768,-0.0407362655,0.04014791,0.9788719,0.200494453,-0.010636176,0.248225674,-0.204136774,0.9469489,0.03522576,0.0,0.0,0.0,1.0]},"headPose":{"x":0.0311104879,"y":0.0180809721,"z":-0.0414565057}},{"recID":81,"timestamp":0,"world2head":{"data":[0.967922449,0.0125619248,-0.250934958,-0.0407628343,0.0394084379,0.9787966,0.201007769,-0.01047457,0.248139322,-0.2044489,0.9469042,0.0352384076,0.0,0.0,0.0,1.0]},"headPose":{"x":0.0311240125,"y":0.0179689862,"z":-0.04149074}},{"recID":82,"timestamp":0,"world2head":{"data":[0.967922568,0.013042354,-0.250909954,-0.0407987125,0.0386417545,0.979042351,0.199957177,-0.010518318,0.24825938,-0.203238651,0.947133243,0.0351385847,0.0,0.0,0.0,1.0]},"headPose":{"x":0.0311729573,"y":0.0179715082,"z":-0.0414145067}},{"recID":83,"timestamp":0,"world2head":{"data":[0.9679863,0.0129916938,-0.250666529,-0.0407991037,0.0386287235,0.9790518,0.199913457,-0.0103981849,0.248012736,-0.203196421,0.9472069,0.035026975,0.0,0.0,0.0,1.0]},"headPose":{"x":0.03120751,"y":0.017827766,"z":-0.0413260236}},{"recID":84,"timestamp":0,"world2head":{"data":[0.9680963,0.0120960735,-0.2502862,-0.0407482,0.03957443,0.9789182,0.2003823,-0.0104699749,0.247433543,-0.2038943,0.9472084,0.0349484235,0.0,0.0,0.0,1.0]},"headPose":{"x":0.0312151145,"y":0.0178679265,"z":-0.0412041545}},{"recID":85,"timestamp":0,"world2head":{"data":[0.9680002,0.0114589669,-0.2506878,-0.040637102,0.04023034,0.978950739,0.200092435,-0.0104842838,0.247703865,-0.20377478,0.947163463,0.034777686,0.0,0.0,0.0,1.0]},"headPose":{"x":0.031143941,"y":0.01781607,"z":-0.04102955}},{"recID":86,"timestamp":0,"world2head":{"data":[0.9680218,0.0122435922,-0.250567019,-0.0405331366,0.0395315923,0.9788845,0.200555161,-0.0105102062,0.247731686,-0.2040471,0.94709754,0.0345447324,0.0,0.0,0.0,1.0]},"headPose":{"x":0.0310946219,"y":0.0178333,"z":-0.04076562}},{"recID":87,"timestamp":0,"world2head":{"data":[0.9681021,0.0128273368,-0.250227571,-0.040424753,0.0388244241,0.9789465,0.2003907,-0.0103829848,0.2475299,-0.2037136,0.9472221,0.03435909,0.0,0.0,0.0,1.0]},"headPose":{"x":0.0310334973,"y":0.0176823419,"z":-0.04058042}},{"recID":88,"timestamp":0,"world2head":{"data":[0.9681044,0.0128723523,-0.250216156,-0.040263813,0.03917474,0.9786193,0.201914936,-0.010072967,0.247465476,-0.2052769,0.9469014,0.03424921,0.0,0.0,0.0,1.0]},"headPose":{"x":0.0308986846,"y":0.0174064618,"z":-0.0404713973}},{"recID":89,"timestamp":0,"world2head":{"data":[0.968436241,0.01374216,-0.248882279,-0.04007912,0.03845774,0.978285849,0.203661084,-0.009946879,0.246276751,-0.206804216,0.94687897,0.0341661,0.0,0.0,0.0,1.0]},"headPose":{"x":0.03078229,"y":0.0173473582,"z":-0.0403003544}},{"recID":90,"timestamp":0,"world2head":{"data":[0.9685533,0.0139305331,-0.248415858,-0.04003934,0.0383858122,0.9781109,0.204513162,-0.009741034,0.245827228,-0.207617551,0.9468178,0.03399715,0.0,0.0,0.0,1.0]},"headPose":{"x":0.0307967272,"y":0.0171439853,"z":-0.04014334}},{"recID":91,"timestamp":0,"world2head":{"data":[0.9685232,0.0137884952,-0.248541,-0.0399073921,0.03890231,0.9778115,0.205842644,-0.00974504,0.245864511,-0.209032208,0.9464968,0.0339821875,0.0,0.0,0.0,1.0]},"headPose":{"x":0.03067533,"y":0.017182447,"z":-0.04007671}},{"recID":92,"timestamp":0,"world2head":{"data":[0.9684494,0.0139934355,-0.248817116,-0.039879106,0.0386645533,0.9778957,0.205487415,-0.009728567,0.246192664,-0.208624557,0.946501434,0.033887174,0.0,0.0,0.0,1.0]},"headPose":{"x":0.0306542739,"y":0.0171412658,"z":-0.0399977639}},{"recID":93,"timestamp":0,"world2head":{"data":[0.9683938,0.0145845376,-0.248999476,-0.039740663,0.037988387,0.978018761,0.205027252,-0.009707524,0.246516377,-0.2080062,0.9465533,0.03388101,0.0,0.0,0.0,1.0]},"headPose":{"x":0.03050116,"y":0.0171212014,"z":-0.0399752781}},{"recID":94,"timestamp":0,"world2head":{"data":[0.9683558,0.0153774144,-0.249099553,-0.0397202335,0.03725527,0.9780104,0.205201641,-0.009697501,0.246777415,-0.207988456,0.946489155,0.0337822363,0.0,0.0,0.0,1.0]},"headPose":{"x":0.03048791,"y":0.0171213653,"z":-0.0398788676}},{"recID":95,"timestamp":0,"world2head":{"data":[0.968397558,0.0158733353,-0.248906121,-0.03966312,0.03654656,0.9781697,0.204568744,-0.009663802,0.246719614,-0.207200527,0.946677,0.0337422825,0.0,0.0,0.0,1.0]},"headPose":{"x":0.0304379631,"y":0.0170738436,"z":-0.0398385227}},{"recID":96,"timestamp":0,"world2head":{"data":[0.9685363,0.0161401816,-0.248348311,-0.0396234021,0.03629925,0.978061736,0.2051282,-0.009530257,0.2462108,-0.207688957,0.9467025,0.0337230079,0.0,0.0,0.0,1.0]},"headPose":{"x":0.0304196756,"y":0.0169646051,"z":-0.0398111343}},{"recID":97,"timestamp":0,"world2head":{"data":[0.9685669,0.01613205,-0.248229653,-0.03963369,0.0362864323,0.978058,0.205148414,-0.009505557,0.246092469,-0.207707331,0.9467292,0.03368402,0.0,0.0,0.0,1.0]},"headPose":{"x":0.0304434225,"y":0.0169327762,"z":-0.0397778526}},{"recID":98,"timestamp":0,"world2head":{"data":[0.9686807,0.0159515627,-0.247796863,-0.0395792834,0.0365340933,0.977918148,0.20577015,-0.009562412,0.2456074,-0.2083786,0.946707666,0.033722192,0.0,0.0,0.0,1.0]},"headPose":{"x":0.03040662,"y":0.0170095935,"z":-0.0397650227}},{"recID":99,"timestamp":0,"world2head":{"data":[0.968686163,0.0161417,-0.247763157,-0.0396132469,0.0363286,0.9779307,0.20574677,-0.009487524,0.245616317,-0.208304942,0.946721554,0.0336567871,0.0,0.0,0.0,1.0]},"headPose":{"x":0.0304508153,"y":0.01692844,"z":-0.03972628}},{"recID":100,"timestamp":0,"world2head":{"data":[0.9687104,0.01671471,-0.247630149,-0.0396260321,0.0357811525,0.977901757,0.205980286,-0.009429406,0.245600849,-0.208395734,0.9467056,0.03373244,0.0,0.0,0.0,1.0]},"headPose":{"x":0.0304388329,"y":0.0169130675,"z":-0.0398050174}},{"recID":101,"timestamp":0,"world2head":{"data":[0.9687173,0.0169862621,-0.24758485,-0.039642103,0.0355566256,0.977861464,0.206210211,-0.009490447,0.245606422,-0.208562687,0.9466674,0.0337791145,0.0,0.0,0.0,1.0]},"headPose":{"x":0.0304430723,"y":0.0169987772,"z":-0.03983534}},{"recID":102,"timestamp":0,"world2head":{"data":[0.9687195,0.0172893628,-0.247555375,-0.03959687,0.03515897,0.97794497,0.2058821,-0.009553721,0.245655119,-0.2081458,0.946746469,0.03375626,0.0,0.0,0.0,1.0]},"headPose":{"x":0.0304017588,"y":0.0170538425,"z":-0.0397940949}},{"recID":103,"timestamp":0,"world2head":{"data":[0.9688931,0.0172340348,-0.246878833,-0.0395603366,0.0348400138,0.978138864,0.205013648,-0.009564583,0.245015,-0.207237557,0.947111547,0.0337542444,0.0,0.0,0.0,1.0]},"headPose":{"x":0.030392671,"y":0.0170324221,"z":-0.0397747755}},{"recID":104,"timestamp":0,"world2head":{"data":[0.968989432,0.0158985276,-0.2465902,-0.0396240428,0.03613185,0.9780859,0.20504266,-0.009646555,0.244446278,-0.207593918,0.94718045,0.03367905,0.0,0.0,0.0,1.0]},"headPose":{"x":0.03051111,"y":0.01705669,"z":-0.03969308}},{"recID":105,"timestamp":0,"world2head":{"data":[0.9689026,0.0164424069,-0.246895626,-0.0396702364,0.0359304175,0.977865636,0.206125751,-0.00934070349,0.244819954,-0.208586827,0.946865737,0.03370507,0.0,0.0,0.0,1.0]},"headPose":{"x":0.030520536,"y":0.01681666,"z":-0.0397832245}},{"recID":106,"timestamp":0,"world2head":{"data":[0.968850255,0.0173555762,-0.247038528,-0.0397862867,0.03521311,0.977750957,0.20679231,-0.00940818153,0.24513115,-0.209049776,0.9466831,0.03387188,0.0,0.0,0.0,1.0]},"headPose":{"x":0.03057519,"y":0.0169702824,"z":-0.03994914}},{"recID":107,"timestamp":0,"world2head":{"data":[0.9686804,0.0165666156,-0.2477578,-0.03983637,0.03594586,0.9779064,0.205929548,-0.009460471,0.245695487,-0.208385766,0.9466832,0.0338859931,0.0,0.0,0.0,1.0]},"headPose":{"x":0.0306031387,"y":0.0169727672,"z":-0.04000088}},{"recID":108,"timestamp":0,"world2head":{"data":[0.968665838,0.0158575475,-0.247860864,-0.03978821,0.0364893042,0.97804445,0.20517695,-0.009582756,0.245672539,-0.207792163,0.946819663,0.033960823,0.0,0.0,0.0,1.0]},"headPose":{"x":0.0305479039,"y":0.0170600973,"z":-0.04005055}},{"recID":109,"timestamp":0,"world2head":{"data":[0.968793,0.0158343446,-0.247364968,-0.039739117,0.03622248,0.978200257,0.204480216,-0.009511024,0.24521029,-0.20705916,0.9471,0.03408886,0.0,0.0,0.0,1.0]},"headPose":{"x":0.03048455,"y":0.0169913415,"z":-0.04017081}},{"recID":110,"timestamp":0,"world2head":{"data":[0.96876514,0.015914686,-0.247468874,-0.0394082926,0.0361875258,0.9781828,0.2045699,-0.009603694,0.245325461,-0.207135469,0.9470535,0.0337355547,0.0,0.0,0.0,1.0]},"headPose":{"x":0.03024872,"y":0.01700917,"z":-0.0397370756}},{"recID":111,"timestamp":0,"world2head":{"data":[0.968817651,0.0165746659,-0.247219861,-0.0393219553,0.03528705,0.9783601,0.20387806,-0.009629964,0.245249271,-0.206244335,0.9472677,0.03377599,0.0,0.0,0.0,1.0]},"headPose":{"x":0.0301520824,"y":0.0170394257,"z":-0.03975273}},{"recID":112,"timestamp":0,"world2head":{"data":[0.9689452,0.01599143,-0.2467579,-0.03927394,0.0356991477,0.978405833,0.203586742,-0.009720975,0.244685024,-0.206073448,0.947450757,0.0337724164,0.0,0.0,0.0,1.0]},"headPose":{"x":0.0301377233,"y":0.0170987044,"z":-0.0397098}},{"recID":113,"timestamp":0,"world2head":{"data":[0.9690502,0.0162873566,-0.24632585,-0.039126806,0.0352575779,0.9784605,0.2034009,-0.009566738,0.244332969,-0.205790535,0.9476031,0.03381644,0.0,0.0,0.0,1.0]},"headPose":{"x":0.0299906656,"y":0.01695705,"z":-0.03973662}},{"recID":114,"timestamp":0,"world2head":{"data":[0.9691799,0.0168811865,-0.245774925,-0.03916232,0.034839455,0.9782307,0.204575,-0.009507312,0.243878037,-0.206832647,0.947493434,0.0337978825,0.0,0.0,0.0,1.0]},"headPose":{"x":0.030044,"y":0.0169519577,"z":-0.03970343}},{"recID":115,"timestamp":0,"world2head":{"data":[0.969071567,0.0167307165,-0.24621205,-0.03915356,0.0350095481,0.978287935,0.204271987,-0.00958481,0.2442839,-0.206573948,0.9474453,0.0337579548,0.0,0.0,0.0,1.0]},"headPose":{"x":0.0300316382,"y":0.0170052852,"z":-0.03966599}},{"recID":116,"timestamp":0,"world2head":{"data":[0.9689677,0.01659012,-0.246630147,-0.03905358,0.0352297053,0.9782912,0.204218388,-0.00962659251,0.244664118,-0.206569731,0.9473481,0.0337857,0.0,0.0,0.0,1.0]},"headPose":{"x":0.0299146548,"y":0.0170446169,"z":-0.03967268}},{"recID":117,"timestamp":0,"world2head":{"data":[0.96886,0.0168112814,-0.247037828,-0.0390158221,0.0350894071,0.9783017,0.20419234,-0.00962604,0.245110273,-0.2065022,0.9472475,0.033752542,0.0,0.0,0.0,1.0]},"headPose":{"x":0.029865548,"y":0.0170430522,"z":-0.03964483}},{"recID":118,"timestamp":0,"world2head":{"data":[0.968906164,0.0168887936,-0.246851444,-0.0389068872,0.0348056555,0.9784444,0.203556255,-0.009658076,0.244968235,-0.205818728,0.947432935,0.03374192,0.0,0.0,0.0,1.0]},"headPose":{"x":0.0297675766,"y":0.0170516986,"z":-0.0396064669}},{"recID":119,"timestamp":0,"world2head":{"data":[0.969028234,0.0170817729,-0.2463586,-0.0387855321,0.0346688628,0.978315055,0.204200178,-0.009472694,0.244504422,-0.2064167,0.9474227,0.03376573,0.0,0.0,0.0,1.0]},"headPose":{"x":0.02965681,"y":0.0168996174,"z":-0.0396112427}},{"recID":120,"timestamp":0,"world2head":{"data":[0.9690892,0.01750841,-0.246088579,-0.0387735553,0.03420227,0.9783125,0.204291269,-0.009580359,0.244328335,-0.206393257,0.9474732,0.03373859,0.0,0.0,0.0,1.0]},"headPose":{"x":0.02965941,"y":0.0170148648,"z":-0.0395509526}},{"recID":121,"timestamp":0,"world2head":{"data":[0.9690955,0.01750943,-0.246063545,-0.03881964,0.03408706,0.9784044,0.20386976,-0.00962465,0.2443193,-0.205956846,0.9475705,0.0338075161,0.0,0.0,0.0,1.0]},"headPose":{"x":0.0296881869,"y":0.0170594,"z":-0.03962493}},{"recID":122,"timestamp":0,"world2head":{"data":[0.9688781,0.0178848542,-0.246891528,-0.03886558,0.0337729678,0.9785091,0.203418821,-0.009669924,0.245223731,-0.2054263,0.947452068,0.03373327,0.0,0.0,0.0,1.0]},"headPose":{"x":0.0297103934,"y":0.0170869157,"z":-0.03958919}},{"recID":123,"timestamp":0,"world2head":{"data":[0.96884656,0.01778797,-0.247022048,-0.0388415568,0.033814732,0.978575647,0.203091845,-0.009878133,0.245342359,-0.205117837,0.9474882,0.03382534,0.0,0.0,0.0,1.0]},"headPose":{"x":0.029666746,"y":0.0172955934,"z":-0.0396376625}},{"recID":124,"timestamp":0,"world2head":{"data":[0.96863234,0.018063914,-0.247840777,-0.0390366837,0.0330664776,0.9791158,0.200596213,-0.0101437718,0.246288374,-0.202499211,0.947805941,0.0337110944,0.0,0.0,0.0,1.0]},"headPose":{"x":0.0298449621,"y":0.0174635537,"z":-0.0395916551}},{"recID":125,"timestamp":0,"world2head":{"data":[0.968319,0.0183549989,-0.249040961,-0.0391353369,0.0324602239,0.979581535,0.198409438,-0.0105222585,0.247597724,-0.200207561,0.9479516,0.033366,0.0,0.0,0.0,1.0]},"headPose":{"x":0.0299756974,"y":0.0177058652,"z":-0.03928794}},{"recID":126,"timestamp":0,"world2head":{"data":[0.968452632,0.0198100284,-0.248409078,-0.0387040228,0.0294506289,0.9807509,0.193029374,-0.0108518172,0.24745135,-0.19425562,0.9492274,0.0329697169,0.0,0.0,0.0,1.0]},"headPose":{"x":0.0296442062,"y":0.01781421,"z":-0.03881547}},{"recID":127,"timestamp":0,"world2head":{"data":[0.969948769,0.02041234,-0.2424514,-0.0378012732,0.02800551,0.9804854,0.1945871,-0.01030247,0.241692036,-0.1955295,0.95044893,0.03346504,0.0,0.0,0.0,1.0]},"headPose":{"x":0.0288655944,"y":0.0174164362,"z":-0.0389670581}},{"recID":128,"timestamp":0,"world2head":{"data":[0.972173333,0.0187266581,-0.233512923,-0.0371179171,0.02835036,0.980068445,0.1966267,-0.0109026618,0.2325408,-0.1977754,0.952265561,0.0338146,0.0,0.0,0.0,1.0]},"headPose":{"x":0.02853087,"y":0.018068146,"z":-0.0387242362}},{"recID":129,"timestamp":0,"world2head":{"data":[0.9734195,0.0182774924,-0.228299126,-0.0369337425,0.0264935941,0.9811326,0.191512033,-0.0110046864,0.227492079,-0.19247,0.95456934,0.0335476957,0.0,0.0,0.0,1.0]},"headPose":{"x":0.02861174,"y":0.017929038,"z":-0.03834801}},{"recID":130,"timestamp":0,"world2head":{"data":[0.973539054,0.019093819,-0.227721676,-0.03692411,0.0258823559,0.9808781,0.192894235,-0.0110021662,0.22705029,-0.193684056,0.954429,0.03378758,0.0,0.0,0.0,1.0]},"headPose":{"x":0.0285603441,"y":0.0180409215,"z":-0.038534008}},{"recID":131,"timestamp":0,"world2head":{"data":[0.9727115,0.0222965572,-0.230944082,-0.03743831,0.02277522,0.9813889,0.190675229,-0.01141627,0.230897382,-0.1907318,0.9541005,0.03381589,0.0,0.0,0.0,1.0]},"headPose":{"x":0.0288686864,"y":0.0184883121,"z":-0.0387331173}},{"recID":132,"timestamp":0,"world2head":{"data":[0.972094,0.0233586784,-0.233425871,-0.0376432762,0.0219633784,0.9815977,0.189693168,-0.0115241241,0.233561292,-0.189526424,0.9536922,0.0338123143,0.0,0.0,0.0,1.0]},"headPose":{"x":0.0289486628,"y":0.0185996778,"z":-0.03884741}},{"recID":133,"timestamp":0,"world2head":{"data":[0.9709935,0.0246104356,-0.237836,-0.0379362777,0.0213605929,0.98178345,0.188798666,-0.0116076423,0.238149881,-0.1884026,0.952779651,0.0338737,0.0,0.0,0.0,1.0]},"headPose":{"x":0.0290168058,"y":0.0187117122,"z":-0.03910528}},{"recID":134,"timestamp":0,"world2head":{"data":[0.9705564,0.0252751317,-0.239544228,-0.0378545746,0.0206840429,0.982060969,0.187425748,-0.0116242431,0.239984259,-0.186862,0.9526228,0.0338702537,0.0,0.0,0.0,1.0]},"headPose":{"x":0.028852107,"y":0.0187015589,"z":-0.03915474}},{"recID":135,"timestamp":0,"world2head":{"data":[0.971464455,0.0246598944,-0.235899776,-0.037413273,0.0203317478,0.982261658,0.186409846,-0.0117022824,0.236312151,-0.185886785,0.953730941,0.03441958,0.0,0.0,0.0,1.0]},"headPose":{"x":0.0284498278,"y":0.018815456,"z":-0.03947138}},{"recID":136,"timestamp":0,"world2head":{"data":[0.9722772,0.0235963743,-0.232637554,-0.03721698,0.02081796,0.982209444,0.186631158,-0.01178512,0.232902616,-0.186300263,0.954488635,0.0345415249,0.0,0.0,0.0,1.0]},"headPose":{"x":0.0283857509,"y":0.018888738,"z":-0.0394280925}},{"recID":137,"timestamp":0,"world2head":{"data":[0.972741,0.0242612623,-0.230621561,-0.0372262076,0.01964461,0.9823158,0.186198309,-0.01179669,0.231060609,-0.1856532,0.95506227,0.03475379,0.0,0.0,0.0,1.0]},"headPose":{"x":0.0284129679,"y":0.01894338,"z":-0.039580673}},{"recID":138,"timestamp":0,"world2head":{"data":[0.9727225,0.02447853,-0.230676949,-0.03739407,0.0192207415,0.9824924,0.185308591,-0.011999784,0.231174439,-0.1846876,0.9552219,0.0348365679,0.0,0.0,0.0,1.0]},"headPose":{"x":0.0285513718,"y":0.01913893,"z":-0.03967894}},{"recID":139,"timestamp":0,"world2head":{"data":[0.972615361,0.0252395887,-0.231046155,-0.03746847,0.0182530563,0.9827209,0.184191242,-0.0120880585,0.23170279,-0.183364525,0.9553488,0.0349423029,0.0,0.0,0.0,1.0]},"headPose":{"x":0.0285668243,"y":0.019232057,"z":-0.03981252}},{"recID":140,"timestamp":0,"world2head":{"data":[0.9725356,0.0247177221,-0.231437922,-0.03767185,0.0186288245,0.982889056,0.183254227,-0.0122423042,0.232007414,-0.182532683,0.955434144,0.03505026,0.0,0.0,0.0,1.0]},"headPose":{"x":0.0287333541,"y":0.019361807,"z":-0.039963454}},{"recID":141,"timestamp":0,"world2head":{"data":[0.9723895,0.0234766379,-0.232179925,-0.0377289951,0.01969577,0.983120739,0.181894854,-0.01252062,0.232531175,-0.181445614,0.955513835,0.03512415,0.0,0.0,0.0,1.0]},"headPose":{"x":0.02876642,"y":0.0195681527,"z":-0.04004409}},{"recID":142,"timestamp":0,"world2head":{"data":[0.972378552,0.0223268233,-0.232339084,-0.0377508,0.0207020268,0.9832418,0.181126982,-0.0124662817,0.2324895,-0.1809339,0.955621064,0.0350457132,0.0,0.0,0.0,1.0]},"headPose":{"x":0.0288183857,"y":0.0194411818,"z":-0.0400034264}},{"recID":143,"timestamp":0,"world2head":{"data":[0.972639561,0.0215698034,-0.231315866,-0.0374629833,0.0211845748,0.9832976,0.180767953,-0.0126236044,0.23135145,-0.180722386,0.9559372,0.03514986,0.0,0.0,0.0,1.0]},"headPose":{"x":0.0285734329,"y":0.0195731968,"z":-0.0399848968}},{"recID":144,"timestamp":0,"world2head":{"data":[0.973207951,0.02105326,-0.2289607,-0.03711816,0.0211214367,0.983402669,0.180202931,-0.012505684,0.2289544,-0.180210918,0.9566106,0.03521543,0.0,0.0,0.0,1.0]},"headPose":{"x":0.0283250976,"y":0.019425787,"z":-0.0399324968}},{"recID":145,"timestamp":0,"world2head":{"data":[0.9739648,0.02137401,-0.225689366,-0.0367577635,0.0201211572,0.9834658,0.179972589,-0.0127082393,0.225804523,-0.1798281,0.957431,0.0352698229,0.0,0.0,0.0,1.0]},"headPose":{"x":0.0280923881,"y":0.019626284,"z":-0.0397771224}},{"recID":146,"timestamp":0,"worl