[{"recID":0,"timestamp":0,"world2head":{"data":[0.98836416,0.006253086,-0.151977628,-0.1083273,0.147192,0.2126025,0.9659889,-0.325139374,0.0383512229,-0.9771186,0.20920831,0.17097351,0.0,0.0,0.0,1.0]},"headPose":{"x":0.148367688,"y":0.2368643,"z":0.261848658}},{"recID":1,"timestamp":0,"world2head":{"data":[0.988628566,0.0125274211,-0.1498555,-0.10706009,0.142810464,0.233933151,0.961707056,-0.334227145,0.04710388,-0.972171962,0.229483962,0.162440464,0.0,0.0,0.0,1.0]},"headPose":{"x":0.145922229,"y":0.237448066,"z":0.2681076}},{"recID":2,"timestamp":0,"world2head":{"data":[0.988628566,0.0125274211,-0.1498555,-0.10706009,0.142810464,0.233933151,0.961707056,-0.334227145,0.04710388,-0.972171962,0.229483962,0.162440464,0.0,0.0,0.0,1.0]},"headPose":{"x":0.145922229,"y":0.237448066,"z":0.2681076}},{"recID":3,"timestamp":0,"world2head":{"data":[0.988628566,0.0125274211,-0.1498555,-0.10706009,0.142810464,0.233933151,0.961707056,-0.334227145,0.04710388,-0.972171962,0.229483962,0.162440464,0.0,0.0,0.0,1.0]},"headPose":{"x":0.145922229,"y":0.237448066,"z":0.2681076}},{"recID":4,"timestamp":0,"world2head":{"data":[0.988628566,0.0125274211,-0.1498555,-0.10706009,0.142810464,0.233933151,0.961707056,-0.334227145,0.04710388,-0.972171962,0.229483962,0.162440464,0.0,0.0,0.0,1.0]},"headPose":{"x":0.145922229,"y":0.237448066,"z":0.2681076}},{"recID":5,"timestamp":0,"world2head":{"data":[0.988628566,0.0125274211,-0.1498555,-0.10706009,0.142810464,0.233933151,0.961707056,-0.334227145,0.04710388,-0.972171962,0.229483962,0.162440464,0.0,0.0,0.0,1.0]},"headPose":{"x":0.145922229,"y":0.237448066,"z":0.2681076}},{"recID":6,"timestamp":0,"world2head":{"data":[0.988628566,0.0125274211,-0.1498555,-0.10706009,0.142810464,0.233933151,0.961707056,-0.334227145,0.04710388,-0.972171962,0.229483962,0.162440464,0.0,0.0,0.0,1.0]},"headPose":{"x":0.145922229,"y":0.237448066,"z":0.2681076}},{"recID":7,"timestamp":0,"world2head":{"data":[0.988628566,0.0125274211,-0.1498555,-0.10706009,0.142810464,0.233933151,0.961707056,-0.334227145,0.04710388,-0.972171962,0.229483962,0.162440464,0.0,0.0,0.0,1.0]},"headPose":{"x":0.145922229,"y":0.237448066,"z":0.2681076}},{"recID":8,"timestamp":0,"world2head":{"data":[0.988628566,0.0125274211,-0.1498555,-0.10706009,0.142810464,0.233933151,0.961707056,-0.334227145,0.04710388,-0.972171962,0.229483962,0.162440464,0.0,0.0,0.0,1.0]},"headPose":{"x":0.145922229,"y":0.237448066,"z":0.2681076}},{"recID":9,"timestamp":0,"world2head":{"data":[0.988628566,0.0125274211,-0.1498555,-0.10706009,0.142810464,0.233933151,0.961707056,-0.334227145,0.04710388,-0.972171962,0.229483962,0.162440464,0.0,0.0,0.0,1.0]},"headPose":{"x":0.145922229,"y":0.237448066,"z":0.2681076}},{"recID":10,"timestamp":0,"world2head":{"data":[0.988628566,0.0125274211,-0.1498555,-0.10706009,0.142810464,0.233933151,0.961707056,-0.334227145,0.04710388,-0.972171962,0.229483962,0.162440464,0.0,0.0,0.0,1.0]},"headPose":{"x":0.145922229,"y":0.237448066,"z":0.2681076}},{"recID":11,"timestamp":0,"world2head":{"data":[0.988628566,0.0125274211,-0.1498555,-0.10706009,0.142810464,0.233933151,0.961707056,-0.334227145,0.04710388,-0.972171962,0.229483962,0.162440464,0.0,0.0,0.0,1.0]},"headPose":{"x":0.145922229,"y":0.237448066,"z":0.2681076}},{"recID":12,"timestamp":0,"world2head":{"data":[0.988628566,0.0125274211,-0.1498555,-0.10706009,0.142810464,0.233933151,0.961707056,-0.334227145,0.04710388,-0.972171962,0.229483962,0.162440464,0.0,0.0,0.0,1.0]},"headPose":{"x":0.145922229,"y":0.237448066,"z":0.2681076}},{"recID":13,"timestamp":0,"world2head":{"data":[0.988628566,0.0125274211,-0.1498555,-0.10706009,0.142810464,0.233933151,0.961707056,-0.334227145,0.04710388,-0.972171962,0.229483962,0.162440464,0.0,0.0,0.0,1.0]},"headPose":{"x":0.145922229,"y":0.237448066,"z":0.2681076}},{"recID":14,"timestamp":0,"world2head":{"data":[0.988601,0.0127663091,-0.15001677,-0.10696011,0.142893255,0.234327972,0.961598754,-0.334249079,0.047429204,-0.9720739,0.229832649,0.162297636,0.0,0.0,0.0,1.0]},"headPose":{"x":0.145805165,"y":0.237454638,"z":0.268066317}},{"recID":15,"timestamp":0,"world2head":{"data":[0.9886145,0.0129511505,-0.149912149,-0.107007116,0.142726958,0.234777808,0.9615136,-0.334352344,0.04764875,-0.97196275,0.230256259,0.16224353,0.0,0.0,0.0,1.0]},"headPose":{"x":0.145779163,"y":0.237579048,"z":0.268085063}},{"recID":16,"timestamp":0,"world2head":{"data":[0.988690436,0.0142356157,-0.149293676,-0.107370056,0.141610309,0.239119,0.960608542,-0.335424274,0.04937381,-0.970885932,0.234398723,0.161059469,0.0,0.0,0.0,1.0]},"headPose":{"x":0.145703167,"y":0.238105163,"z":0.268429577}},{"recID":17,"timestamp":0,"world2head":{"data":[0.988727,0.014621906,-0.149014115,-0.107481837,0.141170949,0.240622759,0.9602976,-0.335376054,0.04989757,-0.9705086,0.235846043,0.160619512,0.0,0.0,0.0,1.0]},"headPose":{"x":0.145601019,"y":0.238153324,"z":0.268163055}},{"recID":18,"timestamp":0,"world2head":{"data":[0.988591433,0.0150014609,-0.149872944,-0.107239068,0.141848937,0.241900861,0.9598765,-0.3358621,0.05065394,-0.970185,0.237013161,0.160450354,0.0,0.0,0.0,1.0]},"headPose":{"x":0.145529866,"y":0.238520592,"z":0.268285036}},{"recID":19,"timestamp":0,"world2head":{"data":[0.9886527,0.0150583312,-0.14946273,-0.107288055,0.141346186,0.243639469,0.9595109,-0.336016119,0.05086367,-0.9697491,0.2387464,0.160033211,0.0,0.0,0.0,1.0]},"headPose":{"x":0.145425349,"y":0.238674372,"z":0.268168181}},{"recID":20,"timestamp":0,"world2head":{"data":[0.9887504,0.0154318064,-0.148776829,-0.107654653,0.140512243,0.245137334,0.959251761,-0.3362072,0.05127373,-0.9693655,0.240211308,0.159688845,0.0,0.0,0.0,1.0]},"headPose":{"x":0.145496964,"y":0.238875136,"z":0.2681318}},{"recID":21,"timestamp":0,"world2head":{"data":[0.9887108,0.0156135932,-0.149020731,-0.107650906,0.140660644,0.245974064,0.9590159,-0.3363573,0.0516289361,-0.9691507,0.24100101,0.159412041,0.0,0.0,0.0,1.0]},"headPose":{"x":0.145517573,"y":0.238910243,"z":0.2681113}},{"recID":22,"timestamp":0,"world2head":{"data":[0.98858887,0.01617717,-0.149767756,-0.1074934,0.141208142,0.246735811,0.9587397,-0.3363022,0.05246278,-0.9689478,0.241635919,0.159187317,0.0,0.0,0.0,1.0]},"headPose":{"x":0.145403981,"y":0.2389609,"z":0.267861843}},{"recID":23,"timestamp":0,"world2head":{"data":[0.988608956,0.0162834823,-0.149623558,-0.107426323,0.141051963,0.246562719,0.9588072,-0.336145163,0.05250432,-0.96899,0.241457283,0.159261465,0.0,0.0,0.0,1.0]},"headPose":{"x":0.145254642,"y":0.23895292,"z":0.267770052}},{"recID":24,"timestamp":0,"world2head":{"data":[0.9887602,0.016265098,-0.148622841,-0.107601285,0.1400605,0.247032762,0.9588316,-0.335834265,0.0523102172,-0.9688707,0.241978109,0.15914394,0.0,0.0,0.0,1.0]},"headPose":{"x":0.145104125,"y":0.238902077,"z":0.267507076}},{"recID":25,"timestamp":0,"world2head":{"data":[0.988879859,0.0161584765,-0.1478363,-0.107675627,0.139332324,0.24687016,0.958979368,-0.335680485,0.0519920066,-0.9689138,0.2418735,0.159264848,0.0,0.0,0.0,1.0]},"headPose":{"x":0.144968912,"y":0.2389233,"z":0.267470419}},{"recID":26,"timestamp":0,"world2head":{"data":[0.9891415,0.0156742223,-0.146128058,-0.107841425,0.1378618,0.245563865,0.9595274,-0.334982246,0.0509236269,-0.9692538,0.240736544,0.159784734,0.0,0.0,0.0,1.0]},"headPose":{"x":0.144714862,"y":0.23882179,"z":0.267199874}},{"recID":27,"timestamp":0,"world2head":{"data":[0.989227653,0.0149651356,-0.14561817,-0.107694142,0.137579232,0.244766772,0.9597715,-0.3349332,0.0500056036,-0.969466567,0.240071177,0.160078168,0.0,0.0,0.0,1.0]},"headPose":{"x":0.144609079,"y":0.23878257,"z":0.267346919}},{"recID":28,"timestamp":0,"world2head":{"data":[0.9894604,0.0134377219,-0.144178912,-0.107312754,0.136569217,0.244381011,0.960014045,-0.334543616,0.048135,-0.9695863,0.239970148,0.160346881,0.0,0.0,0.0,1.0]},"headPose":{"x":0.144151792,"y":0.238668218,"z":0.267215818}},{"recID":29,"timestamp":0,"world2head":{"data":[0.9896312,0.0126766525,-0.1430713,-0.107164085,0.135698274,0.24395138,0.9602468,-0.334270358,0.0470751673,-0.969704747,0.239701688,0.1606527,0.0,0.0,0.0,1.0]},"headPose":{"x":0.143850088,"y":0.23868981,"z":0.267141134}},{"recID":30,"timestamp":0,"world2head":{"data":[0.990038931,0.0110574663,-0.140359208,-0.107351743,0.133496165,0.243069768,0.9607789,-0.334028,0.0447408743,-0.969945848,0.2391724,0.161482,0.0,0.0,0.0,1.0]},"headPose":{"x":0.143649012,"y":0.23900792,"z":0.267237127}},{"recID":31,"timestamp":0,"world2head":{"data":[0.9901608,0.0107671469,-0.1395191,-0.107417449,0.132714868,0.243847191,0.96069,-0.334128916,0.0443652347,-0.969753861,0.240018964,0.161182046,0.0,0.0,0.0,1.0]},"headPose":{"x":0.143553555,"y":0.238939881,"z":0.267320752}},{"recID":32,"timestamp":0,"world2head":{"data":[0.990389943,0.0109288581,-0.1378706,-0.107772753,0.131067112,0.244055629,0.9608633,-0.333676428,0.0441492349,-0.9696997,0.240277827,0.161183357,0.0,0.0,0.0,1.0]},"headPose":{"x":0.143354923,"y":0.23891288,"z":0.267029941}},{"recID":33,"timestamp":0,"world2head":{"data":[0.990407944,0.01135616,-0.137706608,-0.107905351,0.130795956,0.244259,0.96084857,-0.3337327,0.04454763,-0.9696436,0.240430713,0.16098091,0.0,0.0,0.0,1.0]},"headPose":{"x":0.143349886,"y":0.238836676,"z":0.26710254}},{"recID":34,"timestamp":0,"world2head":{"data":[0.9904668,0.0118044689,-0.137245178,-0.108092755,0.130254835,0.243948162,0.961001039,-0.3332383,0.0448248126,-0.9697164,0.240085,0.161029562,0.0,0.0,0.0,1.0]},"headPose":{"x":0.143250048,"y":0.238721877,"z":0.266746342}},{"recID":35,"timestamp":0,"world2head":{"data":[0.99047035,0.011771407,-0.137222,-0.108076163,0.130287573,0.242922366,0.961256444,-0.332771629,0.0446496457,-0.969974339,0.239073753,0.161383271,0.0,0.0,0.0,1.0]},"headPose":{"x":0.143196553,"y":0.238647491,"z":0.2664659}},{"recID":36,"timestamp":0,"world2head":{"data":[0.9903629,0.0116794817,-0.138003409,-0.107868627,0.131168023,0.240744948,0.961684346,-0.33246398,0.04445561,-0.9705181,0.236892939,0.162138954,0.0,0.0,0.0,1.0]},"headPose":{"x":0.143229753,"y":0.238657683,"z":0.2664296}},{"recID":37,"timestamp":0,"world2head":{"data":[0.990284264,0.0115899965,-0.138573974,-0.107711904,0.131716281,0.24133271,0.9614622,-0.3325979,0.0445857868,-0.970373333,0.237461448,0.161756724,0.0,0.0,0.0,1.0]},"headPose":{"x":0.143261909,"y":0.23847951,"z":0.2664432}},{"recID":38,"timestamp":0,"world2head":{"data":[0.9901498,0.0110420734,-0.139576137,-0.107261971,0.132888228,0.2398225,0.961678743,-0.332294375,0.0440924428,-0.970754,0.235992849,0.1624713,0.0,0.0,0.0,1.0]},"headPose":{"x":0.143199667,"y":0.2385957,"z":0.266247123}},{"recID":39,"timestamp":0,"world2head":{"data":[0.990116358,0.0108682215,-0.139826477,-0.107168652,0.133151442,0.240285277,0.961526752,-0.3324475,0.0440483354,-0.9706415,0.236463308,0.1623569,0.0,0.0,0.0,1.0]},"headPose":{"x":0.143223748,"y":0.238637313,"z":0.2662807}},{"recID":40,"timestamp":0,"world2head":{"data":[0.990107834,0.0105314776,-0.139912561,-0.10698735,0.133253068,0.241650224,0.961170554,-0.3327858,0.04393245,-0.9703063,0.237856448,0.16188,0.0,0.0,0.0,1.0]},"headPose":{"x":0.143161952,"y":0.238617674,"z":0.26639083}},{"recID":41,"timestamp":0,"world2head":{"data":[0.9901645,0.009956874,-0.13955313,-0.106955938,0.133010566,0.242328823,0.9610332,-0.332959324,0.04338663,-0.9701431,0.238621056,0.161650628,0.0,0.0,0.0,1.0]},"headPose":{"x":0.143177614,"y":0.238574848,"z":0.266485721}},{"recID":42,"timestamp":0,"world2head":{"data":[0.9901561,0.009335745,-0.139655679,-0.106832676,0.133166075,0.244413674,0.96048373,-0.333285064,0.0431006141,-0.969626248,0.2407645,0.1609482,0.0,0.0,0.0,1.0]},"headPose":{"x":0.143226326,"y":0.238516346,"z":0.2664444}},{"recID":43,"timestamp":0,"world2head":{"data":[0.990121543,0.009049181,-0.139919415,-0.106719859,0.13349323,0.244362,0.9604513,-0.333134323,0.04288229,-0.969641864,0.24074012,0.161072925,0.0,0.0,0.0,1.0]},"headPose":{"x":0.143229634,"y":0.23855415,"z":0.2662504}},{"recID":44,"timestamp":0,"world2head":{"data":[0.9901679,0.009553112,-0.139557183,-0.106909528,0.133083522,0.242946625,0.960867167,-0.332782716,0.0430842265,-0.969992638,0.2392866,0.161696792,0.0,0.0,0.0,1.0]},"headPose":{"x":0.1431797,"y":0.238714457,"z":0.26614812}},{"recID":45,"timestamp":0,"world2head":{"data":[0.990300059,0.009373758,-0.138628811,-0.107104488,0.132208288,0.243338346,0.9608889,-0.332898736,0.04274086,-0.969896257,0.2397387,0.161718726,0.0,0.0,0.0,1.0]},"headPose":{"x":0.143165559,"y":0.238861337,"z":0.266260684}},{"recID":46,"timestamp":0,"world2head":{"data":[0.9903798,0.0082866475,-0.138127387,-0.10697563,0.131955326,0.243973613,0.9607625,-0.332980663,0.0416609459,-0.9697465,0.240533113,0.1617592,0.0,0.0,0.0,1.0]},"headPose":{"x":0.143146038,"y":0.238990366,"z":0.266230643}},{"recID":47,"timestamp":0,"world2head":{"data":[0.9903902,0.00768847,-0.138087392,-0.106883056,0.132052481,0.244162321,0.9607012,-0.333197117,0.04110206,-0.9697039,0.240800679,0.16194734,0.0,0.0,0.0,1.0]},"headPose":{"x":0.143199086,"y":0.239216924,"z":0.2663467}},{"recID":48,"timestamp":0,"world2head":{"data":[0.9904013,0.00689731538,-0.138049409,-0.106781736,0.132113323,0.24638778,0.9601246,-0.333969921,0.0406359881,-0.969146848,0.24311161,0.161503211,0.0,0.0,0.0,1.0]},"headPose":{"x":0.1433158,"y":0.239542916,"z":0.266648233}},{"recID":49,"timestamp":0,"world2head":{"data":[0.9904907,0.006725248,-0.137415439,-0.107009739,0.131454214,0.248456,0.9596819,-0.3341505,0.0405957922,-0.9686199,0.245209336,0.16094318,0.0,0.0,0.0,1.0]},"headPose":{"x":0.143384025,"y":0.239634126,"z":0.266508639}},{"recID":50,"timestamp":0,"world2head":{"data":[0.9905551,0.00645407662,-0.136963233,-0.107285693,0.131025642,0.2498244,0.959385157,-0.334570378,0.04040869,-0.9682696,0.246619165,0.1609234,0.0,0.0,0.0,1.0]},"headPose":{"x":0.143606976,"y":0.240093544,"z":0.2666009}},{"recID":51,"timestamp":0,"world2head":{"data":[0.990548134,0.006577641,-0.1370078,-0.107413992,0.1309489,0.251952171,0.958839238,-0.3351063,0.04082633,-0.967717469,0.24870944,0.160302863,0.0,0.0,0.0,1.0]},"headPose":{"x":0.14373596,"y":0.240265131,"z":0.266727656}},{"recID":52,"timestamp":0,"world2head":{"data":[0.990446746,0.00643291324,-0.137745529,-0.107270807,0.131615847,0.253914356,0.95823,-0.3353801,0.04113978,-0.9672053,0.250642,0.159887522,0.0,0.0,0.0,1.0]},"headPose":{"x":0.143809617,"y":0.240491971,"z":0.266520679}},{"recID":53,"timestamp":0,"world2head":{"data":[0.9904333,0.00587405264,-0.137867361,-0.107113078,0.131912783,0.252986,0.9584348,-0.335221231,0.04050842,-0.967452168,0.2497909,0.16044946,0.0,0.0,0.0,1.0]},"headPose":{"x":0.143808767,"y":0.240662619,"z":0.266441435}},{"recID":54,"timestamp":0,"world2head":{"data":[0.990474761,0.0055763945,-0.137581661,-0.10720481,0.131653488,0.2543609,0.9581065,-0.335590482,0.0403381921,-0.967093349,0.2512039,0.160128519,0.0,0.0,0.0,1.0]},"headPose":{"x":0.143906012,"y":0.2408181,"z":0.266557038}},{"recID":55,"timestamp":0,"world2head":{"data":[0.990617752,0.00540494174,-0.136555091,-0.107587211,0.130682558,0.254869461,0.958104134,-0.335552156,0.0399822257,-0.9669603,0.251771867,0.160084322,0.0,0.0,0.0,1.0]},"headPose":{"x":0.144028082,"y":0.2408987,"z":0.2664976}},{"recID":56,"timestamp":0,"world2head":{"data":[0.9907456,0.00548766553,-0.135620862,-0.10815011,0.129740179,0.255305469,0.9581162,-0.335702121,0.039882578,-0.9668449,0.252230763,0.160000145,0.0,0.0,0.0,1.0]},"headPose":{"x":0.1443221,"y":0.240995377,"z":0.266617268}},{"recID":57,"timestamp":0,"world2head":{"data":[0.990799,0.00523497537,-0.135240152,-0.108349539,0.129395187,0.256295919,0.9578984,-0.33609,0.03967607,-0.9665842,0.253260374,0.159897283,0.0,0.0,0.0,1.0]},"headPose":{"x":0.144496948,"y":0.241259888,"z":0.266791224}},{"recID":58,"timestamp":0,"world2head":{"data":[0.9906659,0.00451459,-0.136237547,-0.108167954,0.130418777,0.2593128,0.956947148,-0.337090015,0.03964837,-0.9657828,0.2563036,0.159047157,0.0,0.0,0.0,1.0]},"headPose":{"x":0.1448152,"y":0.2415051,"z":0.2670764}},{"recID":59,"timestamp":0,"world2head":{"data":[0.9905922,0.00427693874,-0.136780262,-0.108048826,0.130961865,0.2603379,0.956594646,-0.337272,0.03970038,-0.965508163,0.2573285,0.1588335,0.0,0.0,0.0,1.0]},"headPose":{"x":0.144896343,"y":0.2416218,"z":0.2669812}},{"recID":60,"timestamp":0,"world2head":{"data":[0.9906189,0.00302094221,-0.136620075,-0.107927561,0.1310778,0.261659145,0.9562182,-0.337760657,0.0386365727,-0.965155661,0.2588085,0.158760667,0.0,0.0,0.0,1.0]},"headPose":{"x":0.145054042,"y":0.241932914,"z":0.267139137}},{"recID":61,"timestamp":0,"world2head":{"data":[0.9905894,0.002564922,-0.136843443,-0.107889943,0.131383911,0.262352884,0.955986,-0.337967545,0.0383533053,-0.964968562,0.259547,0.158705577,0.0,0.0,0.0,1.0]},"headPose":{"x":0.145191237,"y":0.2420894,"z":0.267136663}},{"recID":62,"timestamp":0,"world2head":{"data":[0.990507364,0.00236066431,-0.1374392,-0.107950509,0.1319682,0.2634508,0.95560354,-0.338661432,0.0384643376,-0.96467,0.260638416,0.158660367,0.0,0.0,0.0,1.0]},"headPose":{"x":0.145515546,"y":0.242530346,"z":0.267436445}},{"recID":63,"timestamp":0,"world2head":{"data":[0.990462959,0.00243725628,-0.137757838,-0.108078852,0.132182151,0.26527983,0.9550679,-0.339186519,0.0388721265,-0.9641684,0.2624277,0.158243954,0.0,0.0,0.0,1.0]},"headPose":{"x":0.145731226,"y":0.242816567,"z":0.267529815}},{"recID":64,"timestamp":0,"world2head":{"data":[0.9901982,0.004153669,-0.139607519,-0.10851153,0.13336876,0.268710136,0.953943253,-0.3404705,0.0414763168,-0.963212132,0.2655223,0.15728125,0.0,0.0,0.0,1.0]},"headPose":{"x":0.1463326,"y":0.243433788,"z":0.2678788}},{"recID":65,"timestamp":0,"world2head":{"data":[0.990082,0.00537692,-0.140387386,-0.108844012,0.1336977,0.270896375,0.953278661,-0.3413041,0.04315614,-0.962593555,0.267490745,0.1566412,0.0,0.0,0.0,1.0]},"headPose":{"x":0.146636054,"y":0.243825063,"z":0.26817748}},{"recID":66,"timestamp":0,"world2head":{"data":[0.989727259,0.00781232864,-0.142754659,-0.109381735,0.134956121,0.278518856,0.950901747,-0.343569577,0.0471886359,-0.960399032,0.274603426,0.153975531,0.0,0.0,0.0,1.0]},"headPose":{"x":0.147359014,"y":0.244423091,"z":0.268803954}},{"recID":67,"timestamp":0,"world2head":{"data":[0.9895023,0.00907211751,-0.144231841,-0.109613806,0.135837555,0.2822736,0.9496682,-0.34471035,0.04932834,-0.959291041,0.27807802,0.152697086,0.0,0.0,0.0,1.0]},"headPose":{"x":0.147755444,"y":0.244778,"z":0.269088984}},{"recID":68,"timestamp":0,"world2head":{"data":[0.9889095,0.0136873648,-0.1478876,-0.1102445,0.137526214,0.2915753,0.94661,-0.347054422,0.0560769774,-0.95645,0.2864592,0.1492088,0.0,0.0,0.0,1.0]},"headPose":{"x":0.148383722,"y":0.245412186,"z":0.2694791}},{"recID":69,"timestamp":0,"world2head":{"data":[0.9887631,0.0153057165,-0.1487054,-0.110510588,0.137663752,0.2945642,0.9456641,-0.347666353,0.0582773574,-0.9555091,0.2891472,0.148448959,0.0,0.0,0.0,1.0]},"headPose":{"x":0.148478627,"y":0.245945826,"z":0.269418478}},{"recID":70,"timestamp":0,"world2head":{"data":[0.988532543,0.01856251,-0.149862677,-0.111687295,0.137722045,0.296214581,0.945139945,-0.3483072,0.0619356744,-0.954941,0.290261269,0.148340136,0.0,0.0,0.0,1.0]},"headPose":{"x":0.149188563,"y":0.246902943,"z":0.2694039}},{"recID":71,"timestamp":0,"world2head":{"data":[0.9884267,0.0203605033,-0.1503268,-0.112268031,0.137513235,0.298160374,0.9445584,-0.3491426,0.06405318,-0.9542986,0.291909873,0.1477973,0.0,0.0,0.0,1.0]},"headPose":{"x":0.149513558,"y":0.247429088,"z":0.2697652}},{"recID":72,"timestamp":0,"world2head":{"data":[0.9879374,0.022672426,-0.1531851,-0.112358689,0.1392261,0.303017139,0.9427602,-0.350670576,0.06779237,-0.9527154,0.296205342,0.1462903,0.0,0.0,0.0,1.0]},"headPose":{"x":0.149908483,"y":0.248179644,"z":0.2700546}},{"recID":73,"timestamp":0,"world2head":{"data":[0.9876969,0.0236519463,-0.154581457,-0.112332463,0.140180126,0.3042283,0.9422287,-0.3509702,0.0693136,-0.952305555,0.2971698,0.145836085,0.0,0.0,0.0,1.0]},"headPose":{"x":0.150041044,"y":0.248312414,"z":0.269991517}},{"recID":74,"timestamp":0,"world2head":{"data":[0.987487257,0.0245074965,-0.1557827,-0.112067431,0.14100416,0.3051371,0.9418117,-0.351308167,0.07061653,-0.9519931,0.297863364,0.145400345,0.0,0.0,0.0,1.0]},"headPose":{"x":0.1499334,"y":0.248363748,"z":0.2700985}},{"recID":75,"timestamp":0,"world2head":{"data":[0.987555861,0.0246399529,-0.155326247,-0.112199262,0.140525877,0.305183172,0.9418681,-0.351483434,0.07061053,-0.9519748,0.2979229,0.145281151,0.0,0.0,0.0,1.0]},"headPose":{"x":0.149937183,"y":0.248335421,"z":0.270341}},{"recID":76,"timestamp":0,"world2head":{"data":[0.988273561,0.0223963335,-0.151042223,-0.112597778,0.136495918,0.3138005,0.9396267,-0.353072971,0.06844133,-0.9492248,0.3070637,0.141649589,0.0,0.0,0.0,1.0]},"headPose":{"x":0.149775743,"y":0.247773513,"z":0.271254271}},{"recID":77,"timestamp":0,"world2head":{"data":[0.988485634,0.02054613,-0.149913281,-0.112160578,0.135833323,0.316063166,0.938964,-0.3531044,0.06667415,-0.948515654,0.309633076,0.14099291,0.0,0.0,0.0,1.0]},"headPose":{"x":0.149431884,"y":0.247641757,"z":0.2710819}},{"recID":78,"timestamp":0,"world2head":{"data":[0.9889828,0.0137416832,-0.14739117,-0.110748008,0.135780379,0.3123893,0.9402004,-0.352517515,0.05896338,-0.9498549,0.307081819,0.143493727,0.0,0.0,0.0,1.0]},"headPose":{"x":0.148931965,"y":0.247942731,"z":0.27104947}},{"recID":79,"timestamp":0,"world2head":{"data":[0.9892715,0.0110426508,-0.145670533,-0.110572442,0.134990767,0.3121184,0.940404058,-0.352994621,0.0558510274,-0.9499792,0.307279229,0.144020081,0.0,0.0,0.0,1.0]},"headPose":{"x":0.148993522,"y":0.248213157,"z":0.271596}},{"recID":80,"timestamp":0,"world2head":{"data":[0.989662051,0.008395717,-0.143173069,-0.1105987,0.133035019,0.319202423,0.938302457,-0.354690373,0.05357891,-0.9476494,0.3147856,0.141501471,0.0,0.0,0.0,1.0]},"headPose":{"x":0.149060085,"y":0.248240337,"z":0.272429466}},{"recID":81,"timestamp":0,"world2head":{"data":[0.989707232,0.00736965239,-0.1429169,-0.110359609,0.133089364,0.319671154,0.9381352,-0.3543935,0.0526001453,-0.947499931,0.3154,0.141647771,0.0,0.0,0.0,1.0]},"headPose":{"x":0.148939028,"y":0.248313919,"z":0.272021055}},{"recID":82,"timestamp":0,"world2head":{"data":[0.9897895,0.00745464861,-0.142341986,-0.110591143,0.132586956,0.318416655,0.9386328,-0.3544446,0.05232123,-0.9479216,0.3141771,0.1423715,0.0,0.0,0.0,1.0]},"headPose":{"x":0.149007618,"y":0.2486425,"z":0.2722217}},{"recID":83,"timestamp":0,"world2head":{"data":[0.990055859,0.00757467747,-0.140470579,-0.110950187,0.130601972,0.321557343,0.937840044,-0.354303032,0.05227318,-0.9468598,0.317370474,0.141461819,0.0,0.0,0.0,1.0]},"headPose":{"x":0.1487249,"y":0.248713687,"z":0.271798581}},{"recID":84,"timestamp":0,"world2head":{"data":[0.9902408,0.005610302,-0.1392541,-0.110416919,0.1304829,0.313719034,0.9405077,-0.35294354,0.0489631966,-0.9494994,0.309925318,0.145113826,0.0,0.0,0.0,1.0]},"headPose":{"x":0.148287177,"y":0.249130011,"z":0.2715956}},{"recID":85,"timestamp":0,"world2head":{"data":[0.990368366,0.004560001,-0.138382629,-0.110405929,0.129948437,0.3143646,0.940366149,-0.353222966,0.0477906875,-0.949291468,0.310744226,0.145063266,0.0,0.0,0.0,1.0]},"headPose":{"x":0.148310632,"y":0.249251544,"z":0.271803021}},{"recID":86,"timestamp":0,"world2head":{"data":[0.990412533,0.00370649248,-0.13809146,-0.110241674,0.130022854,0.312628448,0.94093436,-0.352423638,0.0466588847,-0.949868262,0.3091492,0.145764589,0.0,0.0,0.0,1.0]},"headPose":{"x":0.148206651,"y":0.24904342,"z":0.2713211}},{"recID":87,"timestamp":0,"world2head":{"data":[0.990336359,0.00360249728,-0.138639644,-0.110060126,0.130655646,0.311001062,0.941385865,-0.352332681,0.0465084128,-0.950402737,0.307524979,0.14646408,0.0,0.0,0.0,1.0]},"headPose":{"x":0.148218974,"y":0.2491722,"z":0.271381}},{"recID":88,"timestamp":0,"world2head":{"data":[0.9903873,0.003927164,-0.138265982,-0.110275447,0.1301538,0.311951816,0.9411409,-0.352324545,0.0468283333,-0.9500898,0.308442,0.145884827,0.0,0.0,0.0,1.0]},"headPose":{"x":0.148240238,"y":0.248945028,"z":0.271342635}},{"recID":89,"timestamp":0,"world2head":{"data":[0.9903834,0.004063189,-0.138290212,-0.110323906,0.130194321,0.310746372,0.941534,-0.3518629,0.04679882,-0.9504842,0.307229042,0.146279186,0.0,0.0,0.0,1.0]},"headPose":{"x":0.148227826,"y":0.248824432,"z":0.2710929}},{"recID":90,"timestamp":0,"world2head":{"data":[0.9904161,0.00443506241,-0.138044208,-0.110680379,0.130061448,0.306369,0.9429858,-0.3509705,0.0464746766,-0.9519025,0.302855968,0.147695526,0.0,0.0,0.0,1.0]},"headPose":{"x":0.148403272,"y":0.248609081,"z":0.2709509}},{"recID":91,"timestamp":0,"world2head":{"data":[0.9904066,0.004684411,-0.1381047,-0.110856041,0.13007462,0.305734873,0.94318974,-0.351130366,0.04664172,-0.952105165,0.3021925,0.147753179,0.0,0.0,0.0,1.0]},"headPose":{"x":0.148574233,"y":0.248548657,"z":0.2712229}},{"recID":92,"timestamp":0,"world2head":{"data":[0.9902534,0.004778683,-0.139195532,-0.110490426,0.131129414,0.304834,0.9433353,-0.350159466,0.046939455,-0.952393651,0.301236331,0.147632733,0.0,0.0,0.0,1.0]},"headPose":{"x":0.148399919,"y":0.247872934,"z":0.2704656}},{"recID":93,"timestamp":0,"world2head":{"data":[0.990235031,0.00466898829,-0.139329717,-0.110386111,0.131505579,0.3004284,0.9446953,-0.3489899,0.0462693721,-0.953793,0.296880722,0.1491728,0.0,0.0,0.0,1.0]},"headPose":{"x":0.148300171,"y":0.2476418,"z":0.270022482}},{"recID":94,"timestamp":0,"world2head":{"data":[0.990433931,0.00331420451,-0.137948155,-0.110349044,0.130918354,0.293317318,0.9470088,-0.347678065,0.0436011776,-0.956009567,0.2900775,0.1517052,0.0,0.0,0.0,1.0]},"headPose":{"x":0.14819634,"y":0.247377247,"z":0.270025373}},{"recID":95,"timestamp":0,"world2head":{"data":[0.990487933,0.00230351835,-0.13758038,-0.110213481,0.130959868,0.2910638,0.947698,-0.346647859,0.04222772,-0.9567009,0.28799355,0.152432963,0.0,0.0,0.0,1.0]},"headPose":{"x":0.148125187,"y":0.246983275,"z":0.269454539}},{"recID":96,"timestamp":0,"world2head":{"data":[0.9904303,0.0007138401,-0.138012111,-0.109865814,0.132354856,0.278502643,0.9512721,-0.343431979,0.0391158,-0.9604352,0.275743,0.15678902,0.0,0.0,0.0,1.0]},"headPose":{"x":0.148136392,"y":0.24631086,"z":0.268300951}},{"recID":97,"timestamp":0,"world2head":{"data":[0.990330458,0.0003158003,-0.138727978,-0.109702349,0.1333874,0.2726339,0.95282656,-0.342190564,0.03812285,-0.962117732,0.269955516,0.1586359,0.0,0.0,0.0,1.0]},"headPose":{"x":0.148237839,"y":0.245953828,"z":0.268004864}},{"recID":98,"timestamp":0,"world2head":{"data":[0.990107536,0.0003803894,-0.1403102,-0.109680295,0.135224313,0.26422286,0.9549349,-0.340121746,0.0374364,-0.9644616,0.261557579,0.16083549,0.0,0.0,0.0,1.0]},"headPose":{"x":0.1485669,"y":0.245029286,"z":0.2673371}},{"recID":99,"timestamp":0,"world2head":{"data":[0.9899525,0.000913493335,-0.1413974,-0.109671339,0.136319876,0.259476185,0.95608,-0.33908987,0.0375626348,-0.9657491,0.256744564,0.1624269,0.0,0.0,0.0,1.0]},"headPose":{"x":0.148692921,"y":0.244949549,"z":0.266987562}},{"recID":100,"timestamp":0,"world2head":{"data":[0.989861846,0.00212941319,-0.142017454,-0.110111393,0.136773467,0.255299032,0.9571393,-0.338732,0.03829507,-0.9668599,0.252419531,0.163752362,0.0,0.0,0.0,1.0]},"headPose":{"x":0.149053708,"y":0.245037973,"z":0.267241627}},{"recID":101,"timestamp":0,"world2head":{"data":[0.9897816,0.00228838623,-0.1425733,-0.110131472,0.137255639,0.255678773,0.9569688,-0.339172184,0.03864288,-0.9667591,0.252752066,0.163500682,0.0,0.0,0.0,1.0]},"headPose":{"x":0.149241254,"y":0.24503693,"z":0.26755026}},{"recID":102,"timestamp":0,"world2head":{"data":[0.9895494,0.00233717263,-0.144175425,-0.1098039,0.138646677,0.259254634,0.9558056,-0.339787781,0.0396120436,-0.9658063,0.256221235,0.161976412,0.0,0.0,0.0,1.0]},"headPose":{"x":0.149350613,"y":0.244785979,"z":0.2674382}},{"recID":103,"timestamp":0,"world2head":{"data":[0.989622533,0.00194595754,-0.143678278,-0.109872557,0.138295546,0.258542657,0.9560492,-0.3392599,0.0390073843,-0.965997934,0.2555905,0.16222854,0.0,0.0,0.0,1.0]},"headPose":{"x":0.149322376,"y":0.244639367,"z":0.267098755}},{"recID":104,"timestamp":0,"world2head":{"data":[0.989603,0.0006967783,-0.14382419,-0.1096137,0.138846487,0.256219864,0.9565946,-0.338793278,0.03751716,-0.9666184,0.253459215,0.163090989,0.0,0.0,0.0,1.0]},"headPose":{"x":0.1493956,"y":0.244528636,"z":0.266985774}},{"recID":105,"timestamp":0,"world2head":{"data":[0.9896174,0.000269524753,-0.143726692,-0.109655969,0.138910174,0.2549231,0.956931651,-0.338692576,0.03689717,-0.9669613,0.252238929,0.163543671,0.0,0.0,0.0,1.0]},"headPose":{"x":0.149530992,"y":0.244510531,"z":0.267093062}},{"recID":106,"timestamp":0,"world2head":{"data":[0.989666,0.000154614449,-0.143391714,-0.109896258,0.138591155,0.255556881,0.956808865,-0.3386325,0.0367926769,-0.9667941,0.252894521,0.163096666,0.0,0.0,0.0,1.0]},"headPose":{"x":0.1496913,"y":0.2442377,"z":0.267002076}},{"recID":107,"timestamp":0,"world2head":{"data":[0.98965,-3.951043E-05,-0.143502161,-0.1098589,0.13879618,0.254256,0.957125664,-0.338398963,0.036448475,-0.967137,0.251629949,0.163643241,0.0,0.0,0.0,1.0]},"headPose":{"x":0.1497258,"y":0.244301066,"z":0.266947776}},{"recID":108,"timestamp":0,"world2head":{"data":[0.989724755,-9.331852E-05,-0.142985612,-0.110078827,0.1382885,0.254832685,0.957045734,-0.3388514,0.0363481,-0.966985166,0.252227128,0.163212985,0.0,0.0,0.0,1.0]},"headPose":{"x":0.149874508,"y":0.244164675,"z":0.2673899}},{"recID":109,"timestamp":0,"world2head":{"data":[0.98976773,-0.000223271549,-0.142687827,-0.110215262,0.1379863,0.25608772,0.9567544,-0.3390453,0.0363269858,-0.9666535,0.2534982,0.162779152,0.0,0.0,0.0,1.0]},"headPose":{"x":0.149957821,"y":0.244151786,"z":0.267392457}},{"recID":110,"timestamp":0,"world2head":{"data":[0.989779949,-0.0005674064,-0.142601892,-0.11024265,0.137972042,0.25658226,0.956624,-0.33922112,0.0360463262,-0.9665223,0.254038274,0.162707716,0.0,0.0,0.0,1.0]},"headPose":{"x":0.150053978,"y":0.244236186,"z":0.2674522}},{"recID":111,"timestamp":0,"world2head":{"data":[0.9897989,-0.000624239445,-0.142470047,-0.110280126,0.1378467,0.256914258,0.956552863,-0.339315027,0.0360054672,-0.966434,0.2543795,0.16262646,0.0,0.0,0.0,1.0]},"headPose":{"x":0.150073171,"y":0.244273767,"z":0.2674923}},{"recID":112,"timestamp":0,"world2head":{"data":[0.989798,-0.00111657381,-0.142473161,-0.110195495,0.137933671,0.258034348,0.956238747,-0.3393795,0.035695266,-0.966135,0.255555928,0.162377343,0.0,0.0,0.0,1.0]},"headPose":{"x":0.150087044,"y":0.244327,"z":0.267331421}},{"recID":113,"timestamp":0,"world2head":{"data":[0.9897565,-0.00119610876,-0.142760485,-0.110156409,0.138250232,0.257528663,0.956329465,-0.339304328,0.0356210545,-0.96626997,0.255056024,0.162650019,0.0,0.0,0.0,1.0]},"headPose":{"x":0.150143176,"y":0.244412646,"z":0.26727584}},{"recID":114,"timestamp":0,"world2head":{"data":[0.9896895,4.10676E-05,-0.14322938,-0.11052411,0.138369784,0.258001864,0.956184566,-0.339830637,0.036992725,-0.9661445,0.255336046,0.162560433,0.0,0.0,0.0,1.0]},"headPose":{"x":0.150393292,"y":0.2447383,"z":0.26760295}},{"recID":115,"timestamp":0,"world2head":{"data":[0.9897336,0.0009881258,-0.14292115,-0.110829994,0.137746572,0.260129571,0.955697954,-0.34040013,0.0381223671,-0.965573251,0.2573229,0.16178827,0.0,0.0,0.0,1.0]},"headPose":{"x":0.150413364,"y":0.244876072,"z":0.2678479}},{"recID":116,"timestamp":0,"world2head":{"data":[0.9897524,0.00109276921,-0.142790139,-0.11084199,0.137515664,0.2620805,0.955198,-0.3406891,0.038466312,-0.9650454,0.2592445,0.1612892,0.0,0.0,0.0,1.0]},"headPose":{"x":0.150352016,"y":0.245060489,"z":0.2677851}},{"recID":117,"timestamp":0,"world2head":{"data":[0.9896413,0.00107727945,-0.14355801,-0.110593408,0.1382725,0.2617873,0.955169261,-0.341031134,0.0386106521,-0.965125144,0.25892657,0.161299735,0.0,0.0,0.0,1.0]},"headPose":{"x":0.150375143,"y":0.245071113,"z":0.268101037}},{"recID":118,"timestamp":0,"world2head":{"data":[0.9899179,0.0007997751,-0.1416401,-0.110991955,0.136379734,0.26466614,0.9546479,-0.3415066,0.03825086,-0.964339852,0.261888683,0.1602649,0.0,0.0,0.0,1.0]},"headPose":{"x":0.150317237,"y":0.245023787,"z":0.268326044}},{"recID":119,"timestamp":0,"world2head":{"data":[0.990032,0.000392958522,-0.1408419,-0.111151651,0.135703668,0.264995635,0.9546527,-0.341430873,0.0376976356,-0.964249551,0.262300849,0.1602624,0.0,0.0,0.0,1.0]},"headPose":{"x":0.15033561,"y":0.24505432,"z":0.268256158}},{"recID":120,"timestamp":0,"world2head":{"data":[0.99009347,0.0001693964,-0.1404098,-0.111296445,0.1353413,0.265107751,0.9546732,-0.3414223,0.0373854637,-0.964218855,0.262458563,0.16008465,0.0,0.0,0.0,1.0]},"headPose":{"x":0.150417581,"y":0.24488917,"z":0.268303961}},{"recID":121,"timestamp":0,"world2head":{"data":[0.9901365,-0.000303670764,-0.1401056,-0.111299612,0.135177314,0.264973342,0.9547337,-0.3413454,0.03683434,-0.9642558,0.2624008,0.160095856,0.0,0.0,0.0,1.0]},"headPose":{"x":0.150446936,"y":0.244786918,"z":0.2682909}},{"recID":122,"timestamp":0,"world2head":{"data":[0.990085542,-0.000888451934,-0.140462726,-0.111033306,0.135721534,0.2637397,0.9549981,-0.3413282,0.0361971445,-0.9645936,0.26124543,0.16037792,0.0,0.0,0.0,1.0]},"headPose":{"x":0.150452837,"y":0.2446226,"z":0.268473655}},{"recID":123,"timestamp":0,"world2head":{"data":[0.990125954,-0.000927239656,-0.140177712,-0.111076921,0.135469854,0.2633891,0.9551305,-0.3413792,0.0360356569,-0.9646893,0.260914028,0.160452291,0.0,0.0,0.0,1.0]},"headPose":{"x":0.150444716,"y":0.244599149,"z":0.268626869}},{"recID":124,"timestamp":0,"world2head":{"data":[0.990247965,-0.0014680475,-0.139308333,-0.111280613,0.134749338,0.264017165,0.955059052,-0.341333777,0.0353777371,-0.964517,0.261640251,0.1603588,0.0,0.0,0.0,1.0]},"headPose":{"x":0.150516763,"y":0.244623348,"z":0.268535227}},{"recID":125,"timestamp":0,"world2head":{"data":[0.990224242,-0.00143167377,-0.139477134,-0.111301132,0.13493669,0.263088524,0.9552888,-0.341171116,0.0353271849,-0.964770734,0.260709822,0.160742208,0.0,0.0,0.0,1.0]},"headPose":{"x":0.150571018,"y":0.244678184,"z":0.268485844}},{"recID":126,"timestamp":0,"world2head":{"data":[0.990028,-0.000873327255,-0.14086774,-0.111111343,0.13609311,0.2641418,0.9548339,-0.3418368,0.0363751724,-0.96448344,0.2616266,0.160288155,0.0,0.0,0.0,1.0]},"headPose":{"x":0.15069446,"y":0.244791627,"z":0.2688097}},{"recID":127,"timestamp":0,"world2head":{"data":[0.9900402,-0.000365845859,-0.140784457,-0.111270815,0.135856122,0.264766753,0.9546947,-0.3419369,0.03692578,-0.9643125,0.262179434,0.160141677,0.0,0.0,0.0,1.0]},"headPose":{"x":0.150703445,"y":0.244919375,"z":0.268794179}},{"recID":128,"timestamp":0,"world2head":{"data":[0.9899589,0.000898487866,-0.141352937,-0.1115523,0.135987669,0.2669056,0.954080164,-0.342363775,0.0385851264,-0.9637224,0.264103353,0.159270957,0.0,0.0,0.0,1.0]},"headPose":{"x":0.150843948,"y":0.244971961,"z":0.2688102}},{"recID":129,"timestamp":0,"world2head":{"data":[0.989922762,0.00153666735,-0.141600117,-0.111626774,0.136040509,0.267319381,0.953956842,-0.342380732,0.0393183827,-0.963606954,0.264416516,0.159080356,0.0,0.0,0.0,1.0]},"headPose":{"x":0.150824755,"y":0.2449874,"z":0.2687465}},{"recID":130,"timestamp":0,"world2head":{"data":[0.989904344,0.00186764449,-0.1417249,-0.111611977,0.136071324,0.267366052,0.9539393,-0.342293024,0.0396740623,-0.963593364,0.2644127,0.159184068,0.0,0.0,0.0,1.0]},"headPose":{"x":0.150745973,"y":0.245114639,"z":0.268618226}},{"recID":131,"timestamp":0,"world2head":{"data":[0.989892542,0.00188969821,-0.1418069,-0.11161796,0.136128455,0.267755926,0.9538217,-0.342372358,0.03977207,-0.963484943,0.264792323,0.159021288,0.0,0.0,0.0,1.0]},"headPose":{"x":0.1507718,"y":0.245097756,"z":0.268626362}},{"recID":132,"timestamp":0,"world2head":{"data":[0.9898549,0.001790978,-0.142070934,-0.111551121,0.136404037,0.267876267,0.9537484,-0.3422979,0.0397655629,-0.963451564,0.264914334,0.159125775,0.0,0.0,0.0,1.0]},"headPose":{"x":0.150782511,"y":0.245203316,"z":0.2684633}},{"recID":133,"timestamp":0,"world2head":{"data":[0.9898305,0.00199160725,-0.1422379,-0.111610621,0.136495441,0.268268824,0.953625143,-0.342337221,0.0400572568,-0.96334213,0.2652688,0.158905834,0.0,0.0,0.0,1.0]},"headPose":{"x":0.150837734,"y":0.245141327,"z":0.268433332}},{"recID":134,"timestamp":0,"world2head":{"data":[0.98970294,0.00235648453,-0.143117383,-0.111509085,0.1372233,0.268805265,0.9533696,-0.342504054,0.0407173224,-0.963191748,0.265714,0.158778712,0.0,0.0,0.0,1.0]},"headPose":{"x":0.150895357,"y":0.245263979,"z":0.2683843}},{"recID":135,"timestamp":0,"world2head":{"data":[0.9896726,0.002624832,-0.143322408,-0.111525156,0.137329161,0.26928252,0.9532197,-0.342469364,0.0410962626,-0.9630577,0.266141057,0.158762023,0.0,0.0,0.0,1.0]},"headPose":{"x":0.15087989,"y":0.2454107,"z":0.268211365}},{"recID":136,"timestamp":0,"world2head":{"data":[0.98967725,0.00320899487,-0.143278137,-0.11164774,0.13713114,0.269280553,0.9532487,-0.3424037,0.0416409932,-0.9630564,0.26606077,0.1588543,0.0,0.0,0.0,1.0]},"headPose":{"x":0.15083459,"y":0.245546609,"z":0.2681343}},{"recID":137,"timestamp":0,"world2head":{"data":[0.989707053,0.00336986035,-0.143068314,-0.111744665,0.136845589,0.270217478,0.953024566,-0.342434973,0.0418711081,-0.9627934,0.266975,0.158501446,0.0,0.0,0.0,1.0]},"headPose":{"x":0.150818571,"y":0.2455126,"z":0.2680459}},{"recID":138,"timestamp":0,"world2head":{"data":[0.989723444,0.00350973755,-0.142951861,-0.111782268,0.13673529,0.269316256,0.9532956,-0.342322677,0.0418450832,-0.9630455,0.2660687,0.159097269,0.0,0.0,0.0,1.0]},"headPose":{"x":0.150783688,"y":0.245803252,"z":0.268024355}},{"recID":139,"timestamp":0,"world2head":{"data":[0.989755869,0.00362227857,-0.1427241,-0.111850604,0.136444688,0.270263672,0.9530689,-0.342583418,0.0420254059,-0.962779462,0.2670008,0.158706516,0.0,0.0,0.0,1.0]},"headPose":{"x":0.15077877,"y":0.2457924,"z":0.268167078}},{"recID":140,"timestamp":0,"world2head":{"data":[0.9898432,0.00324576348,-0.1421264,-0.111912869,0.135876477,0.272417665,0.9525369,-0.342847854,0.0418094732,-0.96217376,0.269209743,0.158133641,0.0,0.0,0.0,1.0]},"headPose":{"x":0.150749668,"y":0.245913014,"z":0.268098235}},{"recID":141,"timestamp":0,"world2head":{"data":[0.9897394,0.00309797376,-0.142850548,-0.1117068,0.136602521,0.2726611,0.952363133,-0.34304437,0.0419001766,-0.962105036,0.2694403,0.158098549,0.0,0.0,0.0,1.0]},"headPose":{"x":0.150797,"y":0.2459884,"z":0.268147349}},{"recID":142,"timestamp":0,"world2head":{"data":[0.989810169,0.003592752,-0.142347723,-0.11193344,0.135930479,0.273908377,0.9521015,-0.34302783,0.0424109064,-0.961749136,0.270628929,0.1576603,0.0,0.0,0.0,1.0]},"headPose":{"x":0.150734276,"y":0.245989963,"z":0.2679963}},{"recID":143,"timestamp":0,"world2head":{"data":[0.9898861,0.003659539,-0.1418171,-0.112084866,0.135420322,0.273491919,0.9522939,-0.342655957,0.0422708057,-0.961867452,0.2702303,0.157824054,0.0,0.0,0.0,1.0]},"headPose":{"x":0.150682479,"y":0.2459296,"z":0.267764747}},{"recID":144,"timestamp":0,"world2head":{"data":[0.989901066,0.00379388779,-0.141709208,-0.112279832,0.135332853,0.2722947,0.952649355,-0.342636675,0.0422009155,-0.9622065,0.269031346,0.1583733,0.0,0.0,0.0,1.0]},"headPose":{"x":0.150832415,"y":0.246111915,"z":0.2678941}},{"recID":145,"timestamp":0,"world2head":{"data":[0.9898895,0.00411771238,-0.141780913,-0.112351432,0.135256439,0.273610055,0.952283263,-0.3428371,0.04271392,-0.9618319,0.270286739,0.15779154,0.0,0.0,0.0,1.0]},"headPose":{"x":0.150846526,"y":0.246035218,"z":0.267899722}},{"recID":146,"timestamp":0,"world2head":{"data":[0.9899467,0.004074827,-0.1413822,-0.112471655,0.134895921,0.2733513,0.952408552,-0.3423049,0.0425279,-0.9619056,0.270053566,0.158017442,0.0,0.0,0.0,1.0]},"headPose":{"x":0.150796324,"y":0.246025681,"z":0.267439455}},{"recID":147,"timestamp":0,"world2head":{"data":[0.9899424,0.00398839265,-0.1414149,-0.112527296,0.134986579,0.272537351,0.9526291,-0.3422253,0.0423402973,-0.962137,0.2692579,0.158362508,0.0,0.0,0.0,1.0]},"headPose":{"x":0.150886253,"y":0.246084392,"z":0.267460316}},{"recID":148,"timestamp":0,"world2head":{"data":[0.9899281,0.004139848,-0.141510516,-0.112625122,0.135038555,0.272520661,0.952626467,-0.342153847,0.042508278,-0.962141037,0.269216835,0.158459365,0.0,0.0,0.0,1.0]},"headPose":{"x":0.1509589,"y":0.246170