[{"recID":0,"timestamp":0,"world2head":{"data":[0.999190032,0.0254396386,-0.0311779324,0.031121565,0.0125693,0.5387211,0.8423905,-0.08800373,0.0382263176,-0.8421001,0.53796494,-0.207024112,0.0,0.0,0.0,1.0]},"headPose":{"x":-0.0220764447,"y":-0.127717257,"z":0.186475515}},{"recID":1,"timestamp":0,"world2head":{"data":[0.999190032,0.0254396386,-0.0311779324,0.031121565,0.0125693,0.5387211,0.8423905,-0.08800373,0.0382263176,-0.8421001,0.53796494,-0.207024112,0.0,0.0,0.0,1.0]},"headPose":{"x":-0.0220764447,"y":-0.127717257,"z":0.186475515}},{"recID":2,"timestamp":0,"world2head":{"data":[0.999190032,0.0254396386,-0.0311779324,0.031121565,0.0125693,0.5387211,0.8423905,-0.08800373,0.0382263176,-0.8421001,0.53796494,-0.207024112,0.0,0.0,0.0,1.0]},"headPose":{"x":-0.0220764447,"y":-0.127717257,"z":0.186475515}},{"recID":3,"timestamp":0,"world2head":{"data":[0.999190032,0.0254396386,-0.0311779324,0.031121565,0.0125693,0.5387211,0.8423905,-0.08800373,0.0382263176,-0.8421001,0.53796494,-0.207024112,0.0,0.0,0.0,1.0]},"headPose":{"x":-0.0220764447,"y":-0.127717257,"z":0.186475515}},{"recID":4,"timestamp":0,"world2head":{"data":[0.999190032,0.0254396386,-0.0311779324,0.031121565,0.0125693,0.5387211,0.8423905,-0.08800373,0.0382263176,-0.8421001,0.53796494,-0.207024112,0.0,0.0,0.0,1.0]},"headPose":{"x":-0.0220764447,"y":-0.127717257,"z":0.186475515}},{"recID":5,"timestamp":0,"world2head":{"data":[0.999190032,0.0254396386,-0.0311779324,0.031121565,0.0125693,0.5387211,0.8423905,-0.08800373,0.0382263176,-0.8421001,0.53796494,-0.207024112,0.0,0.0,0.0,1.0]},"headPose":{"x":-0.0220764447,"y":-0.127717257,"z":0.186475515}},{"recID":6,"timestamp":0,"world2head":{"data":[0.999190032,0.0254396386,-0.0311779324,0.031121565,0.0125693,0.5387211,0.8423905,-0.08800373,0.0382263176,-0.8421001,0.53796494,-0.207024112,0.0,0.0,0.0,1.0]},"headPose":{"x":-0.0220764447,"y":-0.127717257,"z":0.186475515}},{"recID":7,"timestamp":0,"world2head":{"data":[0.999190032,0.0254396386,-0.0311779324,0.031121565,0.0125693,0.5387211,0.8423905,-0.08800373,0.0382263176,-0.8421001,0.53796494,-0.207024112,0.0,0.0,0.0,1.0]},"headPose":{"x":-0.0220764447,"y":-0.127717257,"z":0.186475515}},{"recID":8,"timestamp":0,"world2head":{"data":[0.999190032,0.0254396386,-0.0311779324,0.031121565,0.0125693,0.5387211,0.8423905,-0.08800373,0.0382263176,-0.8421001,0.53796494,-0.207024112,0.0,0.0,0.0,1.0]},"headPose":{"x":-0.0220764447,"y":-0.127717257,"z":0.186475515}},{"recID":9,"timestamp":0,"world2head":{"data":[0.999190032,0.0254396386,-0.0311779324,0.031121565,0.0125693,0.5387211,0.8423905,-0.08800373,0.0382263176,-0.8421001,0.53796494,-0.207024112,0.0,0.0,0.0,1.0]},"headPose":{"x":-0.0220764447,"y":-0.127717257,"z":0.186475515}},{"recID":10,"timestamp":0,"world2head":{"data":[0.999190032,0.0254396386,-0.0311779324,0.031121565,0.0125693,0.5387211,0.8423905,-0.08800373,0.0382263176,-0.8421001,0.53796494,-0.207024112,0.0,0.0,0.0,1.0]},"headPose":{"x":-0.0220764447,"y":-0.127717257,"z":0.186475515}},{"recID":11,"timestamp":0,"world2head":{"data":[0.999190032,0.0254396386,-0.0311779324,0.031121565,0.0125693,0.5387211,0.8423905,-0.08800373,0.0382263176,-0.8421001,0.53796494,-0.207024112,0.0,0.0,0.0,1.0]},"headPose":{"x":-0.0220764447,"y":-0.127717257,"z":0.186475515}},{"recID":12,"timestamp":0,"world2head":{"data":[0.999190032,0.0254396386,-0.0311779324,0.031121565,0.0125693,0.5387211,0.8423905,-0.08800373,0.0382263176,-0.8421001,0.53796494,-0.207024112,0.0,0.0,0.0,1.0]},"headPose":{"x":-0.0220764447,"y":-0.127717257,"z":0.186475515}},{"recID":13,"timestamp":0,"world2head":{"data":[0.999190032,0.0254396386,-0.0311779324,0.031121565,0.0125693,0.5387211,0.8423905,-0.08800373,0.0382263176,-0.8421001,0.53796494,-0.207024112,0.0,0.0,0.0,1.0]},"headPose":{"x":-0.0220764447,"y":-0.127717257,"z":0.186475515}},{"recID":14,"timestamp":0,"world2head":{"data":[0.999268651,0.0259243939,-0.0281094834,0.03102982,0.009716457,0.5388316,0.842357457,-0.08806749,0.0369838849,-0.8420145,0.538185656,-0.2069373,0.0,0.0,0.0,1.0]},"headPose":{"x":-0.0224980786,"y":-0.127595082,"z":0.1864272}},{"recID":15,"timestamp":0,"world2head":{"data":[0.9992754,0.026308,-0.02750534,0.03100871,0.008994966,0.5389572,0.842285156,-0.08799371,0.036983043,-0.8419223,0.53833,-0.2069504,0.0,0.0,0.0,1.0]},"headPose":{"x":-0.0225410871,"y":-0.127627075,"z":0.1863763}},{"recID":16,"timestamp":0,"world2head":{"data":[0.9992973,0.0259094313,-0.0270850826,0.0309674181,0.008841234,0.539288044,0.84207505,-0.0880888,0.0364243463,-0.8417228,0.538679957,-0.206937239,0.0,0.0,0.0,1.0]},"headPose":{"x":-0.022629289,"y":-0.1274809,"z":0.186489075}},{"recID":17,"timestamp":0,"world2head":{"data":[0.9993254,0.02557974,-0.0263519064,0.0309150368,0.008389816,0.5395565,0.8419076,-0.08799173,0.0357541181,-0.8415607,0.538977861,-0.207055748,0.0,0.0,0.0,1.0]},"headPose":{"x":-0.0227528512,"y":-0.1275643,"z":0.186494052}},{"recID":18,"timestamp":0,"world2head":{"data":[0.999339163,0.0254420377,-0.0259603318,0.0309000835,0.008138239,0.539461136,0.8419711,-0.08791836,0.03542605,-0.841626,0.538897634,-0.207130685,0.0,0.0,0.0,1.0]},"headPose":{"x":-0.02282634,"y":-0.127684176,"z":0.186449125}},{"recID":19,"timestamp":0,"world2head":{"data":[0.999377847,0.0248939283,-0.02498357,0.0306561254,0.007641676,0.5387111,0.8424559,-0.08813101,0.0344309658,-0.842122734,0.5381857,-0.207136855,0.0,0.0,0.0,1.0]},"headPose":{"x":-0.0228316635,"y":-0.127720639,"z":0.186490476}},{"recID":20,"timestamp":0,"world2head":{"data":[0.9993879,0.0247491077,-0.0247230418,0.0306022279,0.007500652,0.5386969,0.8424662,-0.08819382,0.03416851,-0.842135966,0.538181543,-0.207154691,0.0,0.0,0.0,1.0]},"headPose":{"x":-0.02284382,"y":-0.127700076,"z":0.186543748}},{"recID":21,"timestamp":0,"world2head":{"data":[0.9993985,0.0248770937,-0.02415976,0.0304587521,0.00695445854,0.5387566,0.842432737,-0.08818325,0.0339735076,-0.842094064,0.538259566,-0.207263231,0.0,0.0,0.0,1.0]},"headPose":{"x":-0.0227857064,"y":-0.127783552,"z":0.186585754}},{"recID":22,"timestamp":0,"world2head":{"data":[0.999397635,0.0248519517,-0.0242237058,0.0304484,0.007030013,0.5385557,0.842560649,-0.08817791,0.03398509,-0.8422234,0.538056552,-0.207264051,0.0,0.0,0.0,1.0]},"headPose":{"x":-0.0227662772,"y":-0.12783061,"z":0.186552584}},{"recID":23,"timestamp":0,"world2head":{"data":[0.999377847,0.0250294562,-0.02484853,0.0304847844,0.00750676729,0.5374414,0.8432677,-0.0882499143,0.03446116,-0.8429296,0.5369191,-0.207322538,0.0,0.0,0.0,1.0]},"headPose":{"x":-0.02265877,"y":-0.12809217,"z":0.186491251}},{"recID":24,"timestamp":0,"world2head":{"data":[0.9993779,0.024973236,-0.0249032751,0.0305026174,0.00761023443,0.536779046,0.8436885,-0.08825185,0.03443719,-0.843353152,0.536255062,-0.207213148,0.0,0.0,0.0,1.0]},"headPose":{"x":-0.0226761848,"y":-0.128143877,"z":0.1863358}},{"recID":25,"timestamp":0,"world2head":{"data":[0.9993734,0.0249993131,-0.0250580944,0.0303653721,0.007801491,0.534957,0.8448433,-0.08848068,0.0345255062,-0.8445094,0.534426749,-0.207251877,0.0,0.0,0.0,1.0]},"headPose":{"x":-0.0225005876,"y":-0.1284519,"z":0.186274141}},{"recID":26,"timestamp":0,"world2head":{"data":[0.999365,0.024945911,-0.0254426617,0.0302868821,0.008211038,0.533595741,0.8456997,-0.08845458,0.03467285,-0.845371664,0.5330521,-0.207282782,0.0,0.0,0.0,1.0]},"headPose":{"x":-0.02235426,"y":-0.128787532,"z":0.186069131}},{"recID":27,"timestamp":0,"world2head":{"data":[0.9993432,0.0244490858,-0.026745541,0.03028462,0.009718763,0.5302008,0.8478165,-0.08890299,0.034908846,-0.8475197,0.5296149,-0.20711711,0.0,0.0,0.0,1.0]},"headPose":{"x":-0.0221704841,"y":-0.1291398,"z":0.185875684}},{"recID":28,"timestamp":0,"world2head":{"data":[0.999349058,0.023962494,-0.02696669,0.0302198,0.0102407672,0.5283276,0.848978937,-0.0890270546,0.0345908962,-0.8487025,0.5277383,-0.2069929,0.0,0.0,0.0,1.0]},"headPose":{"x":-0.0221283548,"y":-0.129364073,"z":0.185635075}},{"recID":29,"timestamp":0,"world2head":{"data":[0.9993536,0.0225132182,-0.0280285478,0.02992868,0.0120159239,0.5256325,0.850626767,-0.08962979,0.033883065,-0.85041374,0.525022268,-0.206769466,0.0,0.0,0.0,1.0]},"headPose":{"x":-0.021826366,"y":-0.129401058,"z":0.185638949}},{"recID":30,"timestamp":0,"world2head":{"data":[0.99933666,0.0216706321,-0.0292674582,0.0298702531,0.01352489,0.525338531,0.8507859,-0.08987399,0.03381239,-0.850617349,0.524696946,-0.206534788,0.0,0.0,0.0,1.0]},"headPose":{"x":-0.02165147,"y":-0.12911512,"z":0.1857059}},{"recID":31,"timestamp":0,"world2head":{"data":[0.999275,0.0205307342,-0.03206104,0.0298558772,0.016427245,0.5271841,0.849592268,-0.08971503,0.0343448222,-0.849503,0.526464641,-0.206646055,0.0,0.0,0.0,1.0]},"headPose":{"x":-0.021263238,"y":-0.128863066,"z":0.185970262}},{"recID":32,"timestamp":0,"world2head":{"data":[0.999251,0.0203185864,-0.03293236,0.0298622474,0.0172305182,0.5283929,0.8488251,-0.08952122,0.0346481539,-0.8487568,0.5276471,-0.206688136,0.0,0.0,0.0,1.0]},"headPose":{"x":-0.0211360231,"y":-0.128732324,"z":0.186029673}},{"recID":33,"timestamp":0,"world2head":{"data":[0.9992345,0.01955007,-0.03388447,0.029567413,0.0183752738,0.5301094,0.8477301,-0.08905277,0.0345356576,-0.8477039,0.52934444,-0.206824169,0.0,0.0,0.0,1.0]},"headPose":{"x":-0.0207656026,"y":-0.128695965,"z":0.1859758}},{"recID":34,"timestamp":0,"world2head":{"data":[0.99922204,0.019151425,-0.0344758332,0.0294721816,0.0190772619,0.530377,0.8475473,-0.08899621,0.0345169231,-0.8475456,0.529598951,-0.206857115,0.0,0.0,0.0,1.0]},"headPose":{"x":-0.0206113774,"y":-0.128683731,"z":0.185995877}},{"recID":35,"timestamp":0,"world2head":{"data":[0.9991878,0.0186983757,-0.03569413,0.0292744059,0.0203467645,0.5304738,0.8474571,-0.0890729949,0.0347808748,-0.847495139,0.5296626,-0.207122132,0.0,0.0,0.0,1.0]},"headPose":{"x":-0.0202343948,"y":-0.128831446,"z":0.186235279}},{"recID":36,"timestamp":0,"world2head":{"data":[0.9991987,0.01866469,-0.03540669,0.0290420055,0.02013105,0.5302235,0.847619,-0.0890123844,0.0345940031,-0.8476525,0.5294229,-0.207200184,0.0,0.0,0.0,1.0]},"headPose":{"x":-0.02005894,"y":-0.128979355,"z":0.18617335}},{"recID":37,"timestamp":0,"world2head":{"data":[0.9991527,0.0175997,-0.0372038037,0.028718356,0.02223326,0.5298929,0.8477731,-0.08917144,0.0346345827,-0.8478819,0.5290527,-0.2074614,0.0,0.0,0.0,1.0]},"headPose":{"x":-0.019526111,"y":-0.129156888,"z":0.18642357}},{"recID":38,"timestamp":0,"world2head":{"data":[0.999120831,0.0176647231,-0.038019605,0.0287270024,0.02290852,0.5294708,0.8480189,-0.08915626,0.0351102874,-0.8481443,0.5286006,-0.207527,0.0,0.0,0.0,1.0]},"headPose":{"x":-0.0193729773,"y":-0.129314646,"z":0.186397269}},{"recID":39,"timestamp":0,"world2head":{"data":[0.999117136,0.0173826776,-0.03824703,0.0283549037,0.0233126953,0.5279677,0.8489444,-0.08950792,0.034950126,-0.8490865,0.5270963,-0.20755586,0.0,0.0,0.0,1.0]},"headPose":{"x":-0.0189890955,"y":-0.1294685,"z":0.186473683}},{"recID":40,"timestamp":0,"world2head":{"data":[0.999123454,0.0172949731,-0.0381216444,0.0280329622,0.023267,0.527611852,0.84916687,-0.08948215,0.03479975,-0.849309444,0.526747,-0.207624659,0.0,0.0,0.0,1.0]},"headPose":{"x":-0.0187011212,"y":-0.129610583,"z":0.1864196}},{"recID":41,"timestamp":0,"world2head":{"data":[0.9990777,0.0155323353,-0.0400319025,0.027803123,0.0258123558,0.527790666,0.8489822,-0.0894052,0.03431514,-0.849232435,0.5269029,-0.207896829,0.0,0.0,0.0,1.0]},"headPose":{"x":-0.0183357112,"y":-0.129797354,"z":0.186557889}},{"recID":42,"timestamp":0,"world2head":{"data":[0.999034941,0.0148053784,-0.04135146,0.0278600454,0.027332196,0.5274136,0.8491689,-0.08926922,0.03438159,-0.8494797,0.5264999,-0.2080576,0.0,0.0,0.0,1.0]},"headPose":{"x":-0.0182398856,"y":-0.130071372,"z":0.186499029}},{"recID":43,"timestamp":0,"world2head":{"data":[0.9990666,0.0132271424,-0.0411215536,0.0274037234,0.0279963687,0.5266869,0.8495983,-0.0890577,0.03289594,-0.8499565,0.5258249,-0.208299354,0.0,0.0,0.0,1.0]},"headPose":{"x":-0.0180326514,"y":-0.130502328,"z":0.186319143}},{"recID":44,"timestamp":0,"world2head":{"data":[0.9990958,0.0118887927,-0.04081945,0.0270602517,0.0284629781,0.5261647,0.849906147,-0.0891414061,0.03158211,-0.850299537,0.5253506,-0.208199665,0.0,0.0,0.0,1.0]},"headPose":{"x":-0.0179231688,"y":-0.13045074,"z":0.186244249}},{"recID":45,"timestamp":0,"world2head":{"data":[0.9991336,0.0103911646,-0.0403006,0.0262791459,0.0288175233,0.5259166,0.8500478,-0.08885621,0.03002774,-0.8504727,0.525161445,-0.208465576,0.0,0.0,0.0,1.0]},"headPose":{"x":-0.0174360089,"y":-0.1308364,"z":0.186069191}},{"recID":46,"timestamp":0,"world2head":{"data":[0.999137461,0.0097662285,-0.04036081,0.0258812942,0.0292128175,0.525462449,0.8503151,-0.08897723,0.02951246,-0.8507607,0.5247239,-0.208524272,0.0,0.0,0.0,1.0]},"headPose":{"x":-0.0171056278,"y":-0.130902842,"z":0.186120957}},{"recID":47,"timestamp":0,"world2head":{"data":[0.9990517,0.008792995,-0.04264301,0.0252933558,0.0316689238,0.5253762,0.8502805,-0.08897077,0.0298801363,-0.8508246,0.5245995,-0.208641976,0.0,0.0,0.0,1.0]},"headPose":{"x":-0.0162175111,"y":-0.130997017,"z":0.186182171}},{"recID":48,"timestamp":0,"world2head":{"data":[0.9990138,0.009680476,-0.0433324277,0.0250884853,0.03177644,0.5257477,0.850046933,-0.08878725,0.0310107842,-0.8505855,0.524921656,-0.2086503,0.0,0.0,0.0,1.0]},"headPose":{"x":-0.0157719925,"y":-0.131038085,"z":0.186085492}},{"recID":49,"timestamp":0,"world2head":{"data":[0.9988859,0.0107155051,-0.04595737,0.02449438,0.0334527642,0.5261005,0.8497643,-0.08874936,0.033283852,-0.85035497,0.5251559,-0.208803952,0.0,0.0,0.0,1.0]},"headPose":{"x":-0.0145483818,"y":-0.131128863,"z":0.186196342}},{"recID":50,"timestamp":0,"world2head":{"data":[0.9988133,0.0118924566,-0.0472297929,0.0241375342,0.0338972956,0.5265782,0.8494507,-0.08878666,0.03497223,-0.850043535,0.5255501,-0.208524823,0.0,0.0,0.0,1.0]},"headPose":{"x":-0.0138066821,"y":-0.130789131,"z":0.186150149}},{"recID":51,"timestamp":0,"world2head":{"data":[0.998571932,0.0131265251,-0.0517854765,0.0235978775,0.0370633081,0.5278994,0.848497868,-0.08889249,0.03847535,-0.8492055,0.526659,-0.208638832,0.0,0.0,0.0,1.0]},"headPose":{"x":-0.0122420778,"y":-0.1305607,"z":0.186528623}},{"recID":52,"timestamp":0,"world2head":{"data":[0.9984208,0.0133013641,-0.0545808859,0.02332202,0.0393093862,0.5286849,0.847907543,-0.0888866559,0.04013442,-0.848714,0.5273271,-0.2087726,0.0,0.0,0.0,1.0]},"headPose":{"x":-0.0114121418,"y":-0.1305054,"z":0.186732024}},{"recID":53,"timestamp":0,"world2head":{"data":[0.998084068,0.0129234046,-0.0605077967,0.022621382,0.044478666,0.5299406,0.846867561,-0.08860543,0.04300995,-0.8479363,0.5283505,-0.2089746,0.0,0.0,0.0,1.0]},"headPose":{"x":-0.009649002,"y":-0.130533859,"z":0.186817646}},{"recID":54,"timestamp":0,"world2head":{"data":[0.9979027,0.01302645,-0.0634072945,0.0222040266,0.0468688533,0.5302365,0.846553445,-0.08877582,0.0446484461,-0.8477498,0.5285139,-0.2089726,0.0,0.0,0.0,1.0]},"headPose":{"x":-0.00866633747,"y":-0.130373523,"z":0.187006265}},{"recID":55,"timestamp":0,"world2head":{"data":[0.997591853,0.0124761946,-0.0682266653,0.02106427,0.05113181,0.5323446,0.844982147,-0.08889849,0.04686226,-0.8464358,0.5304247,-0.209282637,0.0,0.0,0.0,1.0]},"headPose":{"x":-0.006660546,"y":-0.1300825,"z":0.187563449}},{"recID":56,"timestamp":0,"world2head":{"data":[0.99742347,0.0120916571,-0.0707119852,0.0204538256,0.0533682853,0.5336293,0.844033,-0.0885206759,0.0479397476,-0.8456321,0.5316091,-0.209595487,0.0,0.0,0.0,1.0]},"headPose":{"x":-0.005628977,"y":-0.130250752,"z":0.187583536}},{"recID":57,"timestamp":0,"world2head":{"data":[0.9970511,0.0107750818,-0.0759802,0.0192054641,0.058477357,0.5344658,0.8431647,-0.08858845,0.0496939868,-0.8451214,0.5322596,-0.209980071,0.0,0.0,0.0,1.0]},"headPose":{"x":-0.00353366323,"y":-0.1303181,"z":0.1879178}},{"recID":58,"timestamp":0,"world2head":{"data":[0.996854842,0.009796832,-0.07864108,0.0185367242,0.0612331666,0.5347229,0.8428059,-0.0886976048,0.0503080152,-0.844970644,0.532441258,-0.210157469,0.0,0.0,0.0,1.0]},"headPose":{"x":-0.00247458182,"y":-0.130329847,"z":0.18810913}},{"recID":59,"timestamp":0,"world2head":{"data":[0.9963782,0.007294232,-0.0847193,0.01726267,0.06767648,0.53518796,0.842017651,-0.08891069,0.05148263,-0.8447015,0.532756,-0.210750788,0.0,0.0,0.0,1.0]},"headPose":{"x":-0.000332981348,"y":-0.130563483,"z":0.188605577}},{"recID":60,"timestamp":0,"world2head":{"data":[0.9960386,0.006074026,-0.08871423,0.0168268438,0.0716958,0.535298347,0.8416148,-0.08904489,0.0526005663,-0.844641268,0.5327423,-0.21108374,0.0,0.0,0.0,1.0]},"headPose":{"x":0.000727083068,"y":-0.13072665,"z":0.1888875}},{"recID":61,"timestamp":0,"world2head":{"data":[0.9954048,0.00450964272,-0.0956501439,0.01600945,0.07848094,0.5338943,0.8419011,-0.08919899,0.0548637435,-0.845539153,0.531087041,-0.211588532,0.0,0.0,0.0,1.0]},"headPose":{"x":0.00267307553,"y":-0.131355748,"z":0.188999981}},{"recID":62,"timestamp":0,"world2head":{"data":[0.9950311,0.003445927,-0.09950476,0.0156780854,0.08239101,0.532609761,0.8423411,-0.08976144,0.05589985,-0.846353948,0.529679358,-0.211710081,0.0,0.0,0.0,1.0]},"headPose":{"x":0.003629915,"y":-0.131427854,"z":0.189308256}},{"recID":63,"timestamp":0,"world2head":{"data":[0.9943342,0.001484964,-0.106288441,0.0151764452,0.08937056,0.529694557,0.8434669,-0.09059592,0.0575529262,-0.8481871,0.5265608,-0.211926237,0.0,0.0,0.0,1.0]},"headPose":{"x":0.005203128,"y":-0.131787464,"z":0.189619809}},{"recID":64,"timestamp":0,"world2head":{"data":[0.9940668,0.000554889441,-0.108770229,0.014788039,0.09200738,0.5290822,0.8435679,-0.09104769,0.0580164865,-0.8485705,0.52589196,-0.212094828,0.0,0.0,0.0,1.0]},"headPose":{"x":0.00598175451,"y":-0.131813884,"z":0.189952344}},{"recID":65,"timestamp":0,"world2head":{"data":[0.9933732,-0.002689544,-0.11490161,0.0143632805,0.09893373,0.5288238,0.8429457,-0.09156663,0.05849556,-0.848727345,0.525585532,-0.21257931,0.0,0.0,0.0,1.0]},"headPose":{"x":0.007225877,"y":-0.13196063,"z":0.190564662}},{"recID":66,"timestamp":0,"world2head":{"data":[0.9930363,-0.00363216922,-0.117752478,0.0143683534,0.101876944,0.528409958,0.842854738,-0.0916677639,0.0591601878,-0.8489816,0.5251003,-0.212756142,0.0,0.0,0.0,1.0]},"headPose":{"x":0.007657226,"y":-0.1321357,"z":0.190672815}},{"recID":67,"timestamp":0,"world2head":{"data":[0.9927969,-0.004783742,-0.119714096,0.0139482776,0.104189962,0.527784,0.8429642,-0.09224305,0.059150666,-0.849365234,0.5244807,-0.213033155,0.0,0.0,0.0,1.0]},"headPose":{"x":0.008364043,"y":-0.1321918,"z":0.191159159}},{"recID":68,"timestamp":0,"world2head":{"data":[0.9928003,-0.00496343151,-0.119678319,0.0135768726,0.104269087,0.5275637,0.843092263,-0.09244714,0.058953315,-0.849500954,0.524282932,-0.213076055,0.0,0.0,0.0,1.0]},"headPose":{"x":0.008721794,"y":-0.132169172,"z":0.191278458}},{"recID":69,"timestamp":0,"world2head":{"data":[0.9927559,-0.00444319472,-0.120066524,0.0132597033,0.104267105,0.5284039,0.8425662,-0.09289357,0.0596999377,-0.848981559,0.5250394,-0.21329248,0.0,0.0,0.0,1.0]},"headPose":{"x":0.009255639,"y":-0.131937116,"z":0.19184795}},{"recID":70,"timestamp":0,"world2head":{"data":[0.992681742,-0.00421424955,-0.120686539,0.0133312782,0.104624674,0.5290868,0.84209317,-0.09309087,0.0603048727,-0.8485573,0.525655746,-0.2133543,0.0,0.0,0.0,1.0]},"headPose":{"x":0.009372187,"y":-0.131734,"z":0.19215098}},{"recID":71,"timestamp":0,"world2head":{"data":[0.992805958,-0.00293343142,-0.119698606,0.0133761261,0.102956831,0.531265,0.8409266,-0.09303048,0.0611248836,-0.8472007,0.527745068,-0.213585,0.0,0.0,0.0,1.0]},"headPose":{"x":0.009353582,"y":-0.131486267,"z":0.192551315}},{"recID":72,"timestamp":0,"world2head":{"data":[0.9930219,-0.00240366533,-0.117905572,0.0131728966,0.101082027,0.5323328,0.8404785,-0.0930841342,0.0607447624,-0.8465317,0.528861046,-0.213623509,0.0,0.0,0.0,1.0]},"headPose":{"x":0.009304672,"y":-0.131255686,"z":0.192765564}},{"recID":73,"timestamp":0,"world2head":{"data":[0.993371844,-0.00140514225,-0.1149364,0.0128395129,0.09781721,0.535474,0.8388679,-0.09305193,0.0603667237,-0.8445505,0.5320623,-0.21406424,0.0,0.0,0.0,1.0]},"headPose":{"x":0.009270027,"y":-0.130943134,"z":0.193429515}},{"recID":74,"timestamp":0,"world2head":{"data":[0.993497849,-0.00110926852,-0.113845415,0.0128508974,0.09666048,0.536569953,0.8383016,-0.09294939,0.06015613,-0.8438552,0.5331883,-0.214231446,0.0,0.0,0.0,1.0]},"headPose":{"x":0.009104526,"y":-0.1308922,"z":0.193608314}},{"recID":75,"timestamp":0,"world2head":{"data":[0.993827045,-0.00122576952,-0.110933766,0.0127502875,0.0942053348,0.537441134,0.838022947,-0.09316475,0.058593154,-0.843300462,0.534239054,-0.214340314,0.0,0.0,0.0,1.0]},"headPose":{"x":0.008663909,"y":-0.130667061,"z":0.193997562}},{"recID":76,"timestamp":0,"world2head":{"data":[0.994028449,-0.00147507712,-0.109111167,0.0126326615,0.09281993,0.5371728,0.8383496,-0.09333075,0.0573749319,-0.84347105,0.534101963,-0.214213222,0.0,0.0,0.0,1.0]},"headPose":{"x":0.008396194,"y":-0.130529255,"z":0.194033831}},{"recID":77,"timestamp":0,"world2head":{"data":[0.99445194,-0.00132507086,-0.105183348,0.012277971,0.0893016458,0.5390787,0.837507844,-0.09378084,0.0555923432,-0.8422544,0.536206245,-0.214440718,0.0,0.0,0.0,1.0]},"headPose":{"x":0.008086193,"y":-0.130042091,"z":0.194818065}},{"recID":78,"timestamp":0,"world2head":{"data":[0.994603634,-0.00109192356,-0.103742346,0.0123003554,0.08784419,0.5408939,0.836491,-0.0933660343,0.05520022,-0.8410901,0.5380709,-0.21476461,0.0,0.0,0.0,1.0]},"headPose":{"x":0.00782274,"y":-0.130121842,"z":0.194934517}},{"recID":79,"timestamp":0,"world2head":{"data":[0.994924963,-0.000577606261,-0.1006183,0.0121168327,0.0848938,0.54161334,0.836330056,-0.09349493,0.054013148,-0.840627551,0.538913667,-0.214849785,0.0,0.0,0.0,1.0]},"headPose":{"x":0.00748651335,"y":-0.129963532,"z":0.195197284}},{"recID":80,"timestamp":0,"world2head":{"data":[0.9950859,-0.0004985221,-0.0990140662,0.0119586438,0.08346094,0.5422718,0.836047649,-0.09362208,0.0532757565,-0.840203047,0.539648652,-0.2147677,0.0,0.0,0.0,1.0]},"headPose":{"x":0.00735581759,"y":-0.129673883,"z":0.195355669}},{"recID":81,"timestamp":0,"world2head":{"data":[0.9952999,-5.28655946E-05,-0.09684107,0.0119070187,0.08128764,0.543982267,0.8351501,-0.09322518,0.0526356734,-0.8390968,0.541429758,-0.215170011,0.0,0.0,0.0,1.0]},"headPose":{"x":0.007052618,"y":-0.12983498,"z":0.195509538}},{"recID":82,"timestamp":0,"world2head":{"data":[0.995375931,-9.340048E-05,-0.09605572,0.0118770581,0.08065978,0.5438347,0.835307062,-0.09327254,0.0521604121,-0.83919245,0.5413275,-0.2151742,0.0,0.0,0.0,1.0]},"headPose":{"x":0.00692478055,"y":-0.129846588,"z":0.195531771}},{"recID":83,"timestamp":0,"world2head":{"data":[0.9954154,0.000369407237,-0.09564532,0.0120586483,0.08009724,0.543314755,0.835699439,-0.09370527,0.0522742271,-0.839529037,0.540794253,-0.215258777,0.0,0.0,0.0,1.0]},"headPose":{"x":0.00675465539,"y":-0.129808977,"z":0.1958735}},{"recID":84,"timestamp":0,"world2head":{"data":[0.995460749,0.0008046292,-0.09516961,0.0120993312,0.0794706941,0.5431832,0.835844755,-0.09367267,0.0523670837,-0.8396138,0.540653646,-0.215361461,0.0,0.0,0.0,1.0]},"headPose":{"x":0.00667767553,"y":-0.12994878,"z":0.195883244}},{"recID":85,"timestamp":0,"world2head":{"data":[0.995439351,0.00160697848,-0.09538272,0.0123222992,0.07928205,0.542135835,0.836542368,-0.09388395,0.0530547053,-0.840289354,0.539536,-0.215182126,0.0,0.0,0.0,1.0]},"headPose":{"x":0.00659363251,"y":-0.129937187,"z":0.195811719}},{"recID":86,"timestamp":0,"world2head":{"data":[0.9953946,0.002387341,-0.0958330557,0.0125598265,0.0792701244,0.541658044,0.8368531,-0.0940641761,0.0539065972,-0.840595663,0.538974166,-0.215237215,0.0,0.0,0.0,1.0]},"headPose":{"x":0.00655719871,"y":-0.130006835,"z":0.195928812}},{"recID":87,"timestamp":0,"world2head":{"data":[0.995408654,0.00388435274,-0.09563726,0.012860924,0.0783581957,0.54074657,0.837528,-0.0938105658,0.054968778,-0.8411766,0.537959456,-0.214529812,0.0,0.0,0.0,1.0]},"headPose":{"x":0.00634139264,"y":-0.129779667,"z":0.1952073}},{"recID":88,"timestamp":0,"world2head":{"data":[0.9954461,0.005018875,-0.09519399,0.0129379928,0.07734583,0.5411831,0.8373401,-0.0938942656,0.05571989,-0.8408898,0.538330436,-0.214910939,0.0,0.0,0.0,1.0]},"headPose":{"x":0.00635806937,"y":-0.129967362,"z":0.19554615}},{"recID":89,"timestamp":0,"world2head":{"data":[0.99547255,0.00747275,-0.0947551,0.0129649919,0.07563244,0.541516662,0.837281048,-0.0936722755,0.0575682558,-0.8406568,0.5384998,-0.2152935,0.0,0.0,0.0,1.0]},"headPose":{"x":0.006572441,"y":-0.130359739,"z":0.195594013}},{"recID":90,"timestamp":0,"world2head":{"data":[0.9954448,0.009111088,-0.0949038044,0.0130189415,0.07495062,0.5404365,0.8380399,-0.09412711,0.0589249358,-0.841335535,0.537291765,-0.215362787,0.0,0.0,0.0,1.0]},"headPose":{"x":0.00678548776,"y":-0.130441248,"z":0.195830479}},{"recID":91,"timestamp":0,"world2head":{"data":[0.995402,0.0150077529,-0.0946029946,0.013201192,0.07168755,0.538318634,0.839686751,-0.09465365,0.06352837,-0.842607737,0.534767568,-0.216029048,0.0,0.0,0.0,1.0]},"headPose":{"x":0.00736896833,"y":-0.131272033,"z":0.196253628}},{"recID":92,"timestamp":0,"world2head":{"data":[0.995301247,0.0182732232,-0.095086664,0.0134575032,0.07041843,0.537419736,0.8403698,-0.0949287862,0.06645772,-0.843117,0.5336078,-0.216670841,0.0,0.0,0.0,1.0]},"headPose":{"x":0.0076899156,"y":-0.131908163,"z":0.196672142}},{"recID":93,"timestamp":0,"world2head":{"data":[0.994735837,0.0279012565,-0.09860086,0.014948261,0.06844889,0.5351497,0.841979563,-0.0945228338,0.0762585,-0.8442964,0.5304227,-0.218486413,0.0,0.0,0.0,1.0]},"headPose":{"x":0.008261861,"y":-0.134300515,"z":0.196950376}},{"recID":94,"timestamp":0,"world2head":{"data":[0.9946299,0.03340485,-0.0979561955,0.0156464316,0.06513396,0.5334963,0.8432907,-0.0935640261,0.08042927,-0.8451425,0.5284556,-0.219097391,0.0,0.0,0.0,1.0]},"headPose":{"x":0.008153628,"y":-0.1357751,"z":0.1962176}},{"recID":95,"timestamp":0,"world2head":{"data":[0.994646251,0.0376177467,-0.09624859,0.0156740416,0.06255335,0.5221945,0.8505293,-0.09615536,0.0822554752,-0.8519964,0.5170457,-0.2172289,0.0,0.0,0.0,1.0]},"headPose":{"x":0.00829298,"y":-0.135456055,"z":0.1956088}},{"recID":96,"timestamp":0,"world2head":{"data":[0.99452883,0.03890323,-0.09694798,0.0156820528,0.0627932549,0.5190434,0.852438331,-0.09728279,0.08348282,-0.853862166,0.5137608,-0.21624659,0.0,0.0,0.0,1.0]},"headPose":{"x":0.008565322,"y":-0.134760857,"z":0.19554691}},{"recID":97,"timestamp":0,"world2head":{"data":[0.994216144,0.0420115069,-0.09883993,0.016326569,0.06227099,0.5243264,0.849237442,-0.09849611,0.08750213,-0.850480437,0.518677652,-0.215222329,0.0,0.0,0.0,1.0]},"headPose":{"x":0.008733722,"y":-0.132084161,"z":0.196891308}},{"recID":98,"timestamp":0,"world2head":{"data":[0.994043767,0.04241675,-0.100388162,0.0168752167,0.06257687,0.532007635,0.8444241,-0.0973558053,0.089225,-0.845676541,0.526184559,-0.215810388,0.0,0.0,0.0,1.0]},"headPose":{"x":0.008573196,"y":-0.131427541,"z":0.197459742}},{"recID":99,"timestamp":0,"world2head":{"data":[0.994176269,0.0421533324,-0.0991795957,0.0169496089,0.0607376657,0.5410526,0.8387927,-0.09392327,0.08901928,-0.8399317,0.5353414,-0.216645852,0.0,0.0,0.0,1.0]},"headPose":{"x":0.008139436,"y":-0.131864756,"z":0.196442664}},{"recID":100,"timestamp":0,"world2head":{"data":[0.9942799,0.0413287841,-0.0984853953,0.0169989,0.0606202073,0.5408156,0.838954,-0.09386321,0.08793539,-0.8401253,0.535216749,-0.216559112,0.0,0.0,0.0,1.0]},"headPose":{"x":0.00783155,"y":-0.131876618,"z":0.19632709}},{"recID":101,"timestamp":0,"world2head":{"data":[0.9948898,0.0377717465,-0.09363557,0.0162766241,0.058395423,0.541285634,0.838808537,-0.09411042,0.08236685,-0.8399899,0.5363139,-0.216852561,0.0,0.0,0.0,1.0]},"headPose":{"x":0.007163636,"y":-0.131828159,"z":0.196765751}},{"recID":102,"timestamp":0,"world2head":{"data":[0.995231,0.0346725732,-0.09117661,0.0155629711,0.05805312,0.5406207,0.8392611,-0.09371461,0.0783913061,-0.8405517,0.5360296,-0.216872722,0.0,0.0,0.0,1.0]},"headPose":{"x":0.0069526094,"y":-0.132168278,"z":0.196320191}},{"recID":103,"timestamp":0,"world2head":{"data":[0.995527744,0.0290521849,-0.08989176,0.0150029156,0.06019053,0.53833437,0.8405792,-0.09397399,0.07281248,-0.8422305,0.534178138,-0.216983244,0.0,0.0,0.0,1.0]},"headPose":{"x":0.006519611,"y":-0.132596329,"z":0.196248874}},{"recID":104,"timestamp":0,"world2head":{"data":[0.995656967,0.0263049472,-0.08930426,0.0149711091,0.06137144,0.535861,0.8420727,-0.09400333,0.07000535,-0.84389627,0.53191936,-0.216647312,0.0,0.0,0.0,1.0]},"headPose":{"x":0.006029503,"y":-0.132848978,"z":0.195733547}},{"recID":105,"timestamp":0,"world2head":{"data":[0.9959731,0.0206773821,-0.0872353762,0.0144415628,0.06299996,0.530871,0.8451077,-0.0948547944,0.0637853444,-0.8472004,0.527430534,-0.216196433,0.0,0.0,0.0,1.0]},"headPose":{"x":0.005382605,"y":-0.133104637,"z":0.195450932}},{"recID":106,"timestamp":0,"world2head":{"data":[0.9961399,0.0185850114,-0.0857898146,0.0140864812,0.06297397,0.52955395,0.845935464,-0.0950809643,0.0611520559,-0.848072648,0.5263394,-0.215945452,0.0,0.0,0.0,1.0]},"headPose":{"x":0.00516103,"y":-0.133048728,"z":0.195301473}},{"recID":107,"timestamp":0,"world2head":{"data":[0.9962132,0.0139891189,-0.0858112,0.0140571911,0.06554782,0.527576566,0.8469748,-0.09526932,0.05712041,-0.849392235,0.5246618,-0.21585159,0.0,0.0,0.0,1.0]},"headPose":{"x":0.00457026949,"y":-0.133277461,"z":0.195146084}},{"recID":108,"timestamp":0,"world2head":{"data":[0.996337,0.0121247508,-0.08464979,0.0137857264,0.06562336,0.526280046,0.84777534,-0.0953791142,0.0548285581,-0.850225,0.5235566,-0.215637088,0.0,0.0,0.0,1.0]},"headPose":{"x":0.004346937,"y":-0.133311033,"z":0.194925219}},{"recID":109,"timestamp":0,"world2head":{"data":[0.9966169,0.008289373,-0.0817678645,0.0129061295,0.06529525,0.524344444,0.8489991,-0.09590349,0.0499121919,-0.8514659,0.5220293,-0.21543014,0.0,0.0,0.0,1.0]},"headPose":{"x":0.00415216759,"y":-0.13325195,"z":0.194938138}},{"recID":110,"timestamp":0,"world2head":{"data":[0.9967019,0.00662001967,-0.08087925,0.01247146,0.06544543,0.523720145,0.849372864,-0.09602741,0.0479809567,-0.8518647,0.5215596,-0.21538955,0.0,0.0,0.0,1.0]},"headPose":{"x":0.004188824,"y":-0.13327381,"z":0.194910228}},{"recID":111,"timestamp":0,"world2head":{"data":[0.9967569,0.00407823734,-0.08036822,0.0119883707,0.06634983,0.5234672,0.8494586,-0.09613552,0.045534417,-0.8520361,0.5214989,-0.215438291,0.0,0.0,0.0,1.0]},"headPose":{"x":0.00423894264,"y":-0.133286312,"z":0.194977462}},{"recID":112,"timestamp":0,"world2head":{"data":[0.9967468,0.0030846037,-0.08053804,0.0118532488,0.06700966,0.523528159,0.849369168,-0.0960738,0.0447838977,-0.85200274,0.5216183,-0.2154503,0.0,0.0,0.0,1.0]},"headPose":{"x":0.004271888,"y":-0.133303478,"z":0.194939584}},{"recID":113,"timestamp":0,"world2head":{"data":[0.9966922,0.00157808885,-0.08125374,0.0116178785,0.0683873743,0.523879468,0.8490427,-0.09582422,0.04390703,-0.851790965,0.5220387,-0.2155903,0.0,0.0,0.0,1.0]},"headPose":{"x":0.00443964638,"y":-0.133455843,"z":0.1948493}},{"recID":114,"timestamp":0,"world2head":{"data":[0.996603966,0.0007510036,-0.08234024,0.0116552,0.06976895,0.52340734,0.8492215,-0.09565971,0.04373525,-0.8520823,0.5215774,-0.215650648,0.0,0.0,0.0,1.0]},"headPose":{"x":0.004489994,"y":-0.133691862,"z":0.194674477}},{"recID":115,"timestamp":0,"world2head":{"data":[0.996398032,7.1041286E-06,-0.0847992152,0.0118192751,0.0723198652,0.522107,0.849808335,-0.0959087461,0.0442803055,-0.85288,0.5202259,-0.215502411,0.0,0.0,0.0,1.0]},"headPose":{"x":0.004701915,"y":-0.133723155,"z":0.194616228}},{"recID":116,"timestamp":0,"world2head":{"data":[0.99631995,0.000201914459,-0.0857119,0.0119697722,0.07300143,0.522021532,0.8498026,-0.09603606,0.04491505,-0.852932334,0.5200857,-0.215474159,0.0,0.0,0.0,1.0]},"headPose":{"x":0.004763076,"y":-0.1336544,"z":0.194702655}},{"recID":117,"timestamp":0,"world2head":{"data":[0.9963675,0.00145713612,-0.08514509,0.0118991192,0.0718499,0.5223062,0.849725842,-0.09576612,0.0457099751,-0.852756858,0.5203042,-0.215539724,0.0,0.0,0.0,1.0]},"headPose":{"x":0.004877205,"y":-0.133801058,"z":0.1945343}},{"recID":118,"timestamp":0,"world2head":{"data":[0.9964256,0.00185484439,-0.084454596,0.011699222,0.0710597038,0.5222012,0.849856734,-0.09585838,0.04567864,-0.8528203,0.5202028,-0.21556057,0.0,0.0,0.0,1.0]},"headPose":{"x":0.00500077661,"y":-0.133798778,"z":0.194589153}},{"recID":119,"timestamp":0,"world2head":{"data":[0.9963523,0.001272656,-0.08532527,0.0115834819,0.07206941,0.522869,0.849361062,-0.09592364,0.0456948876,-0.8524122,0.52087,-0.215716228,0.0,0.0,0.0,1.0]},"headPose":{"x":0.00522905728,"y":-0.133738369,"z":0.194822252}},{"recID":120,"timestamp":0,"world2head":{"data":[0.996378243,0.00153949112,-0.08501808,0.0114732683,0.07164902,0.5232325,0.8491726,-0.09574842,0.0457915179,-0.8521886,0.5212272,-0.215807855,0.0,0.0,0.0,1.0]},"headPose":{"x":0.005310735,"y":-0.133827955,"z":0.1947673}},{"recID":121,"timestamp":0,"world2head":{"data":[0.9964811,0.0007391721,-0.0838145,0.0109301088,0.0710315,0.5234046,0.8491186,-0.09566136,0.04449655,-0.852084041,0.521510243,-0.215773717,0.0,0.0,0.0,1.0]},"headPose":{"x":0.00550450664,"y":-0.133795828,"z":0.194672123}},{"recID":122,"timestamp":0,"world2head":{"data":[0.996515155,0.000417191535,-0.08341078,0.0106361695,0.07084605,0.523586035,0.8490221,-0.0955657437,0.04402692,-0.851972759,0.521731853,-0.215768814,0.0,0.0,0.0,1.0]},"headPose":{"x":0.005670989,"y":-0.133796692,"z":0.194598064}},{"recID":123,"timestamp":0,"world2head":{"data":[0.9964253,-0.0009591393,-0.0844737,0.0104473,0.0725045949,0.522900939,0.849304259,-0.0955655947,0.0433567762,-0.852393,0.521101236,-0.215735748,0.0,0.0,0.0,1.0]},"headPose":{"x":0.005872596,"y":-0.133910269,"z":0.194466949}},{"recID":124,"timestamp":0,"world2head":{"data":[0.9963562,-0.001752235,-0.0852720439,0.0103959944,0.0736163259,0.5225444,0.849428058,-0.09573329,0.0430700369,-0.85261035,0.520769358,-0.215691388,0.0,0.0,0.0,1.0]},"headPose":{"x":0.005979255,"y":-0.133857578,"z":0.194530487}},{"recID":125,"timestamp":0,"world2head":{"data":[0.9962349,-0.00248138234,-0.08665975,0.01038764,0.07519652,0.5221993,0.849501848,-0.09582893,0.0431457236,-0.8528199,0.5204197,-0.215524465,0.0,0.0,0.0,1.0]},"headPose":{"x":0.006156431,"y":-0.13373597,"z":0.194470227}},{"recID":126,"timestamp":0,"world2head":{"data":[0.996156454,-0.00253345817,-0.08755532,0.01051924,0.07598395,0.522264242,0.8493919,-0.09580951,0.04357511,-0.852780044,0.5204494,-0.21564123,0.0,0.0,0.0,1.0]},"headPose":{"x":0.006197767,"y":-0.133829981,"z":0.194531173}},{"recID":127,"timestamp":0,"world2head":{"data":[0.996157467,-0.00201130658,-0.0875569656,0.0105665233,0.0757251456,0.5220415,0.849551857,-0.09576874,0.0439996645,-0.852917731,0.520187855,-0.215508938,0.0,0.0,0.0,1.0]},"headPose":{"x":0.00620850129,"y":-0.133794889,"z":0.194390818}},{"recID":128,"timestamp":0,"world2head":{"data":[0.996152759,-0.00192511454,-0.0876124352,0.0105566448,0.07573688,0.5218622,0.849661,-0.09587552,0.0440859348,-0.8530277,0.520000339,-0.21550335,0.0,0.0,0.0,1.0]},"headPose":{"x":0.006245945,"y":-0.133776158,"z":0.194448367}},{"recID":129,"timestamp":0,"world2head":{"data":[0.996133268,-0.00164911523,-0.08783944,0.0106459474,0.0758108348,0.5214045,0.849935353,-0.0961391255,0.044398237,-0.853308,0.5195134,-0.215546846,0.0,0.0,0.0,1.0]},"headPose":{"x":0.006253506,"y":-0.133782938,"z":0.194626644}},{"recID":130,"timestamp":0,"world2head":{"data":[0.9961408,-0.0016435422,-0.08775467,0.010671339,0.07573557,0.521405458,0.849941432,-0.09629626,0.04435885,-0.8533074,0.5195177,-0.2156024,0.0,0.0,0.0,1.0]},"headPose":{"x":0.00622677,"y":-0.1337482,"z":0.194791913}},{"recID":131,"timestamp":0,"world2head":{"data":[0.9961671,-0.00116837025,-0.08746273,0.0106274933,0.0752183944,0.5218115,0.84973824,-0.09633362,0.0446462557,-0.8530601,0.5198993,-0.215798959,0.0,0.0,0.0,1.0]},"headPose":{"x":0.00629391149,"y":-0.133809045,"z":0.194981575}},{"recID":132,"timestamp":0,"world2head":{"data":[0.99617976,-0.000775475055,-0.0873231,0.0106584039,0.0749024749,0.521670043,0.8498529,-0.0964139551,0.0448948033,-0.85314703,0.5197352,-0.215875626,0.0,0.0,0.0,1.0]},"headPose":{"x":0.00629565166,"y":-0.1338691,"z":0.195066571}},{"recID":133,"timestamp":0,"world2head":{"data":[0.9961846,-0.000424202532,-0.0872700959,0.0107378215,0.07468605,0.5214556,0.8500036,-0.09663656,0.04514691,-0.8532784,0.5194977,-0.215980843,0.0,0.0,0.0,1.0]},"headPose":{"x":0.00627141632,"y":-0.133895546,"z":0.19528006}},{"recID":134,"timestamp":0,"world2head":{"data":[0.9961881,0.000127453357,-0.08723128,0.0107536223,0.07437967,0.521206558,0.8501832,-0.0967181,0.0455738641,-0.853430569,0.5192103,-0.216030657,0.0,0.0,0.0,1.0]},"headPose":{"x":0.00632658228,"y":-0.133958429,"z":0.195331484}},{"recID":135,"timestamp":0,"world2head":{"data":[0.996227562,0.00139327347,-0.08676779,0.0108415475,0.07333379,0.5210794,0.850352,-0.09700296,0.0463977,-0.8535071,0.519011557,-0.216160461,0.0,0.0,0.0,1.0]},"headPose":{"x":0.006342291,"y":-0.133963332,"z":0.19561711}},{"recID":136,"timestamp":0,"world2head":{"data":[0.9962466,0.00198672339,-0.0865381,0.0108911227,0.0728235841,0.521191239,0.850327253,-0.09717417,0.04679226,-0.853437662,0.5190903,-0.216280982,0.0,0.0,0.0,1.0]},"headPose":{"x":0.006346604,"y":-0.133957639,"z":0.1958417}},{"recID":137,"timestamp":0,"world2head":{"data":[0.996357262,0.0025072284,-0.08524045,0.0106725525,0.0714604557,0.5209217,0.850608,-0.09727672,0.04653628,-0.85360074,0.518844962,-0.2163454,0.0,0.0,0.0,1.0]},"headPose":{"x":0.006385671,"y":-0.134025812,"z":0.195903808}},{"recID":138,"timestamp":0,"world2head":{"data":[0.9963833,0.00224879,-0.08494231,0.0105521334,0.07135624,0.520622134,0.8508002,-0.09742285,0.0461361222,-0.853784263,0.518578768,-0.216318563,0.0,0.0,0.0,1.0]},"headPose":{"x":0.00641785376,"y":-0.133992612,"z":0.195961878}},{"recID":139,"timestamp":0,"world2head":{"data":[0.996409655,0.00153711066,-0.08464864,0.0103844916,0.0714906454,0.5203199,0.850973845,-0.0978188738,0.0453524143,-0.85397017,0.5183419,-0.21638599,0.0,0.0,0.0,1.0]},"headPose":{"x":0.006459552,"y":-0.133906,"z":0.196282223}},{"recID":140,"timestamp":0,"world2head":{"data":[0.9964776,0.00126909465,-0.0838496462,0.0102016488,0.07093259,0.520599365,0.850849569,-0.09787012,0.0447318926,-0.853800237,0.5186756,-0.216408983,0.0,0.0,0.0,1.0]},"headPose":{"x":0.006456846,"y":-0.133831844,"z":0.196374178}},{"recID":141,"timestamp":0,"world2head":{"data":[0.9965879,0.0007056743,-0.08253519,0.009769537,0.07008446,0.5209533,0.8507031,-0.0979145,0.0435972959,-0.8535849,0.5191263,-0.21660015,0.0,0.0,0.0,1.0]},"headPose":{"x":0.00656926632,"y":-0.133884639,"z":0.196545348}},{"recID":142,"timestamp":0,"world2head":{"data":[0.996642351,0.000657998,-0.08187565,0.009627709,0.0695488155,0.5209019,0.8507785,-0.09817629,0.043209,-0.8536163,0.519107163,-0.216623589,0.0,0.0,0.0,1.0]},"headPose":{"x":0.00659274869,"y":-0.133779526,"z":0.196765408}},{"recID":143,"timestamp":0,"world2head":{"data":[0.996732831,0.000333298,-0.0807684362,0.009272275,0.06873724,0.5216065,0.8504128,-0.09836879,0.0424127877,-0.8531862,0.5198794,-0.21685195,0.0,0.0,0.0,1.0]},"headPose":{"x":0.006716911,"y":-0.133708373,"z":0.197139829}},{"recID":144,"timestamp":0,"world2head":{"data":[0.996754646,-9.658933E-05,-0.08049916,0.009136228,0.06870172,0.522201836,0.8500502,-0.09828349,0.0419547036,-0.852821946,0.5205138,-0.217143089,0.0,0.0,0.0,1.0]},"headPose":{"x":0.00675584236,"y":-0.133859679,"z":0.197307318}},{"recID":145,"timestamp":0,"world2head":{"data":[0.9968178,-0.00138878077,-0.07970103,0.008778261,0.068709895,0.5218611,0.8502588,-0.09821246,0.040412046,-0.8530294,0.520295858,-0.2174581,0.0,0.0,0.0,1.0]},"headPose":{"x":0.00678576669,"y":-0.1342327,"z":0.197348177}},{"recID":146,"timestamp":0,"world2head":{"data":[0.996859133,-0.00192648545,-0.07917166,0.008537045,0.06859289,0.5206817,0.8509909,-0.09850688,0.0395838059,-0.8537487,0.51917845,-0.217538267,0.0,0.0,0.0,1.0]},"headPose":{"x":0.006857634,"y":-0.134415835,"z":0.197445542}},{"recID":147,"timestamp":0,"world2head":{"data":[0.996902764,-0.00254385173,-0.0786027759,0.