[{"recID":0,"timestamp":0,"world2head":{"data":[0.9852696,-0.0137470812,-0.170454741,-0.0566257127,0.09040195,0.8879689,0.4509309,-0.195382923,0.145159543,-0.459697962,0.876131535,-0.189797834,0.0,0.0,0.0,1.0]},"headPose":{"x":0.101005554,"y":0.08546584,"z":0.24473995}},{"recID":1,"timestamp":0,"world2head":{"data":[0.98541826,-0.0123725571,-0.169699013,-0.05660947,0.0900382251,0.884186745,0.4583743,-0.196110651,0.144374341,-0.466969818,0.872407734,-0.1886889,0.0,0.0,0.0,1.0]},"headPose":{"x":0.1006833,"y":0.084586,"z":0.244899184}},{"recID":2,"timestamp":0,"world2head":{"data":[0.98541826,-0.0123725571,-0.169699013,-0.05660947,0.0900382251,0.884186745,0.4583743,-0.196110651,0.144374341,-0.466969818,0.872407734,-0.1886889,0.0,0.0,0.0,1.0]},"headPose":{"x":0.1006833,"y":0.084586,"z":0.244899184}},{"recID":3,"timestamp":0,"world2head":{"data":[0.98541826,-0.0123725571,-0.169699013,-0.05660947,0.0900382251,0.884186745,0.4583743,-0.196110651,0.144374341,-0.466969818,0.872407734,-0.1886889,0.0,0.0,0.0,1.0]},"headPose":{"x":0.1006833,"y":0.084586,"z":0.244899184}},{"recID":4,"timestamp":0,"world2head":{"data":[0.98541826,-0.0123725571,-0.169699013,-0.05660947,0.0900382251,0.884186745,0.4583743,-0.196110651,0.144374341,-0.466969818,0.872407734,-0.1886889,0.0,0.0,0.0,1.0]},"headPose":{"x":0.1006833,"y":0.084586,"z":0.244899184}},{"recID":5,"timestamp":0,"world2head":{"data":[0.98541826,-0.0123725571,-0.169699013,-0.05660947,0.0900382251,0.884186745,0.4583743,-0.196110651,0.144374341,-0.466969818,0.872407734,-0.1886889,0.0,0.0,0.0,1.0]},"headPose":{"x":0.1006833,"y":0.084586,"z":0.244899184}},{"recID":6,"timestamp":0,"world2head":{"data":[0.98541826,-0.0123725571,-0.169699013,-0.05660947,0.0900382251,0.884186745,0.4583743,-0.196110651,0.144374341,-0.466969818,0.872407734,-0.1886889,0.0,0.0,0.0,1.0]},"headPose":{"x":0.1006833,"y":0.084586,"z":0.244899184}},{"recID":7,"timestamp":0,"world2head":{"data":[0.98541826,-0.0123725571,-0.169699013,-0.05660947,0.0900382251,0.884186745,0.4583743,-0.196110651,0.144374341,-0.466969818,0.872407734,-0.1886889,0.0,0.0,0.0,1.0]},"headPose":{"x":0.1006833,"y":0.084586,"z":0.244899184}},{"recID":8,"timestamp":0,"world2head":{"data":[0.98541826,-0.0123725571,-0.169699013,-0.05660947,0.0900382251,0.884186745,0.4583743,-0.196110651,0.144374341,-0.466969818,0.872407734,-0.1886889,0.0,0.0,0.0,1.0]},"headPose":{"x":0.1006833,"y":0.084586,"z":0.244899184}},{"recID":9,"timestamp":0,"world2head":{"data":[0.98541826,-0.0123725571,-0.169699013,-0.05660947,0.0900382251,0.884186745,0.4583743,-0.196110651,0.144374341,-0.466969818,0.872407734,-0.1886889,0.0,0.0,0.0,1.0]},"headPose":{"x":0.1006833,"y":0.084586,"z":0.244899184}},{"recID":10,"timestamp":0,"world2head":{"data":[0.98541826,-0.0123725571,-0.169699013,-0.05660947,0.0900382251,0.884186745,0.4583743,-0.196110651,0.144374341,-0.466969818,0.872407734,-0.1886889,0.0,0.0,0.0,1.0]},"headPose":{"x":0.1006833,"y":0.084586,"z":0.244899184}},{"recID":11,"timestamp":0,"world2head":{"data":[0.9857168,-0.0130898841,-0.16790165,-0.0564013645,0.0901453346,0.883136,0.460374534,-0.196661457,0.142253742,-0.468934476,0.871701956,-0.188419,0.0,0.0,0.0,1.0]},"headPose":{"x":0.1001272,"y":0.08458435,"z":0.245313257}},{"recID":12,"timestamp":0,"world2head":{"data":[0.9855237,-0.0126058906,-0.169068411,-0.05601281,0.09016013,0.883495152,0.459681928,-0.196620047,0.143576428,-0.468270659,0.871841967,-0.188702226,0.0,0.0,0.0,1.0]},"headPose":{"x":0.100022428,"y":0.08464304,"z":0.2454312}},{"recID":13,"timestamp":0,"world2head":{"data":[0.985181749,-0.0113242529,-0.17113924,-0.05524929,0.08980347,0.884166956,0.4584584,-0.196258575,0.146123976,-0.467033774,0.8720821,-0.189171433,0.0,0.0,0.0,1.0]},"headPose":{"x":0.0996977761,"y":0.08455025,"z":0.245494112}},{"recID":14,"timestamp":0,"world2head":{"data":[0.9850244,-0.0101013035,-0.172118723,-0.0545708463,0.08907648,0.884547,0.457866758,-0.195893466,0.147622049,-0.466341645,0.8722002,-0.189400986,0.0,0.0,0.0,1.0]},"headPose":{"x":0.0991628841,"y":0.08440018,"z":0.245496}},{"recID":15,"timestamp":0,"world2head":{"data":[0.9850188,-0.0100790113,-0.172152326,-0.0544342063,0.0891016647,0.8844556,0.45803836,-0.195937172,0.1476445,-0.466515452,0.872103453,-0.189360484,0.0,0.0,0.0,1.0]},"headPose":{"x":0.09903508,"y":0.08440952,"z":0.2455177}},{"recID":16,"timestamp":0,"world2head":{"data":[0.984827638,-0.009427208,-0.173278987,-0.0537371971,0.0890500844,0.884483635,0.4579943,-0.195940569,0.148944825,-0.466476,0.8719034,-0.189564541,0.0,0.0,0.0,1.0]},"headPose":{"x":0.09860506,"y":0.0843723342,"z":0.2457101}},{"recID":17,"timestamp":0,"world2head":{"data":[0.98473233,-0.008852266,-0.173850238,-0.05344391,0.08886533,0.8843299,0.458326876,-0.196012989,0.149683744,-0.466778517,0.871614933,-0.189727485,0.0,0.0,0.0,1.0]},"headPose":{"x":0.09844582,"y":0.08430634,"z":0.245916083}},{"recID":18,"timestamp":0,"world2head":{"data":[0.984688759,-0.007109046,-0.174176618,-0.0530742221,0.08756422,0.884137154,0.458948821,-0.195724323,0.150733337,-0.467173368,0.871222436,-0.189759672,0.0,0.0,0.0,1.0]},"headPose":{"x":0.09800314,"y":0.0840191841,"z":0.245906025}},{"recID":19,"timestamp":0,"world2head":{"data":[0.984775543,-0.00568877161,-0.173737615,-0.0528783873,0.08655857,0.8827903,0.461723715,-0.195987523,0.15074724,-0.469732732,0.869842768,-0.1891442,0.0,0.0,0.0,1.0]},"headPose":{"x":0.09755071,"y":0.08386787,"z":0.245830849}},{"recID":20,"timestamp":0,"world2head":{"data":[0.9851046,-0.00410677865,-0.171907172,-0.0531402081,0.08440465,0.8825439,0.462592721,-0.195867255,0.149815872,-0.470211983,0.8697447,-0.189008236,0.0,0.0,0.0,1.0]},"headPose":{"x":0.0971972048,"y":0.0837693,"z":0.2458605}},{"recID":21,"timestamp":0,"world2head":{"data":[0.985187054,-0.00364216045,-0.171444416,-0.053218402,0.08396222,0.881982267,0.46374315,-0.195834175,0.149521917,-0.4712686,0.8692233,-0.1886346,0.0,0.0,0.0,1.0]},"headPose":{"x":0.09707776,"y":0.08363086,"z":0.245658338}},{"recID":22,"timestamp":0,"world2head":{"data":[0.9848846,-0.00341219082,-0.173178151,-0.05279724,0.08494693,0.880830765,0.465747982,-0.196580619,0.15095143,-0.473418981,0.867806554,-0.187962323,0.0,0.0,0.0,1.0]},"headPose":{"x":0.09707129,"y":0.08398917,"z":0.245528609}},{"recID":23,"timestamp":0,"world2head":{"data":[0.9845474,-0.00265917927,-0.175098062,-0.0523275174,0.08488251,0.8818178,0.463888317,-0.196092665,0.153171033,-0.4715828,0.868417144,-0.188282952,0.0,0.0,0.0,1.0]},"headPose":{"x":0.09700325,"y":0.08398785,"z":0.245310783}},{"recID":24,"timestamp":0,"world2head":{"data":[0.9842276,-0.0019422397,-0.176896214,-0.0519005954,0.0852268338,0.8814556,0.4645131,-0.195970267,0.155023962,-0.4722629,0.867718458,-0.188304543,0.0,0.0,0.0,1.0]},"headPose":{"x":0.09697564,"y":0.08370903,"z":0.245245069}},{"recID":25,"timestamp":0,"world2head":{"data":[0.9840693,-0.00115839764,-0.177781671,-0.0517301,0.08503838,0.8812338,0.4649682,-0.195536524,0.156128615,-0.4726792,0.8672936,-0.188371524,0.0,0.0,0.0,1.0]},"headPose":{"x":0.0969442949,"y":0.08321417,"z":0.245095044}},{"recID":26,"timestamp":0,"world2head":{"data":[0.983937,-0.0008129403,-0.178514212,-0.0516298749,0.08598094,0.8785168,0.4699102,-0.19590266,0.156445712,-0.477710843,0.864475,-0.187140092,0.0,0.0,0.0,1.0]},"headPose":{"x":0.0969217047,"y":0.08266294,"z":0.244617939}},{"recID":27,"timestamp":0,"world2head":{"data":[0.983895,-0.000121172518,-0.1787473,-0.05171324,0.0861416161,0.8765374,0.473563,-0.196609154,0.1566213,-0.481333822,0.862431169,-0.186256737,0.0,0.0,0.0,1.0]},"headPose":{"x":0.0969884,"y":0.08267733,"z":0.244496822}},{"recID":28,"timestamp":0,"world2head":{"data":[0.983482,5.21540642E-07,-0.18100591,-0.05133066,0.08819284,0.8732682,0.47919175,-0.1982714,0.158066943,-0.487239867,0.8588435,-0.1847278,0.0,0.0,0.0,1.0]},"headPose":{"x":0.09716826,"y":0.08313737,"z":0.244371116}},{"recID":29,"timestamp":0,"world2head":{"data":[0.983302951,-3.681332E-05,-0.181976125,-0.0510581657,0.0884084851,0.8741529,0.477535963,-0.198062465,0.1590574,-0.485650778,0.85956043,-0.185102224,0.0,0.0,0.0,1.0]},"headPose":{"x":0.0971579254,"y":0.08323997,"z":0.244397119}},{"recID":30,"timestamp":0,"world2head":{"data":[0.983195841,0.0007208362,-0.1825525,-0.0510408543,0.08778531,0.8749164,0.476251036,-0.197357625,0.160061464,-0.484273463,0.8601509,-0.185319826,0.0,0.0,0.0,1.0]},"headPose":{"x":0.09717082,"y":0.0829627439,"z":0.244077146}},{"recID":31,"timestamp":0,"world2head":{"data":[0.982820868,-0.000319276,-0.184561864,-0.0505402051,0.08995639,0.874003768,0.477519959,-0.197333083,0.1611553,-0.4859191,0.859017849,-0.1851492,0.0,0.0,0.0,1.0]},"headPose":{"x":0.09726111,"y":0.08248619,"z":0.243949145}},{"recID":32,"timestamp":0,"world2head":{"data":[0.9825359,1.89058483E-05,-0.18607302,-0.0502508767,0.09104791,0.872059464,0.480856061,-0.197877988,0.162275836,-0.4893999,0.8568281,-0.184478939,0.0,0.0,0.0,1.0]},"headPose":{"x":0.0973261446,"y":0.08227834,"z":0.243867218}},{"recID":33,"timestamp":0,"world2head":{"data":[0.9822791,0.0003948845,-0.187423438,-0.0499696881,0.0912894756,0.872350156,0.4802827,-0.1981758,0.163688511,-0.488881439,0.856855333,-0.1846664,0.0,0.0,0.0,1.0]},"headPose":{"x":0.09740332,"y":0.0826184452,"z":0.244047284}},{"recID":34,"timestamp":0,"world2head":{"data":[0.981880367,0.0005355999,-0.189501047,-0.04933204,0.0917191654,0.873720467,0.477703035,-0.197499782,0.1658268,-0.486428082,0.8578398,-0.185390189,0.0,0.0,0.0,1.0]},"headPose":{"x":0.0972953439,"y":0.08240702,"z":0.24403286}},{"recID":35,"timestamp":0,"world2head":{"data":[0.9818512,0.00202675164,-0.189642042,-0.0493047163,0.09046049,0.8738596,0.477688581,-0.1972525,0.166688681,-0.4861742,0.8578167,-0.185431451,0.0,0.0,0.0,1.0]},"headPose":{"x":0.0971627757,"y":0.08231891,"z":0.243941218}},{"recID":36,"timestamp":0,"world2head":{"data":[0.981897831,0.00273684785,-0.189391524,-0.0493023768,0.08966982,0.874031842,0.477522463,-0.1975921,0.16684112,-0.485860974,0.8579645,-0.1854908,0.0,0.0,0.0,1.0]},"headPose":{"x":0.09707545,"y":0.08271397,"z":0.244161755}},{"recID":37,"timestamp":0,"world2head":{"data":[0.9818941,0.00236112624,-0.189416,-0.04914416,0.08961539,0.8751626,0.4754572,-0.197362185,0.166892424,-0.48382318,0.8591054,-0.1859095,0.0,0.0,0.0,1.0]},"headPose":{"x":0.0969679356,"y":0.08289271,"z":0.244244412}},{"recID":38,"timestamp":0,"world2head":{"data":[0.9820926,0.00327202678,-0.188370213,-0.049274113,0.08778829,0.87671864,0.47292456,-0.196604744,0.1666951,-0.4809924,0.8607317,-0.186601356,0.0,0.0,0.0,1.0]},"headPose":{"x":0.0967568755,"y":0.08277443,"z":0.244311124}},{"recID":39,"timestamp":0,"world2head":{"data":[0.9821327,0.00360472873,-0.188155323,-0.0492906235,0.0873223543,0.876937151,0.472605675,-0.196439534,0.166704,-0.480591625,0.8609538,-0.186695725,0.0,0.0,0.0,1.0]},"headPose":{"x":0.09668642,"y":0.08271838,"z":0.244300529}},{"recID":40,"timestamp":0,"world2head":{"data":[0.9821817,0.004599817,-0.187877342,-0.049402494,0.08648665,0.876487434,0.47359252,-0.196860313,0.166850582,-0.4814028,0.8604721,-0.186405748,0.0,0.0,0.0,1.0]},"headPose":{"x":0.09664992,"y":0.08303658,"z":0.244346917}},{"recID":41,"timestamp":0,"world2head":{"data":[0.982060432,0.004746612,-0.188506842,-0.04922575,0.0859181,0.8786195,0.469729573,-0.196406424,0.167855412,-0.477498978,0.8624496,-0.1873144,0.0,0.0,0.0,1.0]},"headPose":{"x":0.0966592655,"y":0.0833577439,"z":0.244527757}},{"recID":42,"timestamp":0,"world2head":{"data":[0.982007146,0.004497364,-0.188790336,-0.049114164,0.0860184953,0.879330337,0.46837914,-0.195961967,0.168115541,-0.4761911,0.8631218,-0.187606126,0.0,0.0,0.0,1.0]},"headPose":{"x":0.09662632,"y":0.083199814,"z":0.244439155}},{"recID":43,"timestamp":0,"world2head":{"data":[0.9818805,0.00515477,-0.189431,-0.0491529256,0.08535962,0.8804435,0.466404229,-0.195692271,0.1691875,-0.474122971,0.8640503,-0.1883403,0.0,0.0,0.0,1.0]},"headPose":{"x":0.0968313441,"y":0.08325291,"z":0.244696125}},{"recID":44,"timestamp":0,"world2head":{"data":[0.98149544,0.004631445,-0.191429585,-0.0485125519,0.08664795,0.8807595,0.465569437,-0.195293844,0.170759678,-0.47354126,0.8640601,-0.188590676,0.0,0.0,0.0,1.0]},"headPose":{"x":0.09674034,"y":0.08292612,"z":0.244589776}},{"recID":45,"timestamp":0,"world2head":{"data":[0.981457949,0.00492992252,-0.191614032,-0.0484339,0.08679047,0.8798901,0.467183948,-0.195395812,0.170902461,-0.475151658,0.863147259,-0.188296944,0.0,0.0,0.0,1.0]},"headPose":{"x":0.0966747552,"y":0.08269599,"z":0.244533181}},{"recID":46,"timestamp":0,"world2head":{"data":[0.981363356,0.00421737134,-0.192115,-0.0482397527,0.08795937,0.8790146,0.468611181,-0.195726424,0.1708482,-0.476776183,0.8622618,-0.1880051,0.0,0.0,0.0,1.0]},"headPose":{"x":0.0966770351,"y":0.08261349,"z":0.244561642}},{"recID":47,"timestamp":0,"world2head":{"data":[0.9812534,0.0051574,-0.19265312,-0.0480557233,0.08809158,0.8770985,0.4721632,-0.196543247,0.171410888,-0.480282843,0.860201538,-0.187343314,0.0,0.0,0.0,1.0]},"headPose":{"x":0.09658133,"y":0.0826578438,"z":0.244695425}},{"recID":48,"timestamp":0,"world2head":{"data":[0.9812836,0.00564170256,-0.192485482,-0.0481065027,0.08738938,0.877669334,0.471232,-0.196590453,0.171597153,-0.479233444,0.860749543,-0.187761679,0.0,0.0,0.0,1.0]},"headPose":{"x":0.09660541,"y":0.08283115,"z":0.244995683}},{"recID":49,"timestamp":0,"world2head":{"data":[0.9814261,0.00564231724,-0.191757515,-0.0482438542,0.086704284,0.8786062,0.469609946,-0.196037948,0.171129033,-0.477513641,0.861797869,-0.188361838,0.0,0.0,0.0,1.0]},"headPose":{"x":0.09657929,"y":0.0825670138,"z":0.245140076}},{"recID":50,"timestamp":0,"world2head":{"data":[0.9814352,0.005398892,-0.191718042,-0.0482970923,0.08691314,0.878557265,0.4696629,-0.196154088,0.170970947,-0.477606535,0.8617778,-0.188518479,0.0,0.0,0.0,1.0]},"headPose":{"x":0.0966800153,"y":0.08255568,"z":0.2453279}},{"recID":51,"timestamp":0,"world2head":{"data":[0.9814085,0.00606880337,-0.191834643,-0.0484000072,0.08646564,0.8783476,0.470137447,-0.196198136,0.171350673,-0.477983981,0.861493051,-0.188510239,0.0,0.0,0.0,1.0]},"headPose":{"x":0.0967659354,"y":0.08251902,"z":0.245355546}},{"recID":52,"timestamp":0,"world2head":{"data":[0.9812712,0.00740149245,-0.192489,-0.0483967736,0.0856825858,0.8781975,0.470561028,-0.196670622,0.172526211,-0.478240967,0.8611157,-0.188836232,0.0,0.0,0.0,1.0]},"headPose":{"x":0.0969208,"y":0.0827646255,"z":0.245839536}},{"recID":53,"timestamp":0,"world2head":{"data":[0.981081,0.007758014,-0.193442166,-0.04825536,0.08606701,0.8775484,0.47170046,-0.196725428,0.17341432,-0.479425341,0.860278368,-0.189087152,0.0,0.0,0.0,1.0]},"headPose":{"x":0.09706441,"y":0.08235729,"z":0.24612844}},{"recID":54,"timestamp":0,"world2head":{"data":[0.9811907,0.009993557,-0.1927821,-0.0489900224,0.0839488655,0.8771932,0.4727416,-0.196265787,0.173831522,-0.480033517,0.8598549,-0.18924655,0.0,0.0,0.0,1.0]},"headPose":{"x":0.09744186,"y":0.0818079039,"z":0.246063173}},{"recID":55,"timestamp":0,"world2head":{"data":[0.98100394,0.00956117,-0.19375214,-0.0488924235,0.08531782,0.875734,0.4751956,-0.197060943,0.174218774,-0.482699215,0.858282745,-0.188703731,0.0,0.0,0.0,1.0]},"headPose":{"x":0.0976522,"y":0.08195328,"z":0.246130615}},{"recID":56,"timestamp":0,"world2head":{"data":[0.9803816,0.007007081,-0.196984336,-0.0481919833,0.0892436951,0.8752875,0.4752972,-0.196431175,0.175748363,-0.483552277,0.8574904,-0.188833147,0.0,0.0,0.0,1.0]},"headPose":{"x":0.09796389,"y":0.08096074,"z":0.245792717}},{"recID":57,"timestamp":0,"world2head":{"data":[0.9803944,0.006779868,-0.196928352,-0.04859498,0.09075177,0.871564865,0.481807858,-0.197720259,0.174902439,-0.490233332,0.853862047,-0.1869162,0.0,0.0,0.0,1.0]},"headPose":{"x":0.0982778147,"y":0.08102296,"z":0.2452941}},{"recID":58,"timestamp":0,"world2head":{"data":[0.978996754,0.006757658,-0.203763828,-0.0475589931,0.0926575363,0.8755196,0.47421518,-0.198201075,0.1816038,-0.483135372,0.8565047,-0.189044639,0.0,0.0,0.0,1.0]},"headPose":{"x":0.09925615,"y":0.0825161561,"z":0.246216774}},{"recID":59,"timestamp":0,"world2head":{"data":[0.978684366,0.006022401,-0.205281928,-0.04690939,0.09337753,0.8772233,0.470913917,-0.196983859,0.182914123,-0.4800448,0.85796237,-0.189569026,0.0,0.0,0.0,1.0]},"headPose":{"x":0.0989782,"y":0.08207971,"z":0.245775878}},{"recID":60,"timestamp":0,"world2head":{"data":[0.9787287,0.005228501,-0.205092087,-0.0472555645,0.0940506756,0.877007842,0.471181184,-0.197081536,0.182330951,-0.48044762,0.857861042,-0.188679218,0.0,0.0,0.0,1.0]},"headPose":{"x":0.09918808,"y":0.08243866,"z":0.2450299}},{"recID":61,"timestamp":0,"world2head":{"data":[0.9785398,0.00494401157,-0.205998376,-0.0470892526,0.0947618261,0.876928151,0.471187085,-0.19722414,0.182975337,-0.4805961,0.8576406,-0.188512668,0.0,0.0,0.0,1.0]},"headPose":{"x":0.0992612,"y":0.08258574,"z":0.244905263}},{"recID":62,"timestamp":0,"world2head":{"data":[0.978337646,0.00340414047,-0.206987724,-0.04665997,0.09638548,0.877387941,0.4700003,-0.197130948,0.18320848,-0.479769558,0.8580535,-0.188252822,0.0,0.0,0.0,1.0]},"headPose":{"x":0.09913927,"y":0.08280117,"z":0.244524539}},{"recID":63,"timestamp":0,"world2head":{"data":[0.978533745,0.003356859,-0.206059188,-0.0469865724,0.09583467,0.877769947,0.4693992,-0.196965456,0.182448268,-0.4790706,0.858605862,-0.1885285,0.0,0.0,0.0,1.0]},"headPose":{"x":0.09925077,"y":0.08272963,"z":0.244645074}},{"recID":64,"timestamp":0,"world2head":{"data":[0.978902161,0.0018642135,-0.204320982,-0.04729312,0.09629764,0.8777346,0.4693706,-0.196821362,0.1802146,-0.47914356,0.8590368,-0.188310191,0.0,0.0,0.0,1.0]},"headPose":{"x":0.09918502,"y":0.08261747,"z":0.244484574}},{"recID":65,"timestamp":0,"world2head":{"data":[0.979205132,0.0008089468,-0.202871054,-0.0476419143,0.09655306,0.877618253,0.469535649,-0.196998611,0.178423166,-0.4793595,0.8592902,-0.188327253,0.0,0.0,0.0,1.0]},"headPose":{"x":0.09927397,"y":0.08265165,"z":0.244660467}},{"recID":66,"timestamp":0,"world2head":{"data":[0.9794461,0.000444062054,-0.201705456,-0.0479565449,0.09635722,0.8774846,0.4698255,-0.196744487,0.177202076,-0.479604542,0.8594061,-0.188277125,0.0,0.0,0.0,1.0]},"headPose":{"x":0.0992917046,"y":0.0823629946,"z":0.244569}},{"recID":67,"timestamp":0,"world2head":{"data":[0.979487,-0.0007080734,-0.201506168,-0.04799456,0.09770265,0.8762558,0.471836865,-0.197326764,0.176236868,-0.481845737,0.858350337,-0.187598243,0.0,0.0,0.0,1.0]},"headPose":{"x":0.0993511155,"y":0.08248131,"z":0.244459838}},{"recID":68,"timestamp":0,"world2head":{"data":[0.979391932,-0.00103307515,-0.201966137,-0.0478961132,0.09830963,0.8759647,0.472251028,-0.197354078,0.176427335,-0.4823741,0.858014345,-0.187440038,0.0,0.0,0.0,1.0]},"headPose":{"x":0.0993804261,"y":0.08240951,"z":0.244353533}},{"recID":69,"timestamp":0,"world2head":{"data":[0.979162037,-0.0008098334,-0.203078866,-0.0477270149,0.09893578,0.875199556,0.473537177,-0.197851822,0.177351058,-0.4837614,0.8570423,-0.1869831,0.0,0.0,0.0,1.0]},"headPose":{"x":0.09946876,"y":0.082665965,"z":0.244250268}},{"recID":70,"timestamp":0,"world2head":{"data":[0.97889,-0.00174134225,-0.204380482,-0.04736032,0.10014233,0.875798345,0.4721745,-0.197827488,0.17817387,-0.482674032,0.8574846,-0.187223881,0.0,0.0,0.0,1.0]},"headPose":{"x":0.099529855,"y":0.08280642,"z":0.244271174}},{"recID":71,"timestamp":0,"world2head":{"data":[0.978817344,-0.00093510747,-0.204733312,-0.0473103672,0.09925239,0.876792252,0.470514923,-0.197449222,0.1790686,-0.480868429,0.8583123,-0.187733769,0.0,0.0,0.0,1.0]},"headPose":{"x":0.09952274,"y":0.0828024745,"z":0.244350985}},{"recID":72,"timestamp":0,"world2head":{"data":[0.9788796,-0.00138249248,-0.204433024,-0.0473799929,0.09940388,0.8770292,0.470041156,-0.1974445,0.178643882,-0.480435133,0.858643353,-0.1878384,0.0,0.0,0.0,1.0]},"headPose":{"x":0.09956224,"y":0.08285492,"z":0.2444072}},{"recID":73,"timestamp":0,"world2head":{"data":[0.9787278,-0.00210315734,-0.2051521,-0.0473657176,0.100057386,0.87786,0.468348473,-0.197223857,0.179109812,-0.478912681,0.859396458,-0.188339323,0.0,0.0,0.0,1.0]},"headPose":{"x":0.09982528,"y":0.08283722,"z":0.244510472}},{"recID":74,"timestamp":0,"world2head":{"data":[0.9785941,-0.00255828351,-0.205783874,-0.0471602529,0.100696355,0.8780043,0.467940837,-0.197258145,0.179482013,-0.478645831,0.8594675,-0.1885308,0.0,0.0,0.0,1.0]},"headPose":{"x":0.09985181,"y":0.08283339,"z":0.244636416}},{"recID":75,"timestamp":0,"world2head":{"data":[0.978377342,-0.0007217601,-0.206826672,-0.0469683558,0.09960165,0.8780477,0.468093663,-0.197217166,0.181265846,-0.478572518,0.8591339,-0.188733086,0.0,0.0,0.0,1.0]},"headPose":{"x":0.09980679,"y":0.0828097239,"z":0.244748786}},{"recID":76,"timestamp":0,"world2head":{"data":[0.978481054,-0.00047114864,-0.206336111,-0.0470872931,0.099076,0.878247738,0.4678299,-0.197019473,0.180993825,-0.478205651,0.8593955,-0.188838616,0.0,0.0,0.0,1.0]},"headPose":{"x":0.09977254,"y":0.0827060342,"z":0.244742841}},{"recID":77,"timestamp":0,"world2head":{"data":[0.978696764,-0.0005057454,-0.205310568,-0.04719778,0.0988501757,0.8776233,0.469047874,-0.197177514,0.179948136,-0.4793506,0.8589771,-0.1885575,0.0,0.0,0.0,1.0]},"headPose":{"x":0.09961391,"y":0.0826385543,"z":0.244762078}},{"recID":78,"timestamp":0,"world2head":{"data":[0.978998244,-0.000224411488,-0.203868553,-0.0475809947,0.09792411,0.8776053,0.469275832,-0.197211578,0.17881082,-0.4793839,0.859196,-0.188517287,0.0,0.0,0.0,1.0]},"headPose":{"x":0.09960241,"y":0.0826911,"z":0.244819671}},{"recID":79,"timestamp":0,"world2head":{"data":[0.979082763,-0.000369437039,-0.2034621,-0.0477884077,0.09773029,0.877937138,0.4686952,-0.197098047,0.178453773,-0.478775769,0.859609246,-0.188806847,0.0,0.0,0.0,1.0]},"headPose":{"x":0.09974454,"y":0.0826259,"z":0.244955868}},{"recID":80,"timestamp":0,"world2head":{"data":[0.9790093,-0.0005931929,-0.203814834,-0.0477071777,0.09816013,0.877753,0.4689502,-0.196979046,0.1786209,-0.4791131,0.859386563,-0.188733,0.0,0.0,0.0,1.0]},"headPose":{"x":0.09975292,"y":0.08244619,"z":0.244844526}},{"recID":81,"timestamp":0,"world2head":{"data":[0.9789584,-0.000211618841,-0.204059631,-0.0477555729,0.09803758,0.8775173,0.469416767,-0.197124466,0.178966522,-0.479545027,0.859073639,-0.188706771,0.0,0.0,0.0,1.0]},"headPose":{"x":0.09984852,"y":0.08247662,"z":0.244901568}},{"recID":82,"timestamp":0,"world2head":{"data":[0.978569448,-0.00119422376,-0.205913484,-0.0472609438,0.0998085141,0.877415,0.469234645,-0.197368965,0.1801112,-0.4797306,0.858730733,-0.188709736,0.0,0.0,0.0,1.0]},"headPose":{"x":0.0999359637,"y":0.08258822,"z":0.244931549}},{"recID":83,"timestamp":0,"world2head":{"data":[0.9785314,-0.00120859966,-0.206094131,-0.0471556969,0.09987427,0.8775034,0.469055384,-0.1971012,0.180281386,-0.479568928,0.858785331,-0.188661754,0.0,0.0,0.0,1.0]},"headPose":{"x":0.09984088,"y":0.0824236646,"z":0.244752824}},{"recID":84,"timestamp":0,"world2head":{"data":[0.9785515,-0.00109583139,-0.20599927,-0.04722308,0.0998409241,0.877213359,0.469604641,-0.197224751,0.1801907,-0.480099469,0.8585079,-0.188562468,0.0,0.0,0.0,1.0]},"headPose":{"x":0.09987853,"y":0.0824276954,"z":0.2447721}},{"recID":85,"timestamp":0,"world2head":{"data":[0.9785327,-0.0009020902,-0.20608969,-0.0472241,0.09965932,0.877369642,0.469351232,-0.197260678,0.180393443,-0.4798143,0.858624756,-0.188546851,0.0,0.0,0.0,1.0]},"headPose":{"x":0.0998818055,"y":0.08256046,"z":0.244743124}},{"recID":86,"timestamp":0,"world2head":{"data":[0.978682756,-0.00155947357,-0.2053718,-0.0473909639,0.09976603,0.8776722,0.468762517,-0.197090283,0.1795181,-0.479258955,0.8591182,-0.18865335,0.0,0.0,0.0,1.0]},"headPose":{"x":0.0999103338,"y":0.08249294,"z":0.2447313}},{"recID":87,"timestamp":0,"world2head":{"data":[0.9785846,-0.002369497,-0.205831453,-0.04723799,0.100653023,0.8777483,0.468430281,-0.197123513,0.179558262,-0.4791162,0.859189451,-0.188816234,0.0,0.0,0.0,1.0]},"headPose":{"x":0.09997096,"y":0.08244798,"z":0.244844466}},{"recID":88,"timestamp":0,"world2head":{"data":[0.9785352,-0.002231542,-0.206067741,-0.0471750572,0.100698262,0.8776136,0.468672842,-0.197173923,0.179802,-0.479363531,0.8590005,-0.188773677,0.0,0.0,0.0,1.0]},"headPose":{"x":0.0999594,"y":0.08244603,"z":0.24484548}},{"recID":89,"timestamp":0,"world2head":{"data":[0.9784689,-0.00195986778,-0.206385016,-0.0470940247,0.100553982,0.8777813,0.4683897,-0.19714202,0.180242926,-0.47905755,0.859078765,-0.188907191,0.0,0.0,0.0,1.0]},"headPose":{"x":0.09995264,"y":0.08245786,"z":0.244905934}},{"recID":90,"timestamp":0,"world2head":{"data":[0.9784968,-0.000686399639,-0.206261009,-0.0471382178,0.09937952,0.87783885,0.4685325,-0.196997285,0.180742323,-0.4789557,0.859030664,-0.188992977,0.0,0.0,0.0,1.0]},"headPose":{"x":0.0998611152,"y":0.082380265,"z":0.24492763}},{"recID":91,"timestamp":0,"world2head":{"data":[0.978517354,-0.000410981476,-0.206164122,-0.0471645035,0.09915613,0.877681,0.468875438,-0.197147533,0.180753648,-0.479245156,0.8588668,-0.1889042,0.0,0.0,0.0,1.0]},"headPose":{"x":0.09984479,"y":0.08248183,"z":0.244957536}},{"recID":92,"timestamp":0,"world2head":{"data":[0.978679836,-0.0003459975,-0.205391422,-0.0473507829,0.09873368,0.877671361,0.468982577,-0.196912408,0.180103913,-0.479262829,0.8589934,-0.188932121,0.0,0.0,0.0,1.0]},"headPose":{"x":0.0998105556,"y":0.08225985,"z":0.2449145}},{"recID":93,"timestamp":0,"world2head":{"data":[0.9787024,-0.000411313027,-0.205283642,-0.0474789,0.09876543,0.8775986,0.469112039,-0.197041154,0.179963678,-0.479396045,0.8589485,-0.189126447,0.0,0.0,0.0,1.0]},"headPose":{"x":0.09996447,"y":0.08223704,"z":0.2451376}},{"recID":94,"timestamp":0,"world2head":{"data":[0.9786148,-0.000896468759,-0.205699533,-0.04739395,0.09962984,0.8769362,0.4701668,-0.197238818,0.179963887,-0.480606019,0.858272,-0.188691,0.0,0.0,0.0,1.0]},"headPose":{"x":0.0999888554,"y":0.08223735,"z":0.24493444}},{"recID":95,"timestamp":0,"world2head":{"data":[0.97841537,-0.000356610864,-0.206647515,-0.04720019,0.0995197,0.877208,0.469682783,-0.197061092,0.181105375,-0.480110377,0.8583093,-0.188916892,0.0,0.0,0.0,1.0]},"headPose":{"x":0.100006714,"y":0.08214578,"z":0.244951516}},{"recID":96,"timestamp":0,"world2head":{"data":[0.9784099,0.000100526959,-0.206673816,-0.0472077169,0.09921673,0.877004743,0.470126361,-0.19710508,0.181301162,-0.480481774,0.8580601,-0.1887828,0.0,0.0,0.0,1.0]},"headPose":{"x":0.09997116,"y":0.08216014,"z":0.244894654}},{"recID":97,"timestamp":0,"world2head":{"data":[0.9785515,0.000413276255,-0.206001848,-0.0474384055,0.09843702,0.877504647,0.469356745,-0.197106674,0.180961549,-0.479567975,0.8586428,-0.18922697,0.0,0.0,0.0,1.0]},"headPose":{"x":0.100066327,"y":0.0822344348,"z":0.24521932}},{"recID":98,"timestamp":0,"world2head":{"data":[0.9785685,-0.000316295773,-0.205921456,-0.0474378,0.09895253,0.877696931,0.4688886,-0.196944028,0.18058832,-0.479216069,0.858917832,-0.189320311,0.0,0.0,0.0,1.0]},"headPose":{"x":0.100098282,"y":0.08211683,"z":0.24518694}},{"recID":99,"timestamp":0,"world2head":{"data":[0.978566051,-0.00181254,-0.2059251,-0.04748492,0.100470185,0.877080142,0.469719261,-0.197215736,0.17976144,-0.4803407,0.858463,-0.189199045,0.0,0.0,0.0,1.0]},"headPose":{"x":0.100292131,"y":0.08200794,"z":0.24527806}},{"recID":100,"timestamp":0,"world2head":{"data":[0.9785267,-0.00155998021,-0.206114084,-0.0475268662,0.100443892,0.8768141,0.470221251,-0.197159782,0.1799902,-0.480826944,0.858142734,-0.189125568,0.0,0.0,0.0,1.0]},"headPose":{"x":0.100350559,"y":0.08186167,"z":0.2452095}},{"recID":101,"timestamp":0,"world2head":{"data":[0.978211045,-0.0007914752,-0.207611367,-0.04733841,0.100603938,0.8765506,0.470678031,-0.197466671,0.181609347,-0.481309,0.8575312,-0.188974559,0.0,0.0,0.0,1.0]},"headPose":{"x":0.100492425,"y":0.0820969343,"z":0.245166808}},{"recID":102,"timestamp":0,"world2head":{"data":[0.9780876,-0.00101512671,-0.208191335,-0.0471368954,0.101010352,0.876720667,0.4702741,-0.1974219,0.182048261,-0.480998755,0.857612133,-0.189086765,0.0,0.0,0.0,1.0]},"headPose":{"x":0.100468583,"y":0.08208552,"z":0.245192021}},{"recID":103,"timestamp":0,"world2head":{"data":[0.9782157,-0.000866610557,-0.207589239,-0.04729691,0.100345388,0.8773769,0.469191462,-0.1971563,0.181727409,-0.4798011,0.8583508,-0.189331979,0.0,0.0,0.0,1.0]},"headPose":{"x":0.100457117,"y":0.08209769,"z":0.245198965}},{"recID":104,"timestamp":0,"world2head":{"data":[0.9782841,-0.0009236783,-0.207266241,-0.04736205,0.10044229,0.8768397,0.470173925,-0.197114378,0.181304961,-0.480782,0.857891142,-0.189117163,0.0,0.0,0.0,1.0]},"headPose":{"x":0.100420043,"y":0.08186983,"z":0.245103419}},{"recID":105,"timestamp":0,"world2head":{"data":[0.9784019,-0.00108574331,-0.206708968,-0.04746788,0.100539245,0.876238167,0.4712733,-0.197297737,0.18061462,-0.481877029,0.857422233,-0.188751683,0.0,0.0,0.0,1.0]},"headPose":{"x":0.100370139,"y":0.08187317,"z":0.245009}},{"recID":106,"timestamp":0,"world2head":{"data":[0.9786079,-0.0008200668,-0.2057327,-0.047768943,0.0998153538,0.8763075,0.471298277,-0.197285146,0.17989862,-0.4817515,0.8576433,-0.18869558,0.0,0.0,0.0,1.0]},"headPose":{"x":0.100385226,"y":0.081938915,"z":0.244986013}},{"recID":107,"timestamp":0,"world2head":{"data":[0.978477061,-0.001044292,-0.206352919,-0.0475864,0.100186244,0.876627862,0.470623344,-0.197180748,0.180403262,-0.481167883,0.8578649,-0.1889312,0.0,0.0,0.0,1.0]},"headPose":{"x":0.100400805,"y":0.08189682,"z":0.2450557}},{"recID":108,"timestamp":0,"world2head":{"data":[0.9784978,-0.000899475068,-0.206255272,-0.0475859232,0.100113228,0.87636596,0.4711264,-0.197118327,0.180331334,-0.481645018,0.8576122,-0.188757345,0.0,0.0,0.0,1.0]},"headPose":{"x":0.10033574,"y":0.08179095,"z":0.2449334}},{"recID":109,"timestamp":0,"world2head":{"data":[0.978592,-0.000228453428,-0.205809936,-0.047711473,0.0994140655,0.8761236,0.471724838,-0.197131857,0.180207178,-0.4820865,0.8573902,-0.1886839,0.0,0.0,0.0,1.0]},"headPose":{"x":0.100289933,"y":0.08173899,"z":0.244948208}},{"recID":110,"timestamp":0,"world2head":{"data":[0.9786154,-0.000250063837,-0.20569855,-0.0477520153,0.0995288,0.875721931,0.472445875,-0.197331458,0.180016577,-0.4828157,0.857019842,-0.188406467,0.0,0.0,0.0,1.0]},"headPose":{"x":0.100287311,"y":0.08182994,"z":0.244874}},{"recID":111,"timestamp":0,"world2head":{"data":[0.9786274,-0.00058854,-0.205640629,-0.04778706,0.09974249,0.87585187,0.472159863,-0.19726783,0.179832831,-0.4825797,0.8571913,-0.188344076,0.0,0.0,0.0,1.0]},"headPose":{"x":0.100312158,"y":0.08185825,"z":0.2447619}},{"recID":112,"timestamp":0,"world2head":{"data":[0.9784471,-0.0006942786,-0.206496581,-0.0475593,0.100071311,0.8763184,0.4712237,-0.197040141,0.1806296,-0.481731832,0.8575007,-0.188484684,0.0,0.0,0.0,1.0]},"headPose":{"x":0.100298233,"y":0.08183782,"z":0.2446549}},{"recID":113,"timestamp":0,"world2head":{"data":[0.9783629,-0.0005382411,-0.20689556,-0.0474952124,0.1001147,0.87635833,0.4711403,-0.19703953,0.181061059,-0.481659442,0.857450366,-0.1885367,0.0,0.0,0.0,1.0]},"headPose":{"x":0.100330763,"y":0.08184118,"z":0.24466756}},{"recID":114,"timestamp":0,"world2head":{"data":[0.9782373,-0.000258449465,-0.2074892,-0.04733826,0.100078553,0.876576066,0.470742732,-0.196939141,0.181758419,-0.4812633,0.8575252,-0.188638479,0.0,0.0,0.0,1.0]},"headPose":{"x":0.100304067,"y":0.08183513,"z":0.244647741}},{"recID":115,"timestamp":0,"world2head":{"data":[0.97817564,-0.000628337264,-0.207778916,-0.0471041352,0.100659154,0.8762474,0.4712305,-0.197076946,0.181769654,-0.481861055,0.857187152,-0.188450813,0.0,0.0,0.0,1.0]},"headPose":{"x":0.100168355,"y":0.0818514749,"z":0.244619027}},{"recID":116,"timestamp":0,"world2head":{"data":[0.978405058,-0.000408303,-0.206696391,-0.0473298579,0.09986618,0.876468,0.470988959,-0.196760625,0.18097046,-0.481459945,0.8575815,-0.188431755,0.0,0.0,0.0,1.0]},"headPose":{"x":0.100058086,"y":0.08171272,"z":0.244484752}},{"recID":117,"timestamp":0,"world2head":{"data":[0.9784369,-0.000540658832,-0.206545219,-0.0473918729,0.100063562,0.876050353,0.4717236,-0.1970393,0.180688962,-0.482219428,0.8572141,-0.1883157,0.0,0.0,0.0,1.0]},"headPose":{"x":0.100112982,"y":0.08178122,"z":0.244586378}},{"recID":118,"timestamp":0,"world2head":{"data":[0.9783926,-0.000168010592,-0.206755579,-0.0473486,0.09975861,0.8762819,0.471357852,-0.19695136,0.181096971,-0.481798679,0.857364535,-0.188499674,0.0,0.0,0.0,1.0]},"headPose":{"x":0.100109838,"y":0.0817580745,"z":0.244657919}},{"recID":119,"timestamp":0,"world2head":{"data":[0.9783888,0.000245820731,-0.206773624,-0.047374364,0.09943503,0.8762221,0.471537471,-0.196981236,0.181295529,-0.4819075,0.8572614,-0.1884454,0.0,0.0,0.0,1.0]},"headPose":{"x":0.100101687,"y":0.0817977,"z":0.244635224}},{"recID":120,"timestamp":0,"world2head":{"data":[0.978345633,0.000508341938,-0.2069771,-0.0472882055,0.09918229,0.876555443,0.4709708,-0.196877047,0.181666315,-0.4813007,0.8575238,-0.188669458,0.0,0.0,0.0,1.0]},"headPose":{"x":0.100065812,"y":0.08179095,"z":0.2447243}},{"recID":121,"timestamp":0,"world2head":{"data":[0.9784223,0.000412691385,-0.206614912,-0.047234837,0.09910227,0.876522839,0.471048266,-0.197003618,0.1812971,-0.4813601,0.857568562,-0.188666523,0.0,0.0,0.0,1.0]},"headPose":{"x":0.0999438,"y":0.0818811357,"z":0.244833261}},{"recID":122,"timestamp":0,"world2head":{"data":[0.978515,0.0005445555,-0.20617488,-0.0473206937,0.09854479,0.877140343,0.470014572,-0.196662948,0.181100249,-0.4802338,0.8582413,-0.188891336,0.0,0.0,0.0,1.0]},"headPose":{"x":0.0998923853,"y":0.0818147659,"z":0.244792491}},{"recID":123,"timestamp":0,"world2head":{"data":[0.978623331,0.00143671408,-0.205655769,-0.04738612,0.09748371,0.8772616,0.470009685,-0.19695811,0.181089178,-0.4800105,0.8583686,-0.1889076,0.0,0.0,0.0,1.0]},"headPose":{"x":0.09978249,"y":0.08217423,"z":0.244979322}},{"recID":124,"timestamp":0,"world2head":{"data":[0.978848755,0.00135039166,-0.20458068,-0.04748077,0.0960184038,0.8799701,0.465223819,-0.196323574,0.18065311,-0.4750273,0.8612279,-0.189921021,0.0,0.0,0.0,1.0]},"headPose":{"x":0.0996369943,"y":0.0826053247,"z":0.245186031}},{"recID":125,"timestamp":0,"world2head":{"data":[0.979289651,0.001802478,-0.202456191,-0.0478652865,0.09400353,0.881596565,0.462548167,-0.1961821,0.179318413,-0.4720002,0.863168955,-0.190376148,0.0,0.0,0.0,1.0]},"headPose":{"x":0.09945374,"y":0.08318216,"z":0.245379835}},{"recID":126,"timestamp":0,"world2head":{"data":[0.9795087,0.00243460014,-0.201387033,-0.0481180921,0.09209053,0.88386023,0.45859623,-0.196139053,0.179114476,-0.467744827,0.8655246,-0.191256881,0.0,0.0,0.0,1.0]},"headPose":{"x":0.09945152,"y":0.08401725,"z":0.245795786}},{"recID":127,"timestamp":0,"world2head":{"data":[0.9800936,0.00413212553,-0.198492914,-0.048809018,0.08734515,0.8888552,0.449785829,-0.193909615,0.178290039,-0.458169639,0.8708004,-0.193102822,0.0,0.0,0.0,1.0]},"headPose":{"x":0.09920278,"y":0.08408541,"z":0.245683551}},{"recID":128,"timestamp":0,"world2head":{"data":[0.9800096,0.00554259866,-0.198872924,-0.0489511527,0.08570582,0.890340149,0.447156459,-0.193829834,0.179542959,-0.4552622,0.872066855,-0.1938889,0.0,0.0,0.0,1.0]},"headPose":{"x":0.09939633,"y":0.08457551,"z":0.2460213}},{"recID":129,"timestamp":0,"world2head":{"data":[0.979764,0.006201897,-0.200060189,-0.0485851057,0.08549127,0.8907929,0.446295083,-0.193375081,0.180980086,-0.45436722,0.8722366,-0.194155931,0.0,0.0,0.0,1.0]},"headPose":{"x":0.09927216,"y":0.08434037,"z":0.245932281}},{"recID":130,"timestamp":0,"world2head":{"data":[0.979536831,0.00804254,-0.201104224,-0.04866722,0.0851000547,0.888936758,0.450054973,-0.1939284,0.182388514,-0.457959384,0.8700619,-0.1932645,0.0,0.0,0.0,1.0]},"headPose":{"x":0.09942388,"y":0.0842742,"z":0.245643318}},{"recID":131,"timestamp":0,"world2head":{"data":[0.97924906,0.006975919,-0.202540427,-0.0480626076,0.0865789056,0.8892157,0.449220955,-0.193903282,0.183235854,-0.457434952,0.8701597,-0.193335667,0.0,0.0,0.0,1.0]},"headPose":{"x":0.0992792249,"y":0.08431865,"z":0.24560371}},{"recID":132,"timestamp":0,"world2head":{"data":[0.9792414,0.006699819,-0.202586859,-0.0480030179,0.08720079,0.8883153,0.450879037,-0.194038287,0.182981819,-0.459185123,0.8692909,-0.192824811,0.0,0.0,0.0,1.0]},"headPose":{"x":0.09921026,"y":0.08414652,"z":0.245383859}},{"recID":133,"timestamp":0,"world2head":{"data":[0.9793376,0.00635932758,-0.20213218,-0.0480835177,0.08735898,0.888137162,0.451199263,-0.194787934,0.182390437,-0.4595345,0.869230568,-0.19262822,0.0,0.0,0.0,1.0]},"headPose":{"x":0.09924002,"y":0.08478488,"z":0.245607287}},{"recID":134,"timestamp":0,"world2head":{"data":[0.9791211,0.00677037239,-0.203165054,-0.04762878,0.08694502,0.889464,0.4486584,-0.1941141,0.1837456,-0.456955075,0.870304346,-0.193139657,0.0,0.0,0.0,1.0]},"headPose":{"x":0.0990001559,"y":0.08472382,"z":0.245504692}},{"recID":135,"timestamp":0,"world2head":{"data":[0.979305744,0.008261718,-0.2022177,-0.04770403,0.08564546,0.8883741,0.451061368,-0.194254264,0.183371514,-0.459046,0.869282246,-0.192262426,0.0,0.0,0.0,1.0]},"headPose":{"x":0.0986092761,"y":0.08470726,"z":0.245104313}},{"recID":136,"timestamp":0,"world2head":{"data":[0.9794491,0.008645583,-0.201506078,-0.047840748,0.08510578,0.8880653,0.4517711,-0.194530278,0.182856381,-0.459636122,0.869078934,-0.192013785,0.0,0.0,0.0,1.0]},"headPose":{"x":0.0985241756,"y":0.08491272,"z":0.2451181}},{"recID":137,"timestamp":0,"world2head":{"data":[0.979745567,0.009142034,-0.200037614,-0.04813848,0.08414121,0.887696,0.4526765,-0.1944066,0.181710973,-0.460339218,0.868947,-0.19166486,0.0,0.0,0.0,1.0]},"headPose":{"x":0.09834868,"y":0.08478318,"z":0.2449204}},{"recID":138,"timestamp":0,"world2head":{"data":[0.9798529,0.007828381,-0.199567109,-0.0482167341,0.08540213,0.8868465,0.454103351,-0.194977432,0.1805403,-0.461997926,0.8683105,-0.191518679,0.0,0.0,0.0,1.0]},"headPose":{"x":0.09847362,"y":0.08481128,"z":0.2452151}},{"recID":139,"timestamp":0,"world2head":{"data":[0.9797735,0.007729288,-0.1999603,-0.048123803,0.0856510252,0.8868966,0.453958482,-0.194758847,0.1808529,-0.4619033,0.8682958,-0.191628,0.0,0.0,0.0,1.0]},"headPose":{"x":0.0984882,"y":0.08458931,"z":0.245179355}},{"recID":140,"timestamp":0,"world2head":{"data":[0.9794532,0.0079888925,-0.201513261,-0.0477748848,0.08656924,0.8858177,0.455886722,-0.194997624,0.182146043,-0.463964581,0.8669254,-0.191531837,0.0,0.0,0.0,1.0]},"headPose":{"x":0.09856083,"y":0.0842500553,"z":0.245313376}},{"recID":141,"timestamp":0,"world2head":{"data":[0.9792936,0.008483551,-0.2022674,-0.047658518,0.0867436,0.885174036,0.457102239,-0.195116967,0.1829197,-0.465182722,0.8661094,-0.191648975,0.0,0.0,0.0,1.0]},"headPose":{"x":0.0986532047,"y":0.08396501,"z":0.245537609}},{"recID":142,"timestamp":0,"world2head":{"data":[0.97914964,0.008821327,-0.202948764,-0.0474732257,0.08801438,0.8819923,0.462972,-0.195662275,0.183083281,-0.471181273,0.862826,-0.1907605,0.0,0.0,0.0,1.0]},"headPose":{"x":0.09862954,"y":0.08310863,"z":0.245544642}},{"recID":143,"timestamp":0,"world2head":{"data":[0.979131,0.008030206,-0.203071639,-0.0473095626,0.08999692,0.878771961,0.468679458,-0.196453914,0.182217255,-0.477174371,0.859710157,-0.190003246,0.0,0.0,0.0,1.0]},"headPose":{"x":0.09862437,"y":0.0823534057,"z":0.245814383}},{"recID":144,"timestamp":0,"world2head":{"data":[0.9792254,0.00751387328,-0.202635467,-0.047441218,0.09099583,0.8767587,0.4722435,-0.196882352,0.181210786,-0.4808718,0.8578607,-0.189461,0.0,0.0,0.0,1.0]},"headPose":{"x":0.0987034962,"y":0.08186834,"z":0.245894283}},{"recID":145,"timestamp":0,"world2head":{"data":[0.979088962,0.006742634,-0.20332092,-0.0473456755,0.09360691,0.87242806,0.479694664,-0.19747591,0.180617273,-0.488695979,0.853553534,-0.188509956,0.0,0.0,0.0,1.0]},"headPose":{"x":0.0988889,"y":0.0804787055,"z":0.246005118}},{"recID":146,"timestamp":0,"world2head":{"data":[0.978754938,0.006001219,-0.204945862,-0.0468691848,0.09767407,0.8652153,0.4917949,-0.199056208,0.180273682,-0.5013646,0.846247554,-0.186891109,0.0,0.0,0.0,1.0]},"headPose":{"x":0.09900762,"y":0.07880715,"z":0.246445343}},{"recID":147,"timestamp":0,"world2head":{"data":[0.9784507,0.005054664,-0.206418529,-0.0466318056,0.10249123,0.855959952,0.5067822,-0.200136989,0.1792476,-0.5170175,0.836996555,-0.186675355,0.0,0.0,0.0,1.0]},"headPose":{"x":0.09960033,"y":0.07503053,"z":0.248046815}},{"rec