[{"recID":0,"timestamp":0,"world2head":{"data":[0.928211,0.0453936,-0.369274765,0.0446385369,0.271277547,0.596684039,0.7552328,-0.118000746,0.2546231,-0.80119133,0.5415344,-0.183019832,0.0,0.0,0.0,1.0]},"headPose":{"x":0.037178047,"y":-0.07825104,"z":0.204713464}},{"recID":1,"timestamp":0,"world2head":{"data":[0.9309435,0.047200717,-0.3620998,0.04369945,0.2672257,0.5877448,0.763640344,-0.118735917,0.248866633,-0.8076684,0.534543931,-0.183127269,0.0,0.0,0.0,1.0]},"headPose":{"x":0.0366218351,"y":-0.0801823363,"z":0.204384655}},{"recID":2,"timestamp":0,"world2head":{"data":[0.9309435,0.047200717,-0.3620998,0.04369945,0.2672257,0.5877448,0.763640344,-0.118735917,0.248866633,-0.8076684,0.534543931,-0.183127269,0.0,0.0,0.0,1.0]},"headPose":{"x":0.0366218351,"y":-0.0801823363,"z":0.204384655}},{"recID":3,"timestamp":0,"world2head":{"data":[0.9309435,0.047200717,-0.3620998,0.04369945,0.2672257,0.5877448,0.763640344,-0.118735917,0.248866633,-0.8076684,0.534543931,-0.183127269,0.0,0.0,0.0,1.0]},"headPose":{"x":0.0366218351,"y":-0.0801823363,"z":0.204384655}},{"recID":4,"timestamp":0,"world2head":{"data":[0.9309435,0.047200717,-0.3620998,0.04369945,0.2672257,0.5877448,0.763640344,-0.118735917,0.248866633,-0.8076684,0.534543931,-0.183127269,0.0,0.0,0.0,1.0]},"headPose":{"x":0.0366218351,"y":-0.0801823363,"z":0.204384655}},{"recID":5,"timestamp":0,"world2head":{"data":[0.9309435,0.047200717,-0.3620998,0.04369945,0.2672257,0.5877448,0.763640344,-0.118735917,0.248866633,-0.8076684,0.534543931,-0.183127269,0.0,0.0,0.0,1.0]},"headPose":{"x":0.0366218351,"y":-0.0801823363,"z":0.204384655}},{"recID":6,"timestamp":0,"world2head":{"data":[0.9309435,0.047200717,-0.3620998,0.04369945,0.2672257,0.5877448,0.763640344,-0.118735917,0.248866633,-0.8076684,0.534543931,-0.183127269,0.0,0.0,0.0,1.0]},"headPose":{"x":0.0366218351,"y":-0.0801823363,"z":0.204384655}},{"recID":7,"timestamp":0,"world2head":{"data":[0.9309435,0.047200717,-0.3620998,0.04369945,0.2672257,0.5877448,0.763640344,-0.118735917,0.248866633,-0.8076684,0.534543931,-0.183127269,0.0,0.0,0.0,1.0]},"headPose":{"x":0.0366218351,"y":-0.0801823363,"z":0.204384655}},{"recID":8,"timestamp":0,"world2head":{"data":[0.9309435,0.047200717,-0.3620998,0.04369945,0.2672257,0.5877448,0.763640344,-0.118735917,0.248866633,-0.8076684,0.534543931,-0.183127269,0.0,0.0,0.0,1.0]},"headPose":{"x":0.0366218351,"y":-0.0801823363,"z":0.204384655}},{"recID":9,"timestamp":0,"world2head":{"data":[0.9309435,0.047200717,-0.3620998,0.04369945,0.2672257,0.5877448,0.763640344,-0.118735917,0.248866633,-0.8076684,0.534543931,-0.183127269,0.0,0.0,0.0,1.0]},"headPose":{"x":0.0366218351,"y":-0.0801823363,"z":0.204384655}},{"recID":10,"timestamp":0,"world2head":{"data":[0.9309435,0.047200717,-0.3620998,0.04369945,0.2672257,0.5877448,0.763640344,-0.118735917,0.248866633,-0.8076684,0.534543931,-0.183127269,0.0,0.0,0.0,1.0]},"headPose":{"x":0.0366218351,"y":-0.0801823363,"z":0.204384655}},{"recID":11,"timestamp":0,"world2head":{"data":[0.9309435,0.047200717,-0.3620998,0.04369945,0.2672257,0.5877448,0.763640344,-0.118735917,0.248866633,-0.8076684,0.534543931,-0.183127269,0.0,0.0,0.0,1.0]},"headPose":{"x":0.0366218351,"y":-0.0801823363,"z":0.204384655}},{"recID":12,"timestamp":0,"world2head":{"data":[0.9309435,0.047200717,-0.3620998,0.04369945,0.2672257,0.5877448,0.763640344,-0.118735917,0.248866633,-0.8076684,0.534543931,-0.183127269,0.0,0.0,0.0,1.0]},"headPose":{"x":0.0366218351,"y":-0.0801823363,"z":0.204384655}},{"recID":13,"timestamp":0,"world2head":{"data":[0.9309435,0.047200717,-0.3620998,0.04369945,0.2672257,0.5877448,0.763640344,-0.118735917,0.248866633,-0.8076684,0.534543931,-0.183127269,0.0,0.0,0.0,1.0]},"headPose":{"x":0.0366218351,"y":-0.0801823363,"z":0.204384655}},{"recID":14,"timestamp":0,"world2head":{"data":[0.9309435,0.047200717,-0.3620998,0.04369945,0.2672257,0.5877448,0.763640344,-0.118735917,0.248866633,-0.8076684,0.534543931,-0.183127269,0.0,0.0,0.0,1.0]},"headPose":{"x":0.0366218351,"y":-0.0801823363,"z":0.204384655}},{"recID":15,"timestamp":0,"world2head":{"data":[0.9309435,0.047200717,-0.3620998,0.04369945,0.2672257,0.5877448,0.763640344,-0.118735917,0.248866633,-0.8076684,0.534543931,-0.183127269,0.0,0.0,0.0,1.0]},"headPose":{"x":0.0366218351,"y":-0.0801823363,"z":0.204384655}},{"recID":16,"timestamp":0,"world2head":{"data":[0.9309435,0.047200717,-0.3620998,0.04369945,0.2672257,0.5877448,0.763640344,-0.118735917,0.248866633,-0.8076684,0.534543931,-0.183127269,0.0,0.0,0.0,1.0]},"headPose":{"x":0.0366218351,"y":-0.0801823363,"z":0.204384655}},{"recID":17,"timestamp":0,"world2head":{"data":[0.9309435,0.047200717,-0.3620998,0.04369945,0.2672257,0.5877448,0.763640344,-0.118735917,0.248866633,-0.8076684,0.534543931,-0.183127269,0.0,0.0,0.0,1.0]},"headPose":{"x":0.0366218351,"y":-0.0801823363,"z":0.204384655}},{"recID":18,"timestamp":0,"world2head":{"data":[0.931085467,0.0473201722,-0.361719042,0.04368092,0.266993225,0.587274551,0.764083266,-0.1188372,0.248584956,-0.8080033,0.534168661,-0.1831221,0.0,0.0,0.0,1.0]},"headPose":{"x":0.03657945,"y":-0.08024018,"z":0.2044198}},{"recID":19,"timestamp":0,"world2head":{"data":[0.9313093,0.04733269,-0.361140728,0.04362448,0.2666672,0.5867686,0.7645856,-0.119019672,0.248095945,-0.8083701,0.533841,-0.183238253,0.0,0.0,0.0,1.0]},"headPose":{"x":0.03657143,"y":-0.0803521648,"z":0.20457539}},{"recID":20,"timestamp":0,"world2head":{"data":[0.9314152,0.0478485227,-0.3607994,0.04367018,0.26616022,0.58659637,0.7648945,-0.119075373,0.248242691,-0.808464766,0.5336294,-0.183211043,0.0,0.0,0.0,1.0]},"headPose":{"x":0.0364988558,"y":-0.080360055,"z":0.204603046}},{"recID":21,"timestamp":0,"world2head":{"data":[0.9314596,0.0481130257,-0.3606497,0.043737676,0.265860617,0.5867046,0.764915645,-0.119214,0.248397291,-0.808370531,0.5337003,-0.1833713,0.0,0.0,0.0,1.0]},"headPose":{"x":0.0365033522,"y":-0.08039291,"z":0.20482792}},{"recID":22,"timestamp":0,"world2head":{"data":[0.9316681,0.048061274,-0.3601175,0.04359524,0.2653252,0.5871166,0.764785349,-0.119177118,0.248187482,-0.8080744,0.5342459,-0.183425844,0.0,0.0,0.0,1.0]},"headPose":{"x":0.03652841,"y":-0.08034611,"z":0.204838842}},{"recID":23,"timestamp":0,"world2head":{"data":[0.931771338,0.0481186435,-0.359842718,0.04358183,0.264822036,0.587918639,0.764343441,-0.119194992,0.2483374,-0.807487547,0.5350629,-0.183603227,0.0,0.0,0.0,1.0]},"headPose":{"x":0.036552716,"y":-0.08027748,"z":0.205027789}},{"recID":24,"timestamp":0,"world2head":{"data":[0.9318462,0.0478438064,-0.359685481,0.0435877852,0.264732152,0.5882776,0.764098465,-0.119070522,0.248152271,-0.8072426,0.5355184,-0.183657169,0.0,0.0,0.0,1.0]},"headPose":{"x":0.03647963,"y":-0.0802947655,"z":0.205011278}},{"recID":25,"timestamp":0,"world2head":{"data":[0.9318912,0.04765203,-0.3595943,0.0435829,0.2646429,0.5886642,0.7638316,-0.119065456,0.2480784,-0.806972,0.5359602,-0.183749482,0.0,0.0,0.0,1.0]},"headPose":{"x":0.0364795737,"y":-0.080267936,"z":0.2051005}},{"recID":26,"timestamp":0,"world2head":{"data":[0.9320871,0.0471819639,-0.3591483,0.0435420759,0.264346242,0.5892738,0.763464153,-0.118929967,0.247658446,-0.8065546,0.536782146,-0.18387337,0.0,0.0,0.0,1.0]},"headPose":{"x":0.0363914669,"y":-0.08027599,"z":0.205136746}},{"recID":27,"timestamp":0,"world2head":{"data":[0.932480752,0.046242103,-0.358247578,0.0432780758,0.264155865,0.589159966,0.763617933,-0.118759327,0.246376455,-0.8066922,0.5371652,-0.183969721,0.0,0.0,0.0,1.0]},"headPose":{"x":0.03634079,"y":-0.08043996,"z":0.205013126}},{"recID":28,"timestamp":0,"world2head":{"data":[0.93261826,0.04581126,-0.357944876,0.0431524925,0.264316022,0.5885917,0.7640006,-0.118935421,0.245683223,-0.807131469,0.5368227,-0.183893278,0.0,0.0,0.0,1.0]},"headPose":{"x":0.0363712274,"y":-0.08039852,"z":0.205031022}},{"recID":29,"timestamp":0,"world2head":{"data":[0.93269527,0.0456092581,-0.357769877,0.04311987,0.2642849,0.5885846,0.7640168,-0.119087979,0.245424062,-0.807148039,0.536916256,-0.183879048,0.0,0.0,0.0,1.0]},"headPose":{"x":0.0363838039,"y":-0.08029093,"z":0.205139846}},{"recID":30,"timestamp":0,"world2head":{"data":[0.9326961,0.0456410125,-0.357763618,0.0431048721,0.264181674,0.5888503,0.7638477,-0.119064033,0.245531991,-0.806952357,0.5371609,-0.183943436,0.0,0.0,0.0,1.0]},"headPose":{"x":0.03641479,"y":-0.0802900642,"z":0.20517537}},{"recID":31,"timestamp":0,"world2head":{"data":[0.932766855,0.0458617881,-0.357551038,0.0430875,0.2637378,0.5893409,0.7636228,-0.118899226,0.245740592,-0.8065818,0.537622154,-0.184046283,0.0,0.0,0.0,1.0]},"headPose":{"x":0.03639525,"y":-0.0803522542,"z":0.205147475}},{"recID":32,"timestamp":0,"world2head":{"data":[0.9328788,0.04594606,-0.357248,0.0430673175,0.263548434,0.588996947,0.763953447,-0.119034156,0.245518625,-0.806828141,0.537353754,-0.183823228,0.0,0.0,0.0,1.0]},"headPose":{"x":0.0363267027,"y":-0.08018177,"z":0.205100358}},{"recID":33,"timestamp":0,"world2head":{"data":[0.933022261,0.0461996123,-0.3568404,0.042995397,0.2628077,0.5898789,0.7635279,-0.1191112,0.245767325,-0.806169,0.5382285,-0.183952689,0.0,0.0,0.0,1.0]},"headPose":{"x":0.03639725,"y":-0.08002215,"z":0.205295831}},{"recID":34,"timestamp":0,"world2head":{"data":[0.9331326,0.0461604372,-0.3565569,0.0429372676,0.2623691,0.590626836,0.763100564,-0.11897482,0.245817125,-0.8056235,0.5390221,-0.183960676,0.0,0.0,0.0,1.0]},"headPose":{"x":0.03636983,"y":-0.07991532,"z":0.205258176}},{"recID":35,"timestamp":0,"world2head":{"data":[0.9331597,0.0458892062,-0.356520921,0.04294471,0.262282759,0.591299951,0.762608767,-0.1188681,0.2458063,-0.805145,0.539741337,-0.184058189,0.0,0.0,0.0,1.0]},"headPose":{"x":0.0363454446,"y":-0.07987755,"z":0.205304354}},{"recID":36,"timestamp":0,"world2head":{"data":[0.9332772,0.0456916019,-0.356238663,0.04285732,0.2620399,0.591694832,0.762385964,-0.118709944,0.2456192,-0.8048662,0.5402422,-0.184067726,0.0,0.0,0.0,1.0]},"headPose":{"x":0.0363195576,"y":-0.07986805,"z":0.2052114}},{"recID":37,"timestamp":0,"world2head":{"data":[0.933360457,0.0453177467,-0.356068134,0.04275356,0.262068421,0.5918169,0.7622814,-0.1188276,0.245272025,-0.80479753,0.5405022,-0.184027359,0.0,0.0,0.0,1.0]},"headPose":{"x":0.03637324,"y":-0.07971807,"z":0.20527041}},{"recID":38,"timestamp":0,"world2head":{"data":[0.933209538,0.04464373,-0.356548637,0.04279619,0.2624353,0.593113065,0.7611469,-0.118430249,0.2454541,-0.803880453,0.5417827,-0.1841632,0.0,0.0,0.0,1.0]},"headPose":{"x":0.0363460742,"y":-0.0797132552,"z":0.205178171}},{"recID":39,"timestamp":0,"world2head":{"data":[0.9331788,0.0444543958,-0.356652677,0.0428010635,0.262712121,0.592824936,0.7612759,-0.118385866,0.245274678,-0.8041035,0.541533,-0.184115022,0.0,0.0,0.0,1.0]},"headPose":{"x":0.0363191068,"y":-0.07976813,"z":0.205093756}},{"recID":40,"timestamp":0,"world2head":{"data":[0.933127642,0.0445372835,-0.356776237,0.0428374149,0.262798518,0.592722952,0.7613255,-0.1184067,0.245376825,-0.804174066,0.541381836,-0.184059158,0.0,0.0,0.0,1.0]},"headPose":{"x":0.0363081843,"y":-0.0797411054,"z":0.205075681}},{"recID":41,"timestamp":0,"world2head":{"data":[0.9330765,0.0447040871,-0.356889129,0.04285752,0.2627589,0.592854261,0.761236846,-0.11844901,0.245613635,-0.804068,0.541431963,-0.184040233,0.0,0.0,0.0,1.0]},"headPose":{"x":0.036336977,"y":-0.07967378,"z":0.2051084}},{"recID":42,"timestamp":0,"world2head":{"data":[0.9328964,0.0452149138,-0.357295364,0.0430105031,0.262788743,0.5929228,0.761173248,-0.1183032,0.246264964,-0.803988934,0.541253567,-0.1840141,0.0,0.0,0.0,1.0]},"headPose":{"x":0.03628063,"y":-0.0797453448,"z":0.205014944}},{"recID":43,"timestamp":0,"world2head":{"data":[0.9328996,0.0454737172,-0.357254177,0.04307403,0.26269865,0.5926432,0.761422,-0.118249,0.246348962,-0.804180443,0.540930748,-0.183838785,0.0,0.0,0.0,1.0]},"headPose":{"x":0.0361685976,"y":-0.07971882,"z":0.2048698}},{"recID":44,"timestamp":0,"world2head":{"data":[0.932803,0.04576388,-0.3574693,0.043155,0.262779444,0.592433035,0.761557639,-0.118399017,0.246628433,-0.804318845,0.5405975,-0.18370755,0.0,0.0,0.0,1.0]},"headPose":{"x":0.0361652263,"y":-0.07959089,"z":0.2049061}},{"recID":45,"timestamp":0,"world2head":{"data":[0.9328054,0.0460518,-0.357425958,0.0432039276,0.262600362,0.5923865,0.7616557,-0.118609414,0.24680993,-0.804336667,0.540488064,-0.183595076,0.0,0.0,0.0,1.0]},"headPose":{"x":0.0361591,"y":-0.07939927,"z":0.205012679}},{"recID":46,"timestamp":0,"world2head":{"data":[0.9328096,0.0465220064,-0.3573542,0.04326233,0.261850655,0.5937939,0.7608174,-0.118400715,0.2475895,-0.8032712,0.541714847,-0.183934778,0.0,0.0,0.0,1.0]},"headPose":{"x":0.0361881033,"y":-0.0794565156,"z":0.205181465}},{"recID":47,"timestamp":0,"world2head":{"data":[0.933080137,0.0460765,-0.35670498,0.04311466,0.261051744,0.5954648,0.7597853,-0.117845654,0.247413546,-0.802059054,0.543588042,-0.184172451,0.0,0.0,0.0,1.0]},"headPose":{"x":0.03610114,"y":-0.07953081,"z":0.205030531}},{"recID":48,"timestamp":0,"world2head":{"data":[0.932818353,0.0454162061,-0.357473552,0.0431629941,0.2620271,0.595512748,0.759411931,-0.117699094,0.247369662,-0.8020611,0.5436049,-0.184086263,0.0,0.0,0.0,1.0]},"headPose":{"x":0.0361144766,"y":-0.0795174241,"z":0.2048819}},{"recID":49,"timestamp":0,"world2head":{"data":[0.9330789,0.04574687,-0.356750667,0.0430204235,0.261351258,0.595204,0.759886742,-0.117676914,0.247101888,-0.8022715,0.543416262,-0.183859244,0.0,0.0,0.0,1.0]},"headPose":{"x":0.0360455178,"y":-0.07943131,"z":0.204680771}},{"recID":50,"timestamp":0,"world2head":{"data":[0.933035851,0.0455395132,-0.356889635,0.0429926142,0.26154232,0.5953226,0.7597279,-0.11777436,0.247062117,-0.802195132,0.543546855,-0.1837264,0.0,0.0,0.0,1.0]},"headPose":{"x":0.03608116,"y":-0.0792285353,"z":0.204684019}},{"recID":51,"timestamp":0,"world2head":{"data":[0.9327834,0.0455761626,-0.3575443,0.0429461338,0.2620871,0.5952191,0.7596213,-0.117773026,0.24743779,-0.8022699,0.5432656,-0.183518037,0.0,0.0,0.0,1.0]},"headPose":{"x":0.03621666,"y":-0.07908758,"z":0.2045171}},{"recID":52,"timestamp":0,"world2head":{"data":[0.932423353,0.04626506,-0.358393967,0.0430106856,0.262230873,0.5957625,0.7591457,-0.117625289,0.248639628,-0.801827133,0.5433707,-0.1834093,0.0,0.0,0.0,1.0]},"headPose":{"x":0.036343623,"y":-0.0789757,"z":0.204368711}},{"recID":53,"timestamp":0,"world2head":{"data":[0.93141675,0.04710497,-0.3608934,0.04327038,0.2629978,0.5983299,0.756857634,-0.117283121,0.2515851,-0.799864054,0.544906,-0.182997465,0.0,0.0,0.0,1.0]},"headPose":{"x":0.0365818851,"y":-0.07823733,"z":0.204099014}},{"recID":54,"timestamp":0,"world2head":{"data":[0.9307613,0.0478502363,-0.362482846,0.0433305837,0.2632705,0.6002432,0.755246162,-0.11699459,0.2537166,-0.7983849,0.5460856,-0.1828502,0.0,0.0,0.0,1.0]},"headPose":{"x":0.0368629247,"y":-0.07783301,"z":0.203918159}},{"recID":55,"timestamp":0,"world2head":{"data":[0.9298455,0.0483639836,-0.3647578,0.0434855372,0.26401487,0.6027889,0.7529553,-0.11655362,0.2562879,-0.796433568,0.547731757,-0.182646662,0.0,0.0,0.0,1.0]},"headPose":{"x":0.0371471867,"y":-0.07731185,"z":0.203662723}},{"recID":56,"timestamp":0,"world2head":{"data":[0.9285764,0.04883784,-0.367914021,0.04375878,0.265507579,0.605245948,0.7504553,-0.116466887,0.259329081,-0.794539034,0.5490503,-0.1822861,0.0,0.0,0.0,1.0]},"headPose":{"x":0.03756156,"y":-0.0764794,"z":0.203586876}},{"recID":57,"timestamp":0,"world2head":{"data":[0.925733268,0.0504756421,-0.37479347,0.0442615747,0.26614964,0.617115,0.740495443,-0.115838088,0.268667638,-0.785252452,0.557849765,-0.182090953,0.0,0.0,0.0,1.0]},"headPose":{"x":0.0387778059,"y":-0.07373606,"z":0.20394592}},{"recID":58,"timestamp":0,"world2head":{"data":[0.9233911,0.0521216467,-0.3803054,0.04506169,0.265807629,0.6279546,0.73145014,-0.113216519,0.276938915,-0.776502669,0.565993369,-0.182970315,0.0,0.0,0.0,1.0]},"headPose":{"x":0.0391558446,"y":-0.07333079,"z":0.20350942}},{"recID":59,"timestamp":0,"world2head":{"data":[0.921388447,0.0534192473,-0.384954184,0.0457027927,0.2667899,0.633323,0.726446867,-0.112218387,0.282606572,-0.7720417,0.5692848,-0.18259865,0.0,0.0,0.0,1.0]},"headPose":{"x":0.03943229,"y":-0.07234469,"z":0.203064814}},{"recID":60,"timestamp":0,"world2head":{"data":[0.919294536,0.0554153323,-0.389649481,0.0464555919,0.267168671,0.6391102,0.721220553,-0.111101024,0.288995653,-0.767116249,0.5727253,-0.182674557,0.0,0.0,0.0,1.0]},"headPose":{"x":0.0397684835,"y":-0.07170117,"z":0.202852055}},{"recID":61,"timestamp":0,"world2head":{"data":[0.9175307,0.058038637,-0.393406749,0.04704069,0.266089857,0.6455822,0.7158351,-0.1092716,0.2955225,-0.761482239,0.576898,-0.182857811,0.0,0.0,0.0,1.0]},"headPose":{"x":0.0399533734,"y":-0.07142936,"z":0.202216864}},{"recID":62,"timestamp":0,"world2head":{"data":[0.9145247,0.0624145567,-0.399686158,0.048076164,0.2675044,0.647857666,0.7132474,-0.108747743,0.303456783,-0.7592002,0.575785637,-0.18123427,0.0,0.0,0.0,1.0]},"headPose":{"x":0.0401204154,"y":-0.07014069,"z":0.201131508}},{"recID":63,"timestamp":0,"world2head":{"data":[0.913405955,0.0644973442,-0.401907563,0.04837585,0.266722471,0.6510272,0.71064955,-0.108510785,0.3074878,-0.75630933,0.5774492,-0.180989385,0.0,0.0,0.0,1.0]},"headPose":{"x":0.0404074937,"y":-0.06936059,"z":0.201067924}},{"recID":64,"timestamp":0,"world2head":{"data":[0.9121273,0.06615466,-0.404533416,0.0487720966,0.2663938,0.6543976,0.7076709,-0.107947052,0.3115414,-0.7532512,0.5792707,-0.180780262,0.0,0.0,0.0,1.0]},"headPose":{"x":0.0405906029,"y":-0.0687591657,"z":0.20084165}},{"recID":65,"timestamp":0,"world2head":{"data":[0.911129236,0.0676545,-0.406529754,0.0491614379,0.2658905,0.6571679,0.705289066,-0.107225746,0.314874262,-0.750701845,0.580776155,-0.180557474,0.0,0.0,0.0,1.0]},"headPose":{"x":0.0405707881,"y":-0.06840551,"z":0.2004742}},{"recID":66,"timestamp":0,"world2head":{"data":[0.9105959,0.0690382645,-0.407490849,0.04936308,0.265071154,0.658907652,0.703973,-0.106780529,0.317099929,-0.749049,0.5816986,-0.18023552,0.0,0.0,0.0,1.0]},"headPose":{"x":0.0405072831,"y":-0.06805467,"z":0.200128347}},{"recID":67,"timestamp":0,"world2head":{"data":[0.9107486,0.0697055757,-0.4070357,0.0491984,0.263668329,0.6604399,0.703063369,-0.10630925,0.3178301,-0.747636437,0.5831156,-0.18000479,0.0,0.0,0.0,1.0]},"headPose":{"x":0.040433947,"y":-0.06779667,"z":0.199731261}},{"recID":68,"timestamp":0,"world2head":{"data":[0.9107936,0.0702468157,-0.406842023,0.04886817,0.261819482,0.6636558,0.700722158,-0.105581827,0.3192266,-0.74473244,0.5860615,-0.179568112,0.0,0.0,0.0,1.0]},"headPose":{"x":0.0404574722,"y":-0.06709303,"z":0.199103087}},{"recID":69,"timestamp":0,"world2head":{"data":[0.9109178,0.06998767,-0.406608433,0.0486689024,0.261051476,0.665392756,0.699360251,-0.105029896,0.3195009,-0.7432054,0.5878477,-0.179694176,0.0,0.0,0.0,1.0]},"headPose":{"x":0.0404972844,"y":-0.0670697838,"z":0.19887571}},{"recID":70,"timestamp":0,"world2head":{"data":[0.911149859,0.0692631453,-0.4062125,0.0484220833,0.2605958,0.6667706,0.6982169,-0.104467705,0.319211245,-0.742037535,0.5894782,-0.179532915,0.0,0.0,0.0,1.0]},"headPose":{"x":0.040412996,"y":-0.06691803,"z":0.19844152}},{"recID":71,"timestamp":0,"world2head":{"data":[0.9113997,0.06851434,-0.405778676,0.0481357835,0.2604433,0.667413354,0.697659552,-0.103881657,0.318621784,-0.741529047,0.5904362,-0.179365963,0.0,0.0,0.0,1.0]},"headPose":{"x":0.0403342359,"y":-0.0669710562,"z":0.197910637}},{"recID":72,"timestamp":0,"world2head":{"data":[0.9119327,0.06780901,-0.404698223,0.047405418,0.260951668,0.6652931,0.6994922,-0.103461422,0.3166748,-0.743496537,0.5890077,-0.178456068,0.0,0.0,0.0,1.0]},"headPose":{"x":0.0402804129,"y":-0.06706381,"z":0.196667328}},{"recID":73,"timestamp":0,"world2head":{"data":[0.912025,0.0676076859,-0.404524,0.04713569,0.26136148,0.664302468,0.7002802,-0.103475645,0.316070646,-0.7444,0.588190436,-0.177953392,0.0,0.0,0.0,1.0]},"headPose":{"x":0.0403014645,"y":-0.0669161156,"z":0.196199939}},{"recID":74,"timestamp":0,"world2head":{"data":[0.9120836,0.06753289,-0.4044043,0.0468452051,0.261772066,0.6632241,0.70114857,-0.103455506,0.315561265,-0.7453678,0.5872376,-0.177414089,0.0,0.0,0.0,1.0]},"headPose":{"x":0.04034003,"y":-0.06678816,"z":0.195666283}},{"recID":75,"timestamp":0,"world2head":{"data":[0.912054241,0.06761242,-0.4044572,0.0465896539,0.262179345,0.6622436,0.7019227,-0.103478439,0.315307915,-0.746231854,0.586275458,-0.176827431,0.0,0.0,0.0,1.0]},"headPose":{"x":0.0403926969,"y":-0.06657638,"z":0.195146963}},{"recID":76,"timestamp":0,"world2head":{"data":[0.9117729,0.0677174255,-0.405073524,0.0464952365,0.262834877,0.661664963,0.7022232,-0.103493579,0.315575719,-0.746735454,0.585489631,-0.176381364,0.0,0.0,0.0,1.0]},"headPose":{"x":0.0404703,"y":-0.0663807,"z":0.194779038}},{"recID":77,"timestamp":0,"world2head":{"data":[0.9116118,0.0676789656,-0.405442417,0.04631732,0.263327748,0.661226034,0.7024519,-0.103376888,0.315630317,-0.7471276,0.5849597,-0.175911978,0.0,0.0,0.0,1.0]},"headPose":{"x":0.0405217372,"y":-0.0662079155,"z":0.1942977}},{"recID":78,"timestamp":0,"world2head":{"data":[0.911416233,0.0675682649,-0.4059002,0.04595472,0.263823569,0.661045551,0.7024358,-0.103061214,0.3157809,-0.747297466,0.5846615,-0.1751971,0.0,0.0,0.0,1.0]},"headPose":{"x":0.04062999,"y":-0.06590127,"z":0.1934779}},{"recID":79,"timestamp":0,"world2head":{"data":[0.911345541,0.0671855956,-0.406122357,0.04574578,0.264407575,0.6606142,0.702621937,-0.102819525,0.3154963,-0.7477132,0.5842835,-0.174815968,0.0,0.0,0.0,1.0]},"headPose":{"x":0.04064983,"y":-0.06586162,"z":0.19296369}},{"recID":80,"timestamp":0,"world2head":{"data":[0.911123,0.0668311343,-0.406679869,0.04552121,0.2652669,0.660102069,0.702779353,-0.102577195,0.315417767,-0.748197138,0.5837061,-0.174586684,0.0,0.0,0.0,1.0]},"headPose":{"x":0.04080265,"y":-0.06595607,"z":0.192508981}},{"recID":81,"timestamp":0,"world2head":{"data":[0.9108343,0.06695235,-0.407306,0.0454253927,0.2663731,0.6584503,0.703909457,-0.102565363,0.315319151,-0.7496403,0.5819049,-0.174137175,0.0,0.0,0.0,1.0]},"headPose":{"x":0.04085443,"y":-0.06604737,"z":0.192030042}},{"recID":82,"timestamp":0,"world2head":{"data":[0.9102446,0.0670656562,-0.408603728,0.0452928729,0.268572718,0.6554421,0.705878437,-0.102965988,0.315156281,-0.7522618,0.578600645,-0.173630446,0.0,0.0,0.0,1.0]},"headPose":{"x":0.0411469936,"y":-0.0661649,"z":0.191650987}},{"recID":83,"timestamp":0,"world2head":{"data":[0.909987032,0.0675501153,-0.409097254,0.0451519042,0.269545436,0.6533438,0.707451165,-0.103188254,0.315069556,-0.754041731,0.5763266,-0.173434362,0.0,0.0,0.0,1.0]},"headPose":{"x":0.04137016,"y":-0.06640935,"z":0.191426992}},{"recID":84,"timestamp":0,"world2head":{"data":[0.909807444,0.067937,-0.409432471,0.04508367,0.2704124,0.6513413,0.7089652,-0.103611313,0.314845264,-0.7557374,0.5742242,-0.173166946,0.0,0.0,0.0,1.0]},"headPose":{"x":0.0415211059,"y":-0.06644526,"z":0.191352174}},{"recID":85,"timestamp":0,"world2head":{"data":[0.909492,0.0682112351,-0.410087138,0.0450467765,0.270708174,0.651466,0.7087378,-0.103586063,0.31550172,-0.7556053,0.5740378,-0.173793942,0.0,0.0,0.0,1.0]},"headPose":{"x":0.041904185,"y":-0.0669095144,"z":0.19165273}},{"recID":86,"timestamp":0,"world2head":{"data":[0.909235358,0.06829633,-0.41064173,0.0450474434,0.271675646,0.6500629,0.7096552,-0.103271894,0.31540978,-0.756805,0.5725057,-0.173923835,0.0,0.0,0.0,1.0]},"headPose":{"x":0.041955024,"y":-0.0675697848,"z":0.191358209}},{"recID":87,"timestamp":0,"world2head":{"data":[0.9085431,0.06909208,-0.412038445,0.0451607741,0.274096966,0.6457416,0.7126631,-0.104254082,0.315309763,-0.7604237,0.567746162,-0.174053237,0.0,0.0,0.0,1.0]},"headPose":{"x":0.0424258932,"y":-0.0681532547,"z":0.191724047}},{"recID":88,"timestamp":0,"world2head":{"data":[0.908567131,0.06999378,-0.411833227,0.0450648032,0.2738396,0.644701,0.7137034,-0.104201384,0.315464139,-0.7612237,0.5665871,-0.174301326,0.0,0.0,0.0,1.0]},"headPose":{"x":0.0425758734,"y":-0.06865782,"z":0.191684932}},{"recID":89,"timestamp":0,"world2head":{"data":[0.9084637,0.0705211461,-0.41197145,0.0450218543,0.274505824,0.642609835,0.7153315,-0.104556039,0.315182865,-0.7629413,0.5644292,-0.17424731,0.0,0.0,0.0,1.0]},"headPose":{"x":0.04272029,"y":-0.06892671,"z":0.191690221}},{"recID":90,"timestamp":0,"world2head":{"data":[0.908493459,0.07118486,-0.411791623,0.0448775962,0.2750848,0.6399249,0.7175127,-0.105124161,0.314591765,-0.765133262,0.5617857,-0.174115017,0.0,0.0,0.0,1.0]},"headPose":{"x":0.0429222062,"y":-0.0691442341,"z":0.191723466}},{"recID":91,"timestamp":0,"world2head":{"data":[0.9084913,0.0722717941,-0.411607,0.0447868146,0.274725556,0.6389121,0.718552232,-0.1057729,0.314911753,-0.765877366,0.5605911,-0.174297288,0.0,0.0,0.0,1.0]},"headPose":{"x":0.0432583578,"y":-0.0691476,"z":0.192147434}},{"recID":92,"timestamp":0,"world2head":{"data":[0.908584237,0.07279782,-0.411309153,0.044667922,0.274647772,0.637786865,0.7195809,-0.106310166,0.314711481,-0.766765,0.5594893,-0.174637556,0.0,0.0,0.0,1.0]},"headPose":{"x":0.04357373,"y":-0.06935446,"z":0.192578912}},{"recID":93,"timestamp":0,"world2head":{"data":[0.9089855,0.07276058,-0.410428166,0.04448093,0.273804158,0.6381954,0.7195401,-0.106370576,0.314287543,-0.7664285,0.560188234,-0.17503114,0.0,0.0,0.0,1.0]},"headPose":{"x":0.043702282,"y":-0.06950009,"z":0.19284448}},{"recID":94,"timestamp":0,"world2head":{"data":[0.909377038,0.0725875944,-0.4095906,0.04431131,0.27328223,0.6380954,0.719827235,-0.106467083,0.3136084,-0.7665282,0.5604324,-0.175337121,0.0,0.0,0.0,1.0]},"headPose":{"x":0.04378706,"y":-0.0696811453,"z":0.193051979}},{"recID":95,"timestamp":0,"world2head":{"data":[0.9097725,0.07188835,-0.408835053,0.0440529361,0.273236215,0.637734354,0.720164537,-0.106542021,0.312499583,-0.76689446,0.5605507,-0.1756145,0.0,0.0,0.0,1.0]},"headPose":{"x":0.0439124443,"y":-0.0698991641,"z":0.193178982}},{"recID":96,"timestamp":0,"world2head":{"data":[0.9100653,0.0715618953,-0.408240169,0.0438881479,0.273390472,0.6366605,0.7210555,-0.106835932,0.311510473,-0.767816544,0.5598383,-0.175875351,0.0,0.0,0.0,1.0]},"headPose":{"x":0.04405386,"y":-0.07016252,"z":0.1934133}},{"recID":97,"timestamp":0,"world2head":{"data":[0.9106953,0.07162531,-0.406821668,0.0436346121,0.272585452,0.63578105,0.722135544,-0.107302874,0.3103727,-0.7685391,0.5594789,-0.176081821,0.0,0.0,0.0,1.0]},"headPose":{"x":0.04416235,"y":-0.070229955,"z":0.193752736}},{"recID":98,"timestamp":0,"world2head":{"data":[0.911359668,0.07048415,-0.405531138,0.0432358868,0.2716624,0.637170553,0.7212581,-0.107687317,0.309229761,-0.767493069,0.5615437,-0.177198231,0.0,0.0,0.0,1.0]},"headPose":{"x":0.0446461141,"y":-0.07043067,"z":0.194708377}},{"recID":99,"timestamp":0,"world2head":{"data":[0.911443651,0.07059554,-0.405323058,0.0431426838,0.271317959,0.637456656,0.721135,-0.107572712,0.309284776,-0.7672453,0.561852,-0.177691072,0.0,0.0,0.0,1.0]},"headPose":{"x":0.0448214263,"y":-0.07080539,"z":0.194897234}},{"recID":100,"timestamp":0,"world2head":{"data":[0.911859632,0.07121522,-0.404277682,0.0430815034,0.2705998,0.6362932,0.7224312,-0.108188063,0.3086872,-0.7681533,0.5609392,-0.178005055,0.0,0.0,0.0,1.0]},"headPose":{"x":0.0449392647,"y":-0.0709639,"z":0.195425332}},{"recID":101,"timestamp":0,"world2head":{"data":[0.9123877,0.07139603,-0.403052449,0.04293438,0.2692756,0.6369132,0.7223797,-0.108403526,0.308284461,-0.7676226,0.561886549,-0.178520933,0.0,0.0,0.0,1.0]},"headPose":{"x":0.04505284,"y":-0.0710583851,"z":0.195921779}},{"recID":102,"timestamp":0,"world2head":{"data":[0.9143521,0.0734617,-0.398200482,0.0416647345,0.263556838,0.638605237,0.7229946,-0.108004607,0.307405323,-0.7660201,0.5645487,-0.179616228,0.0,0.0,0.0,1.0]},"headPose":{"x":0.0455840938,"y":-0.0716780946,"z":0.196079761}},{"recID":103,"timestamp":0,"world2head":{"data":[0.914710343,0.07345052,-0.397378951,0.0413180739,0.2630568,0.638248146,0.723491848,-0.108373031,0.306767255,-0.766318738,0.5644905,-0.1799365,0.0,0.0,0.0,1.0]},"headPose":{"x":0.0459128059,"y":-0.07175465,"z":0.196398377}},{"recID":104,"timestamp":0,"world2head":{"data":[0.9149984,0.07275454,-0.396843463,0.04107495,0.262777269,0.6389031,0.7230151,-0.108593009,0.306147128,-0.765839159,0.565477,-0.180144086,0.0,0.0,0.0,1.0]},"headPose":{"x":0.04610286,"y":-0.0715693757,"z":0.196682081}},{"recID":105,"timestamp":0,"world2head":{"data":[0.9148529,0.0715131462,-0.397404075,0.0409666151,0.262736648,0.6419201,0.720352769,-0.108151659,0.306616366,-0.7634294,0.568473339,-0.181070745,0.0,0.0,0.0,1.0]},"headPose":{"x":0.04645623,"y":-0.07173966,"z":0.197121531}},{"recID":106,"timestamp":0,"world2head":{"data":[0.914223969,0.07110855,-0.398921132,0.0413966365,0.262853116,0.6451761,0.7173953,-0.106701471,0.308387339,-0.76071763,0.571144342,-0.182065129,0.0,0.0,0.0,1.0]},"headPose":{"x":0.0463475958,"y":-0.07260258,"z":0.197046608}},{"recID":107,"timestamp":0,"world2head":{"data":[0.9148824,0.07185704,-0.397274137,0.0411294773,0.261583954,0.644027,0.718890131,-0.105927676,0.307512581,-0.761620462,0.5704124,-0.181955,0.0,0.0,0.0,1.0]},"headPose":{"x":0.0460337959,"y":-0.0733158,"z":0.1962794}},{"recID":108,"timestamp":0,"world2head":{"data":[0.916310132,0.07240256,-0.393870056,0.03991249,0.261065245,0.637814641,0.724594653,-0.108598858,0.303678572,-0.766779244,0.565534234,-0.180732518,0.0,0.0,0.0,1.0]},"headPose":{"x":0.04666377,"y":-0.07220577,"z":0.196620911}},{"recID":109,"timestamp":0,"world2head":{"data":[0.916236937,0.0725321546,-0.394016445,0.03977363,0.2604832,0.639381945,0.7234219,-0.109076515,0.304398358,-0.765460551,0.566931963,-0.180716872,0.0,0.0,0.0,1.0]},"headPose":{"x":0.04698045,"y":-0.07147493,"z":0.197033972}},{"recID":110,"timestamp":0,"world2head":{"data":[0.91586864,0.0727269351,-0.394836,0.03995512,0.259107023,0.644148,0.719678342,-0.107732244,0.3066728,-0.761435568,0.571110845,-0.181502178,0.0,0.0,0.0,1.0]},"headPose":{"x":0.0469823256,"y":-0.07171252,"z":0.196966156}},{"recID":111,"timestamp":0,"world2head":{"data":[0.9159751,0.07258647,-0.394614875,0.039917592,0.258755773,0.6447942,0.7192259,-0.1071836,0.306651473,-0.7609018,0.5718333,-0.181301743,0.0,0.0,0.0,1.0]},"headPose":{"x":0.0467673,"y":-0.07173893,"z":0.19651565}},{"recID":112,"timestamp":0,"world2head":{"data":[0.9159936,0.0718098357,-0.3947139,0.03980091,0.260374755,0.6420945,0.7210545,-0.108021572,0.305222422,-0.7632548,0.569456935,-0.180676833,0.0,0.0,0.0,1.0]},"headPose":{"x":0.04681534,"y":-0.07140051,"z":0.196487114}},{"recID":113,"timestamp":0,"world2head":{"data":[0.9160599,0.071584,-0.3946011,0.0395763554,0.258850336,0.6460022,0.7181071,-0.107939243,0.306318164,-0.759971738,0.5732471,-0.181454152,0.0,0.0,0.0,1.0]},"headPose":{"x":0.047268495,"y":-0.07100407,"z":0.197146863}},{"recID":114,"timestamp":0,"world2head":{"data":[0.9159491,0.0716213062,-0.394851357,0.0395951942,0.258731216,0.6467287,0.717495739,-0.106995672,0.306749672,-0.75935,0.5738399,-0.181512848,0.0,0.0,0.0,1.0]},"headPose":{"x":0.0470949449,"y":-0.07147046,"z":0.196562469}},{"recID":115,"timestamp":0,"world2head":{"data":[0.9158828,0.07178547,-0.394975275,0.03960716,0.260752678,0.641699553,0.7212696,-0.1080869,0.305232137,-0.763589263,0.569003344,-0.1807502,0.0,0.0,0.0,1.0]},"headPose":{"x":0.0470791981,"y":-0.07150283,"z":0.1964511}},{"recID":116,"timestamp":0,"world2head":{"data":[0.9159928,0.0719927,-0.394682527,0.0394579247,0.2610828,0.6399894,0.722668231,-0.108882025,0.3046195,-0.765003741,0.5674296,-0.180690065,0.0,0.0,0.0,1.0]},"headPose":{"x":0.0473257527,"y":-0.07138589,"z":0.196787819}},{"recID":117,"timestamp":0,"world2head":{"data":[0.915975332,0.07321507,-0.39449814,0.0392370671,0.2607478,0.638670564,0.7239548,-0.109201767,0.304958731,-0.7659892,0.565915763,-0.18095392,0.0,0.0,0.0,1.0]},"headPose":{"x":0.0477174148,"y":-0.07173754,"z":0.19694078}},{"recID":118,"timestamp":0,"world2head":{"data":[0.9155805,0.07355738,-0.3953501,0.0393766277,0.261644959,0.637607932,0.724567533,-0.109449245,0.305375636,-0.7668413,0.5645355,-0.181085,0.0,0.0,0.0,1.0]},"headPose":{"x":0.0478833169,"y":-0.07197417,"z":0.1970998}},{"recID":119,"timestamp":0,"world2head":{"data":[0.915389538,0.0741561949,-0.395680219,0.03941121,0.262074232,0.6363112,0.7255517,-0.109647855,0.305579931,-0.767860055,0.5630382,-0.181051046,0.0,0.0,0.0,1.0]},"headPose":{"x":0.04798482,"y":-0.07217429,"z":0.197088048}},{"recID":120,"timestamp":0,"world2head":{"data":[0.915319264,0.0748994648,-0.395702839,0.0394562781,0.262216926,0.6349127,0.726724267,-0.109769478,0.305668056,-0.76894474,0.56150794,-0.181041971,0.0,0.0,0.0,1.0]},"headPose":{"x":0.04800706,"y":-0.07247246,"z":0.197041586}},{"recID":121,"timestamp":0,"world2head":{"data":[0.915241,0.0753726661,-0.395793974,0.0395452827,0.2631554,0.6320387,0.7288871,-0.110533334,0.305095315,-0.771262646,0.5586331,-0.180663362,0.0,0.0,0.0,1.0]},"headPose":{"x":0.048013512,"y":-0.07245819,"z":0.1971426}},{"recID":122,"timestamp":0,"world2head":{"data":[0.9153204,0.07581646,-0.395525575,0.0395403169,0.263318539,0.630436957,0.7302141,-0.111009754,0.304716229,-0.7725291,0.5570879,-0.180759385,0.0,0.0,0.0,1.0]},"headPose":{"x":0.0481191725,"y":-0.07265503,"z":0.197398946}},{"recID":123,"timestamp":0,"world2head":{"data":[0.9158373,0.07568192,-0.394353,0.03938852,0.263432175,0.627960443,0.732304037,-0.111844853,0.303060263,-0.7745566,0.555172563,-0.180708155,0.0,0.0,0.0,1.0]},"headPose":{"x":0.04815552,"y":-0.07271556,"z":0.19776161}},{"recID":124,"timestamp":0,"world2head":{"data":[0.916224241,0.0752329752,-0.393539339,0.039279066,0.263317257,0.627246737,0.7329568,-0.112070292,0.3019888,-0.7751785,0.5548885,-0.180726528,0.0,0.0,0.0,1.0]},"headPose":{"x":0.04809898,"y":-0.0727546662,"z":0.197883576}},{"recID":125,"timestamp":0,"world2head":{"data":[0.9165379,0.07484293,-0.392882764,0.03925335,0.263009548,0.627262,0.7330541,-0.112257443,0.30130434,-0.775203764,0.555224955,-0.180903882,0.0,0.0,0.0,1.0]},"headPose":{"x":0.0480547249,"y":-0.07276038,"z":0.1981551}},{"recID":126,"timestamp":0,"world2head":{"data":[0.917676866,0.0748859346,-0.3902067,0.0388880558,0.2608646,0.6272106,0.733864069,-0.112367317,0.299697876,-0.775241137,0.5560416,-0.181057513,0.0,0.0,0.0,1.0]},"headPose":{"x":0.047888536,"y":-0.07279744,"z":0.198312223}},{"recID":127,"timestamp":0,"world2head":{"data":[0.9196546,0.07333194,-0.385821044,0.0380297154,0.258309662,0.6270576,0.7348979,-0.11271362,0.2958235,-0.7755136,0.5577341,-0.1813325,0.0,0.0,0.0,1.0]},"headPose":{"x":0.047783222,"y":-0.07273666,"z":0.198640943}},{"recID":128,"timestamp":0,"world2head":{"data":[0.920687139,0.0725428,-0.383500636,0.037498083,0.25694418,0.6269666,0.7354539,-0.112830631,0.293793976,-0.7756612,0.558600664,-0.181498051,0.0,0.0,0.0,1.0]},"headPose":{"x":0.04779021,"y":-0.07276019,"z":0.198747218}},{"recID":129,"timestamp":0,"world2head":{"data":[0.9215219,0.07138549,-0.381708682,0.03719268,0.256282449,0.626691937,0.7359188,-0.113085672,0.2917477,-0.775990546,0.5592154,-0.181473792,0.0,0.0,0.0,1.0]},"headPose":{"x":0.04765256,"y":-0.07260709,"z":0.1989016}},{"recID":130,"timestamp":0,"world2head":{"data":[0.9221997,0.07010708,-0.380306035,0.03696789,0.25577873,0.6270127,0.73582083,-0.113479853,0.290042967,-0.775848,0.560299039,-0.181689858,0.0,0.0,0.0,1.0]},"headPose":{"x":0.0476318225,"y":-0.07240211,"z":0.199360609}},{"recID":131,"timestamp":0,"world2head":{"data":[0.9230585,0.06884237,-0.378449172,0.0365915745,0.254543,0.628314137,0.735138953,-0.113173261,0.288393646,-0.7749079,0.5624473,-0.182056,0.0,0.0,0.0,1.0]},"headPose":{"x":0.0475350879,"y":-0.07248731,"z":0.199443027}},{"recID":132,"timestamp":0,"world2head":{"data":[0.923717737,0.0678524151,-0.377016723,0.0362460352,0.253727853,0.628981233,0.7348502,-0.112936109,0.2869978,-0.7744538,0.5637851,-0.1824014,0.0,0.0,0.0,1.0]},"headPose":{"x":0.04752273,"y":-0.07268615,"z":0.19949165}},{"recID":133,"timestamp":0,"world2head":{"data":[0.9243642,0.06617193,-0.375728637,0.0358418562,0.254074454,0.627899647,0.73565495,-0.113412827,0.284599572,-0.7754762,0.563595355,-0.182704717,0.0,0.0,0.0,1.0]},"headPose":{"x":0.0476820581,"y":-0.0728430152,"z":0.199871063}},{"recID":134,"timestamp":0,"world2head":{"data":[0.924565136,0.065955475,-0.3752722,0.03568595,0.253816724,0.6279534,0.735698044,-0.113642842,0.284176767,-0.7754511,0.5638432,-0.182955146,0.0,0.0,0.0,1.0]},"headPose":{"x":0.0478420667,"y":-0.07286403,"z":0.200156778}},{"recID":135,"timestamp":0,"world2head":{"data":[0.924438536,0.06651479,-0.3754852,0.03569306,0.253505975,0.6283798,0.735441,-0.113557756,0.284865052,-0.775057733,0.5640366,-0.183212414,0.0,0.0,0.0,1.0]},"headPose":{"x":0.0479823463,"y":-0.0730169341,"z":0.200255781}},{"recID":136,"timestamp":0,"world2head":{"data":[0.923983932,0.0666421,-0.37658006,0.03589772,0.2542556,0.628509343,0.7350715,-0.1135207,0.285670817,-0.774941862,0.5637884,-0.183465749,0.0,0.0,0.0,1.0]},"headPose":{"x":0.0481051579,"y":-0.07321876,"z":0.200400054}},{"recID":137,"timestamp":0,"world2head":{"data":[0.9236041,0.06691844,-0.377461851,0.0359704271,0.254954,0.628085136,0.735192239,-0.11346142,0.2862761,-0.775261939,0.563040853,-0.1835462,0.0,0.0,0.0,1.0]},"headPose":{"x":0.04824989,"y":-0.07344003,"z":0.20033741}},{"recID":138,"timestamp":0,"world2head":{"data":[0.9225186,0.06912123,-0.379712552,0.03650024,0.256361246,0.625700831,0.736734331,-0.113805175,0.2885104,-0.776994765,0.559500635,-0.183567315,0.0,0.0,0.0,1.0]},"headPose":{"x":0.0484641679,"y":-0.07394579,"z":0.2004098}},{"recID":139,"timestamp":0,"world2head":{"data":[0.922037,0.06966211,-0.380782068,0.0366865247,0.257094383,0.6251911,0.7369115,-0.113826632,0.289396346,-0.777356565,0.5585396,-0.183600157,0.0,0.0,0.0,1.0]},"headPose":{"x":0.04857107,"y":-0.0741150454,"z":0.20039767}},{"recID":140,"timestamp":0,"world2head":{"data":[0.92163825,0.07025732,-0.381636977,0.03684831,0.2577647,0.6243105,0.7374238,-0.1139331,0.2900694,-0.7780105,0.5572786,-0.183466285,0.0,0.0,0.0,1.0]},"headPose":{"x":0.04862507,"y":-0.07419794,"z":0.200321481}},{"recID":141,"timestamp":0,"world2head":{"data":[0.921331465,0.0703149438,-0.382366538,0.0369858369,0.258779883,0.623065,0.7381213,-0.114121243,0.290140152,-0.779003143,0.5558533,-0.183097035,0.0,0.0,0.0,1.0]},"headPose":{"x":0.04857987,"y":-0.07412886,"z":0.200152546}},{"recID":142,"timestamp":0,"world2head":{"data":[0.9207837,0.06944631,-0.383841842,0.03720987,0.260772,0.6222222,0.7381311,-0.114471883,0.290095359,-0.779754341,0.5548224,-0.182892084,0.0,0.0,0.0,1.0]},"headPose":{"x":0.04864497,"y":-0.07396804,"z":0.200250581}},{"recID":143,"timestamp":0,"world2head":{"data":[0.9207515,0.06891179,-0.384015381,0.0371638462,0.260958463,0.622914433,0.737481058,-0.114354067,0.290029883,-0.7792489,0.5555663,-0.182846978,0.0,0.0,0.0,1.0]},"headPose":{"x":0.0486540757,"y":-0.07381153,"z":0.200189054}},{"recID":144,"timestamp":0,"world2head":{"data":[0.92073,0.06844613,-0.3841502,0.0370894931,0.261185884,0.6233082,0.7370677,-0.114202648,0.289893448,-0.778975,0.556021452,-0.182830423,0.0,0.0,0.0,1.0]},"headPose":{"x":0.0486800373,"y":-0.07377549,"z":0.200080633}},{"recID":145,"timestamp":0,"world2head":{"data":[0.9207491,0.067924045,-0.384197056,0.036967542,0.2613582,0.6237478,0.7366346,-0.114187777,0.289677262,-0.778668761,0.5565628,-0.182863832,0.0,0.0,0.0,1.0]},"headPose":{"x":0.0487775765,"y":-0.0736769438,"z":0.200092673}},{"recID":146,"timestamp":0,"world2head":{"data":[0.9207034,0.0674853,-0.384383857,0.0368772671,0.2613336,0.624889553,0.7356751,-0.114079282,0.289844751,-0.777791,0.557701766,-0.182883471,0.0,0.0,0.0,1.0]},"headPose":{"x":0.0488675274,"y":-0.0734468251,"z":0.20009473}},{"recID":147,"timestamp":0,"world2head":{"data":[0.9205644,0.06757858,-0.384700328,0.0368889049,0.2607786,0.6269078,0.73415333,-0.113341041,0.2907847,-0.7761571,0.559486,-0.182906866,0.0,0.0,0.0,1.0]},"headPose":{"x":0.048784826,"y":-0.07340296,"z":0.1997347}},{"recID":148,"timestamp":0,"world2head":{"data":[0.9205742,0.06771269,-0.3846534,0.03684306,0.2605811,0.6271291,0.7340345,-0.113207318,0.290930748,-0.7759666,0.559674144,-0.1827848,0.0,0.0,0.0,1.0]},"headPose":{"x":0.04876065,"y":-0.07333404,"z":0.199569821}},{"recID":149,"timestamp":0,"world2head":{"data":[0.920426965,0.067778714,-0.384993821,0.0368688144,0.26076287,0.627266943,0.733852148,-0.11330