[{"recID":0,"timestamp":0,"world2head":{"data":[0.268231153,0.0659736842,-0.9610929,-0.207633376,0.536791146,0.8181863,0.205976844,-0.127457634,0.7999421,-0.571155548,0.18404901,-0.17645891,0.0,0.0,0.0,1.0]},"headPose":{"x":0.265268773,"y":0.0171969347,"z":-0.140824571}},{"recID":1,"timestamp":0,"world2head":{"data":[0.27975148,0.07460606,-0.9571692,-0.20700416,0.5491044,0.80538106,0.2232615,-0.127452344,0.7875426,-0.5880436,0.18434,-0.173435658,0.0,0.0,0.0,1.0]},"headPose":{"x":0.264482379,"y":0.0161037222,"z":-0.1377117}},{"recID":2,"timestamp":0,"world2head":{"data":[0.27975148,0.07460606,-0.9571692,-0.20700416,0.5491044,0.80538106,0.2232615,-0.127452344,0.7875426,-0.5880436,0.18434,-0.173435658,0.0,0.0,0.0,1.0]},"headPose":{"x":0.264482379,"y":0.0161037222,"z":-0.1377117}},{"recID":3,"timestamp":0,"world2head":{"data":[0.27975148,0.07460606,-0.9571692,-0.20700416,0.5491044,0.80538106,0.2232615,-0.127452344,0.7875426,-0.5880436,0.18434,-0.173435658,0.0,0.0,0.0,1.0]},"headPose":{"x":0.264482379,"y":0.0161037222,"z":-0.1377117}},{"recID":4,"timestamp":0,"world2head":{"data":[0.27975148,0.07460606,-0.9571692,-0.20700416,0.5491044,0.80538106,0.2232615,-0.127452344,0.7875426,-0.5880436,0.18434,-0.173435658,0.0,0.0,0.0,1.0]},"headPose":{"x":0.264482379,"y":0.0161037222,"z":-0.1377117}},{"recID":5,"timestamp":0,"world2head":{"data":[0.27975148,0.07460606,-0.9571692,-0.20700416,0.5491044,0.80538106,0.2232615,-0.127452344,0.7875426,-0.5880436,0.18434,-0.173435658,0.0,0.0,0.0,1.0]},"headPose":{"x":0.264482379,"y":0.0161037222,"z":-0.1377117}},{"recID":6,"timestamp":0,"world2head":{"data":[0.27975148,0.07460606,-0.9571692,-0.20700416,0.5491044,0.80538106,0.2232615,-0.127452344,0.7875426,-0.5880436,0.18434,-0.173435658,0.0,0.0,0.0,1.0]},"headPose":{"x":0.264482379,"y":0.0161037222,"z":-0.1377117}},{"recID":7,"timestamp":0,"world2head":{"data":[0.27975148,0.07460606,-0.9571692,-0.20700416,0.5491044,0.80538106,0.2232615,-0.127452344,0.7875426,-0.5880436,0.18434,-0.173435658,0.0,0.0,0.0,1.0]},"headPose":{"x":0.264482379,"y":0.0161037222,"z":-0.1377117}},{"recID":8,"timestamp":0,"world2head":{"data":[0.27975148,0.07460606,-0.9571692,-0.20700416,0.5491044,0.80538106,0.2232615,-0.127452344,0.7875426,-0.5880436,0.18434,-0.173435658,0.0,0.0,0.0,1.0]},"headPose":{"x":0.264482379,"y":0.0161037222,"z":-0.1377117}},{"recID":9,"timestamp":0,"world2head":{"data":[0.27975148,0.07460606,-0.9571692,-0.20700416,0.5491044,0.80538106,0.2232615,-0.127452344,0.7875426,-0.5880436,0.18434,-0.173435658,0.0,0.0,0.0,1.0]},"headPose":{"x":0.264482379,"y":0.0161037222,"z":-0.1377117}},{"recID":10,"timestamp":0,"world2head":{"data":[0.27975148,0.07460606,-0.9571692,-0.20700416,0.5491044,0.80538106,0.2232615,-0.127452344,0.7875426,-0.5880436,0.18434,-0.173435658,0.0,0.0,0.0,1.0]},"headPose":{"x":0.264482379,"y":0.0161037222,"z":-0.1377117}},{"recID":11,"timestamp":0,"world2head":{"data":[0.27975148,0.07460606,-0.9571692,-0.20700416,0.5491044,0.80538106,0.2232615,-0.127452344,0.7875426,-0.5880436,0.18434,-0.173435658,0.0,0.0,0.0,1.0]},"headPose":{"x":0.264482379,"y":0.0161037222,"z":-0.1377117}},{"recID":12,"timestamp":0,"world2head":{"data":[0.27975148,0.07460606,-0.9571692,-0.20700416,0.5491044,0.80538106,0.2232615,-0.127452344,0.7875426,-0.5880436,0.18434,-0.173435658,0.0,0.0,0.0,1.0]},"headPose":{"x":0.264482379,"y":0.0161037222,"z":-0.1377117}},{"recID":13,"timestamp":0,"world2head":{"data":[0.27975148,0.07460606,-0.9571692,-0.20700416,0.5491044,0.80538106,0.2232615,-0.127452344,0.7875426,-0.5880436,0.18434,-0.173435658,0.0,0.0,0.0,1.0]},"headPose":{"x":0.264482379,"y":0.0161037222,"z":-0.1377117}},{"recID":14,"timestamp":0,"world2head":{"data":[0.27975148,0.07460606,-0.9571692,-0.20700416,0.5491044,0.80538106,0.2232615,-0.127452344,0.7875426,-0.5880436,0.18434,-0.173435658,0.0,0.0,0.0,1.0]},"headPose":{"x":0.264482379,"y":0.0161037222,"z":-0.1377117}},{"recID":15,"timestamp":0,"world2head":{"data":[0.27975148,0.07460606,-0.9571692,-0.20700416,0.5491044,0.80538106,0.2232615,-0.127452344,0.7875426,-0.5880436,0.18434,-0.173435658,0.0,0.0,0.0,1.0]},"headPose":{"x":0.264482379,"y":0.0161037222,"z":-0.1377117}},{"recID":16,"timestamp":0,"world2head":{"data":[0.27975148,0.07460606,-0.9571692,-0.20700416,0.5491044,0.80538106,0.2232615,-0.127452344,0.7875426,-0.5880436,0.18434,-0.173435658,0.0,0.0,0.0,1.0]},"headPose":{"x":0.264482379,"y":0.0161037222,"z":-0.1377117}},{"recID":17,"timestamp":0,"world2head":{"data":[0.279467821,0.0747381449,-0.9572419,-0.206985846,0.5491691,0.8053513,0.223209634,-0.127446234,0.787598252,-0.5880676,0.184025884,-0.173518434,0.0,0.0,0.0,1.0]},"headPose":{"x":0.264498234,"y":0.01606818,"z":-0.1377564}},{"recID":18,"timestamp":0,"world2head":{"data":[0.278128028,0.07529023,-0.9575888,-0.206875041,0.550094843,0.8047643,0.22304742,-0.12740536,0.7874265,-0.5888004,0.182410717,-0.173658788,0.0,0.0,0.0,1.0]},"headPose":{"x":0.2643663,"y":0.0158565976,"z":-0.138006538}},{"recID":19,"timestamp":0,"world2head":{"data":[0.278128028,0.07529023,-0.9575888,-0.206875041,0.550094843,0.8047643,0.22304742,-0.12740536,0.7874265,-0.5888004,0.182410717,-0.173658788,0.0,0.0,0.0,1.0]},"headPose":{"x":0.2643663,"y":0.0158565976,"z":-0.138006538}},{"recID":20,"timestamp":0,"world2head":{"data":[0.27746743,0.075022,-0.957801342,-0.206723213,0.550711453,0.8044803,0.222549468,-0.127851039,0.787228465,-0.589222431,0.181901634,-0.1735661,0.0,0.0,0.0,1.0]},"headPose":{"x":0.264404178,"y":0.0160933826,"z":-0.13797465}},{"recID":21,"timestamp":0,"world2head":{"data":[0.277769566,0.0750999749,-0.9577077,-0.2067757,0.55023,0.8047699,0.222693563,-0.127677113,0.7874586,-0.588817,0.182218313,-0.173452824,0.0,0.0,0.0,1.0]},"headPose":{"x":0.2642747,"y":0.01614757,"z":-0.137991533}},{"recID":22,"timestamp":0,"world2head":{"data":[0.278289855,0.07473877,-0.957585,-0.206893086,0.549961,0.804964542,0.222654492,-0.1276513,0.787462831,-0.5885968,0.182910085,-0.173299789,0.0,0.0,0.0,1.0]},"headPose":{"x":0.2642466,"y":0.01621401,"z":-0.13799727}},{"recID":23,"timestamp":0,"world2head":{"data":[0.2786349,0.0743537545,-0.9575145,-0.206994548,0.549769342,0.8051373,0.222503051,-0.127585113,0.787474632,-0.588409245,0.1834619,-0.173136085,0.0,0.0,0.0,1.0]},"headPose":{"x":0.264158547,"y":0.01623948,"z":-0.138048336}},{"recID":24,"timestamp":0,"world2head":{"data":[0.278803468,0.07401368,-0.9574919,-0.2070573,0.54979074,0.8051711,0.222328022,-0.127626091,0.7874001,-0.588405967,0.183792412,-0.17315568,0.0,0.0,0.0,1.0]},"headPose":{"x":0.2642387,"y":0.0162001,"z":-0.138056114}},{"recID":25,"timestamp":0,"world2head":{"data":[0.2792186,0.07314414,-0.9574377,-0.207223684,0.550446153,0.8048105,0.222011358,-0.127800733,0.786794841,-0.5890076,0.18445617,-0.172876686,0.0,0.0,0.0,1.0]},"headPose":{"x":0.2642266,"y":0.01618693,"z":-0.138142377}},{"recID":26,"timestamp":0,"world2head":{"data":[0.279272377,0.07276359,-0.957451046,-0.207287043,0.5504011,0.8049232,0.221714661,-0.127882868,0.786807239,-0.5889008,0.184743643,-0.172851324,0.0,0.0,0.0,1.0]},"headPose":{"x":0.264277071,"y":0.0162265357,"z":-0.138180479}},{"recID":27,"timestamp":0,"world2head":{"data":[0.279060185,0.07247788,-0.9575345,-0.20729062,0.550379336,0.805042267,0.221335843,-0.127929658,0.7868977,-0.588773251,0.184764922,-0.172874779,0.0,0.0,0.0,1.0]},"headPose":{"x":0.264291167,"y":0.0162287187,"z":-0.138231322}},{"recID":28,"timestamp":0,"world2head":{"data":[0.278766751,0.07239352,-0.957626462,-0.207260072,0.550163,0.805274248,0.221029714,-0.127854422,0.7871531,-0.588466346,0.184655428,-0.1729308,0.0,0.0,0.0,1.0]},"headPose":{"x":0.26424095,"y":0.0161982644,"z":-0.138285488}},{"recID":29,"timestamp":0,"world2head":{"data":[0.278215826,0.07258856,-0.957771838,-0.20710817,0.5503473,0.80518645,0.220890447,-0.127742589,0.787219,-0.588562369,0.184066653,-0.1731738,0.0,0.0,0.0,1.0]},"headPose":{"x":0.264249265,"y":0.0159666929,"z":-0.138269722}},{"recID":30,"timestamp":0,"world2head":{"data":[0.2782234,0.0732244849,-0.9577213,-0.207142472,0.5513103,0.804317236,0.22165446,-0.127718091,0.786542356,-0.589671,0.183410466,-0.173177809,0.0,0.0,0.0,1.0]},"headPose":{"x":0.264255822,"y":0.01577586,"z":-0.138312832}},{"recID":31,"timestamp":0,"world2head":{"data":[0.278565526,0.07363221,-0.957590461,-0.2071826,0.5515517,0.803982258,0.222268566,-0.1276386,0.7862518,-0.590077,0.183349788,-0.1731056,0.0,0.0,0.0,1.0]},"headPose":{"x":0.264217824,"y":0.0157288183,"z":-0.138287172}},{"recID":32,"timestamp":0,"world2head":{"data":[0.278459668,0.07386385,-0.957603455,-0.207261026,0.552094638,0.8035391,0.22252281,-0.12757957,0.7859082,-0.5906514,0.182973385,-0.1732713,0.0,0.0,0.0,1.0]},"headPose":{"x":0.264325172,"y":0.0154813556,"z":-0.138380468}},{"recID":33,"timestamp":0,"world2head":{"data":[0.2785241,0.07394932,-0.9575781,-0.207225561,0.5529525,0.802862465,0.22283484,-0.127521023,0.7852821,-0.5915601,0.182726026,-0.173135072,0.0,0.0,0.0,1.0]},"headPose":{"x":0.264190227,"y":0.0152862528,"z":-0.138382241}},{"recID":34,"timestamp":0,"world2head":{"data":[0.278839,0.07404111,-0.9574794,-0.207293332,0.554482,0.801631033,0.223466828,-0.12761344,0.784090936,-0.59321636,0.182471573,-0.172956645,0.0,0.0,0.0,1.0]},"headPose":{"x":0.264174551,"y":0.01504643,"z":-0.138402045}},{"recID":35,"timestamp":0,"world2head":{"data":[0.279372215,0.07387164,-0.9573371,-0.207411289,0.5579127,0.7989681,0.224462658,-0.127748728,0.7814632,-0.596819043,0.181995511,-0.172665268,0.0,0.0,0.0,1.0]},"headPose":{"x":0.2641491,"y":0.0143390475,"z":-0.138463378}},{"recID":36,"timestamp":0,"world2head":{"data":[0.280122519,0.07370819,-0.9571305,-0.207519919,0.5608988,0.7965811,0.225502208,-0.1280789,0.7790534,-0.6000215,0.181797445,-0.172054365,0.0,0.0,0.0,1.0]},"headPose":{"x":0.264009774,"y":0.0140848542,"z":-0.138462484}},{"recID":37,"timestamp":0,"world2head":{"data":[0.2806682,0.07370269,-0.9569708,-0.207647592,0.563,0.7948596,0.226338565,-0.12831457,0.7773392,-0.602300644,0.181597233,-0.171856463,0.0,0.0,0.0,1.0]},"headPose":{"x":0.264111966,"y":0.0137869725,"z":-0.1384615}},{"recID":38,"timestamp":0,"world2head":{"data":[0.281830966,0.07334046,-0.956656933,-0.207802609,0.5656319,0.7926837,0.2274048,-0.1285037,0.7750044,-0.6052054,0.1819191,-0.171400487,0.0,0.0,0.0,1.0]},"headPose":{"x":0.264087141,"y":0.0133706173,"z":-0.138392434}},{"recID":39,"timestamp":0,"world2head":{"data":[0.28280282,0.0730671,-0.9563911,-0.207977057,0.5684974,0.7903204,0.228483066,-0.128444046,0.77255,-0.6083214,0.181966364,-0.171140686,0.0,0.0,0.0,1.0]},"headPose":{"x":0.2640513,"y":0.0125996862,"z":-0.138418257}},{"recID":40,"timestamp":0,"world2head":{"data":[0.286312461,0.07140353,-0.9554721,-0.2081266,0.5811523,0.779897,0.232428148,-0.1292909,0.761765957,-0.6218218,0.181797862,-0.1691024,0.0,0.0,0.0,1.0]},"headPose":{"x":0.263543338,"y":0.0105430046,"z":-0.138065845}},{"recID":41,"timestamp":0,"world2head":{"data":[0.2900527,0.07044238,-0.954414666,-0.208490521,0.5912537,0.7710018,0.236590981,-0.129837424,0.752521455,-0.632925034,0.181981862,-0.167317659,0.0,0.0,0.0,1.0]},"headPose":{"x":0.263150215,"y":0.008891912,"z":-0.137819245}},{"recID":42,"timestamp":0,"world2head":{"data":[0.293375671,0.0689655244,-0.95350647,-0.208713859,0.601339459,0.762052655,0.2401387,-0.130534083,0.7431835,-0.6438319,0.182096,-0.165464967,0.0,0.0,0.0,1.0]},"headPose":{"x":0.262697667,"y":0.00733631942,"z":-0.1375332}},{"recID":43,"timestamp":0,"world2head":{"data":[0.297415853,0.06670827,-0.952414751,-0.2090154,0.613939345,0.7506,0.244291216,-0.13166061,0.731178761,-0.657380939,0.182285547,-0.163193315,0.0,0.0,0.0,1.0]},"headPose":{"x":0.2623196,"y":0.005487338,"z":-0.137158036}},{"recID":44,"timestamp":0,"world2head":{"data":[0.3020677,0.0649535358,-0.951071143,-0.209400237,0.627987266,0.737046,0.249790445,-0.132483929,0.717208,-0.6727142,0.181847751,-0.160621032,0.0,0.0,0.0,1.0]},"headPose":{"x":0.2616499,"y":0.00319603737,"z":-0.136852711}},{"recID":45,"timestamp":0,"world2head":{"data":[0.3167802,0.06231445,-0.946449757,-0.211171418,0.6602585,0.701898,0.267204,-0.13444908,0.680961847,-0.709546447,0.181203723,-0.152682334,0.0,0.0,0.0,1.0]},"headPose":{"x":0.2596369,"y":-0.000806652068,"z":-0.136271209}},{"recID":46,"timestamp":0,"world2head":{"data":[0.326940715,0.06003329,-0.9431362,-0.212843448,0.6721643,0.6867464,0.276720941,-0.137895271,0.664307833,-0.7244138,0.1841731,-0.147792876,0.0,0.0,0.0,1.0]},"headPose":{"x":0.26045543,"y":0.000413577916,"z":-0.135362342}},{"recID":47,"timestamp":0,"world2head":{"data":[0.334092557,0.0571882725,-0.9408037,-0.214094549,0.67560184,0.6814762,0.281340271,-0.13933596,0.6572247,-0.729602456,0.189039588,-0.1462325,0.0,0.0,0.0,1.0]},"headPose":{"x":0.261770636,"y":0.000506261364,"z":-0.1345764}},{"recID":48,"timestamp":0,"world2head":{"data":[0.341133952,0.0553987324,-0.9383809,-0.215386033,0.6718497,0.683823466,0.284611225,-0.137477279,0.657453954,-0.727541447,0.19605577,-0.146112859,0.0,0.0,0.0,1.0]},"headPose":{"x":0.261902,"y":-0.000360857637,"z":-0.134340286}},{"recID":49,"timestamp":0,"world2head":{"data":[0.347124815,0.0522155762,-0.9363643,-0.216050923,0.67116785,0.6835245,0.2869286,-0.136992931,0.6550101,-0.728057563,0.202222884,-0.144535825,0.0,0.0,0.0,1.0]},"headPose":{"x":0.261614263,"y":-0.00031113578,"z":-0.1337667}},{"recID":50,"timestamp":0,"world2head":{"data":[0.3563968,0.0449054539,-0.9332551,-0.217539936,0.6608254,0.6940135,0.285753727,-0.135006145,0.660523534,-0.7185602,0.217669487,-0.144777387,0.0,0.0,0.0,1.0]},"headPose":{"x":0.262374848,"y":-0.000566419738,"z":-0.1329281}},{"recID":51,"timestamp":0,"world2head":{"data":[0.360642135,0.04262629,-0.9317298,-0.218034953,0.658908844,0.695379853,0.286855459,-0.134155214,0.6601337,-0.717377067,0.222696424,-0.143958315,0.0,0.0,0.0,1.0]},"headPose":{"x":0.262060344,"y":-0.000689539,"z":-0.13260749}},{"recID":52,"timestamp":0,"world2head":{"data":[0.364360571,0.0410607755,-0.93035233,-0.21856755,0.657189965,0.6964832,0.2881191,-0.1334391,0.6598052,-0.7163974,0.226786315,-0.143264547,0.0,0.0,0.0,1.0]},"headPose":{"x":0.261858881,"y":-0.0007216967,"z":-0.132408038}},{"recID":53,"timestamp":0,"world2head":{"data":[0.3680508,0.04041198,-0.9289271,-0.2190687,0.654991746,0.6978249,0.289872855,-0.132985547,0.6599428,-0.715127468,0.230365455,-0.142725959,0.0,0.0,0.0,1.0]},"headPose":{"x":0.2619238,"y":-0.000413613918,"z":-0.13207081}},{"recID":54,"timestamp":0,"world2head":{"data":[0.3718503,0.03996876,-0.9274318,-0.219638556,0.6521815,0.699716032,0.2916448,-0.132256135,0.660595655,-0.713302135,0.234122753,-0.142262354,0.0,0.0,0.0,1.0]},"headPose":{"x":0.261905581,"y":-0.000155612157,"z":-0.131821126}},{"recID":55,"timestamp":0,"world2head":{"data":[0.3759122,0.0390526354,-0.925832152,-0.219938546,0.6462498,0.7049965,0.29213202,-0.130991191,0.664117,-0.7081348,0.239779,-0.142701522,0.0,0.0,0.0,1.0]},"headPose":{"x":0.262101084,"y":-0.00011435229,"z":-0.131142586}},{"recID":56,"timestamp":0,"world2head":{"data":[0.377902567,0.03933862,-0.925009251,-0.219868228,0.64342916,0.7072363,0.292943239,-0.130061239,0.665724158,-0.7058819,0.2419548,-0.142837256,0.0,0.0,0.0,1.0]},"headPose":{"x":0.261864156,"y":-0.0001928925,"z":-0.130719423}},{"recID":57,"timestamp":0,"world2head":{"data":[0.380518019,0.0388989747,-0.923955142,-0.220134735,0.641014,0.7090534,0.293844283,-0.129418761,0.6665638,-0.7040812,0.244872749,-0.142579943,0.0,0.0,0.0,1.0]},"headPose":{"x":0.261763066,"y":-5.998485E-05,"z":-0.130451679}},{"recID":58,"timestamp":0,"world2head":{"data":[0.382739425,0.0396061838,-0.923006952,-0.2203558,0.6381476,0.7111014,0.2951313,-0.128494054,0.6680406,-0.7019731,0.246891975,-0.142806366,0.0,0.0,0.0,1.0]},"headPose":{"x":0.261737466,"y":-0.000146459715,"z":-0.13020958}},{"recID":59,"timestamp":0,"world2head":{"data":[0.3846113,0.0401829779,-0.9222036,-0.220456481,0.636083364,0.712452531,0.296326458,-0.127817139,0.6689336,-0.700568855,0.248457551,-0.142899513,0.0,0.0,0.0,1.0]},"headPose":{"x":0.2616827,"y":-0.000188714039,"z":-0.1299257}},{"recID":60,"timestamp":0,"world2head":{"data":[0.38771373,0.0415042639,-0.9208451,-0.220847324,0.631961167,0.715283,0.298321,-0.127377048,0.671046436,-0.697601438,0.2510959,-0.142871737,0.0,0.0,0.0,1.0]},"headPose":{"x":0.261996418,"y":0.0006092567,"z":-0.129492387}},{"recID":61,"timestamp":0,"world2head":{"data":[0.388130665,0.042426616,-0.9206274,-0.220870376,0.628927946,0.7179851,0.298240125,-0.126564771,0.6736501,-0.6947644,0.2519887,-0.143513292,0.0,0.0,0.0,1.0]},"headPose":{"x":0.262004375,"y":0.000534522464,"z":-0.129428864}},{"recID":62,"timestamp":0,"world2head":{"data":[0.388376474,0.0433083177,-0.920482635,-0.220760763,0.627724648,0.7188564,0.298676,-0.126483113,0.674630046,-0.6938083,0.252001166,-0.143449768,0.0,0.0,0.0,1.0]},"headPose":{"x":0.261910319,"y":0.000957373937,"z":-0.129279464}},{"recID":63,"timestamp":0,"world2head":{"data":[0.3886928,0.04448366,-0.9202931,-0.22081393,0.6258971,0.7202445,0.29916662,-0.12604478,0.6761441,-0.692292631,0.252111673,-0.1438528,0.0,0.0,0.0,1.0]},"headPose":{"x":0.261985034,"y":0.00101749157,"z":-0.129238144}},{"recID":64,"timestamp":0,"world2head":{"data":[0.387859941,0.0453106761,-0.92060405,-0.22050336,0.623679638,0.722514153,0.29832378,-0.126070261,0.6786668,-0.689869761,0.25197494,-0.144459009,0.0,0.0,0.0,1.0]},"headPose":{"x":0.262191355,"y":0.00142084924,"z":-0.128986448}},{"recID":65,"timestamp":0,"world2head":{"data":[0.386716783,0.0473420024,-0.920982659,-0.220068559,0.618216038,0.7277383,0.296994984,-0.125163913,0.68429476,-0.6842191,0.252161026,-0.145876855,0.0,0.0,0.0,1.0]},"headPose":{"x":0.26230526,"y":0.00169336377,"z":-0.1287218}},{"recID":66,"timestamp":0,"world2head":{"data":[0.386435568,0.04855928,-0.921037257,-0.2199416,0.615665436,0.729977369,0.296798259,-0.124615043,0.6867487,-0.6817442,0.2521929,-0.146376655,0.0,0.0,0.0,1.0]},"headPose":{"x":0.262238383,"y":0.00185495534,"z":-0.128673717}},{"recID":67,"timestamp":0,"world2head":{"data":[0.386135638,0.0497766733,-0.921098,-0.219863161,0.61338824,0.7319341,0.29669404,-0.124293439,0.6889515,-0.6795548,0.252093375,-0.146932721,0.0,0.0,0.0,1.0]},"headPose":{"x":0.262366652,"y":0.002069823,"z":-0.128597632}},{"recID":68,"timestamp":0,"world2head":{"data":[0.385708749,0.0507294834,-0.9212249,-0.219718933,0.6109446,0.7341641,0.2962257,-0.123932734,0.6913577,-0.6770743,0.252180636,-0.147366449,0.0,0.0,0.0,1.0]},"headPose":{"x":0.262346476,"y":0.00235517486,"z":-0.128535524}},{"recID":69,"timestamp":0,"world2head":{"data":[0.385280073,0.05201292,-0.9213327,-0.219693035,0.6089495,0.7358345,0.2961895,-0.1234473,0.693354,-0.675160944,0.2518291,-0.147908986,0.0,0.0,0.0,1.0]},"headPose":{"x":0.2623698,"y":0.00240127929,"z":-0.128598809}},{"recID":70,"timestamp":0,"world2head":{"data":[0.384361446,0.05387777,-0.921609163,-0.219530225,0.6052908,0.7390648,0.295645475,-0.123290688,0.6970576,-0.671476245,0.25145632,-0.1485799,0.0,0.0,0.0,1.0]},"headPose":{"x":0.262574434,"y":0.003179726,"z":-0.128509372}},{"recID":71,"timestamp":0,"world2head":{"data":[0.383939683,0.054968,-0.9217207,-0.219527,0.6025003,0.741522431,0.295191258,-0.1228796,0.6997027,-0.668672562,0.251581669,-0.149286672,0.0,0.0,0.0,1.0]},"headPose":{"x":0.262776375,"y":0.00336106354,"z":-0.1285118}},{"recID":72,"timestamp":0,"world2head":{"data":[0.3835672,0.05596274,-0.9218159,-0.2195615,0.6004783,0.7432444,0.294980645,-0.122620136,0.7016424,-0.66667527,0.251479745,-0.149571866,0.0,0.0,0.0,1.0]},"headPose":{"x":0.262793273,"y":0.00370813836,"z":-0.128610387}},{"recID":73,"timestamp":0,"world2head":{"data":[0.383091927,0.0571865439,-0.9219384,-0.219675213,0.597936749,0.7454031,0.294696331,-0.122445732,0.7040684,-0.664156556,0.251363933,-0.150346279,0.0,0.0,0.0,1.0]},"headPose":{"x":0.263224632,"y":0.00398046244,"z":-0.128651053}},{"recID":74,"timestamp":0,"world2head":{"data":[0.3822176,0.058098644,-0.9222441,-0.219642222,0.595001459,0.74813056,0.29372412,-0.122023195,0.707024,-0.6610032,0.2513799,-0.150961965,0.0,0.0,0.0,1.0]},"headPose":{"x":0.263288856,"y":0.00426385272,"z":-0.1287738}},{"recID":75,"timestamp":0,"world2head":{"data":[0.379797757,0.0583144426,-0.923229754,-0.219395727,0.59223026,0.7513523,0.291089475,-0.121867,0.7106455,-0.657319665,0.250826359,-0.151969135,0.0,0.0,0.0,1.0]},"headPose":{"x":0.2634955,"y":0.00446669757,"z":-0.1289606}},{"recID":76,"timestamp":0,"world2head":{"data":[0.3784201,0.058172226,-0.9238043,-0.219245672,0.591189146,0.75275743,0.289571643,-0.122105166,0.7122456,-0.6557228,0.250467777,-0.152293459,0.0,0.0,0.0,1.0]},"headPose":{"x":0.263624519,"y":0.00480731949,"z":-0.129037276}},{"recID":77,"timestamp":0,"world2head":{"data":[0.376921952,0.05851865,-0.9243946,-0.2190234,0.5897395,0.7544098,0.2882241,-0.122139186,0.7142389,-0.65379,0.249842882,-0.152937442,0.0,0.0,0.0,1.0]},"headPose":{"x":0.2638189,"y":0.00497098826,"z":-0.129050285}},{"recID":78,"timestamp":0,"world2head":{"data":[0.376032174,0.0588488281,-0.924735963,-0.218871534,0.5883454,0.755833,0.287343323,-0.121908419,0.7158558,-0.652114451,0.249594092,-0.153369948,0.0,0.0,0.0,1.0]},"headPose":{"x":0.263817757,"y":0.0050079776,"z":-0.129088581}},{"recID":79,"timestamp":0,"world2head":{"data":[0.3759244,0.0592680275,-0.924753,-0.218935087,0.587674,0.7563443,0.287371963,-0.121742874,0.7164636,-0.6514834,0.24949801,-0.153423548,0.0,0.0,0.0,1.0]},"headPose":{"x":0.26377055,"y":0.00510248,"z":-0.12919654}},{"recID":80,"timestamp":0,"world2head":{"data":[0.374849439,0.0594624877,-0.92517674,-0.218892187,0.58683,0.7573527,0.2864393,-0.121990189,0.7177175,-0.6502931,0.24899888,-0.153659984,0.0,0.0,0.0,1.0]},"headPose":{"x":0.2639236,"y":0.00548142847,"z":-0.129310042}},{"recID":81,"timestamp":0,"world2head":{"data":[0.374404848,0.0599180758,-0.9253275,-0.218906045,0.5856662,0.758388758,0.286079824,-0.121824443,0.7188993,-0.649042666,0.248852432,-0.1541717,0.0,0.0,0.0,1.0]},"headPose":{"x":0.264141858,"y":0.00544272829,"z":-0.129342258}},{"recID":82,"timestamp":0,"world2head":{"data":[0.374069333,0.06023699,-0.925442457,-0.218879789,0.584730148,0.7592276,0.285769552,-0.12163838,0.7198353,-0.6480317,0.248781323,-0.1543164,0.0,0.0,0.0,1.0]},"headPose":{"x":0.26408422,"y":0.00553396437,"z":-0.129409045}},{"recID":83,"timestamp":0,"world2head":{"data":[0.3735019,0.06001669,-0.9256859,-0.21877563,0.5847867,0.7594021,0.285189331,-0.121701263,0.720083952,-0.6478476,0.248541176,-0.154430375,0.0,0.0,0.0,1.0]},"headPose":{"x":0.2640852,"y":0.005503055,"z":-0.1294273}},{"recID":84,"timestamp":0,"world2head":{"data":[0.3735004,0.0601217151,-0.9256798,-0.218811423,0.5852409,0.75896126,0.2854312,-0.121469542,0.7197157,-0.6483543,0.2482866,-0.154287755,0.0,0.0,0.0,1.0]},"headPose":{"x":0.263858378,"y":0.00531289866,"z":-0.129570484}},{"recID":85,"timestamp":0,"world2head":{"data":[0.374247551,0.06072688,-0.9253384,-0.2191835,0.586559057,0.7573752,0.286934316,-0.1221602,0.7182529,-0.650150061,0.247825921,-0.153631568,0.0,0.0,0.0,1.0]},"headPose":{"x":0.264029384,"y":0.00594786135,"z":-0.129693061}},{"recID":86,"timestamp":0,"world2head":{"data":[0.3742854,0.0604508519,-0.9253411,-0.219375879,0.586936235,0.757108569,0.286866665,-0.122309491,0.7179251,-0.6504862,0.247893929,-0.15343003,0.0,0.0,0.0,1.0]},"headPose":{"x":0.2640483,"y":0.006058898,"z":-0.129876643}},{"recID":87,"timestamp":0,"world2head":{"data":[0.3741325,0.0600931346,-0.9254262,-0.219675675,0.5878109,0.756469131,0.286762685,-0.122882523,0.7172888,-0.65126276,0.24769628,-0.153534859,0.0,0.0,0.0,1.0]},"headPose":{"x":0.264548331,"y":0.0061662714,"z":-0.130025491}},{"recID":88,"timestamp":0,"world2head":{"data":[0.373193741,0.0600660145,-0.925807,-0.219822526,0.5867646,0.757688642,0.285684,-0.123259336,0.7186334,-0.649846137,0.24752003,-0.154206976,0.0,0.0,0.0,1.0]},"headPose":{"x":0.265178829,"y":0.006385267,"z":-0.130130678}},{"recID":89,"timestamp":0,"world2head":{"data":[0.371958435,0.05953458,-0.9263383,-0.219751909,0.584841132,0.7599274,0.283674538,-0.123244956,0.7208383,-0.6472758,0.247843146,-0.154824421,0.0,0.0,0.0,1.0]},"headPose":{"x":0.265420645,"y":0.00652596075,"z":-0.130230978}},{"recID":90,"timestamp":0,"world2head":{"data":[0.369549453,0.05692604,-0.9274658,-0.21972543,0.582789063,0.7632065,0.279056966,-0.122406445,0.723733544,-0.643642247,0.248866618,-0.1559547,0.0,0.0,0.0,1.0]},"headPose":{"x":0.265406162,"y":0.00555049162,"z":-0.1308175}},{"recID":91,"timestamp":0,"world2head":{"data":[0.36853236,0.0552361,-0.9279726,-0.21977286,0.584332347,0.7626109,0.277453363,-0.122604877,0.7230075,-0.6444949,0.248770535,-0.155631244,0.0,0.0,0.0,1.0]},"headPose":{"x":0.2651579,"y":0.005335717,"z":-0.131209552}},{"recID":92,"timestamp":0,"world2head":{"data":[0.367220819,0.05426556,-0.9285495,-0.219894037,0.5865764,0.7612454,0.276466221,-0.123519316,0.7218567,-0.646189332,0.247714281,-0.155409425,0.0,0.0,0.0,1.0]},"headPose":{"x":0.2653865,"y":0.0055373027,"z":-0.131536454}},{"recID":93,"timestamp":0,"world2head":{"data":[0.365437329,0.0546161234,-0.9292322,-0.219948947,0.5855082,0.762568057,0.275081933,-0.124240853,0.7236267,-0.6445983,0.246692657,-0.155940056,0.0,0.0,0.0,1.0]},"headPose":{"x":0.265964,"y":0.00623614,"z":-0.131737977}},{"recID":94,"timestamp":0,"world2head":{"data":[0.363234162,0.05487749,-0.930080354,-0.219782278,0.582933068,0.765349567,0.272816956,-0.123943575,0.726808131,-0.641271055,0.2460112,-0.15711543,0.0,0.0,0.0,1.0]},"headPose":{"x":0.266276,"y":0.006167691,"z":-0.131949112}},{"recID":95,"timestamp":0,"world2head":{"data":[0.3592388,0.0554679334,-0.931595862,-0.219504848,0.5834913,0.7657129,0.270595074,-0.1241613,0.7283444,-0.6407863,0.242708683,-0.157245919,0.0,0.0,0.0,1.0]},"headPose":{"x":0.265830845,"y":0.00648638234,"z":-0.132727414}},{"recID":96,"timestamp":0,"world2head":{"data":[0.356989622,0.05660498,-0.9323918,-0.2191384,0.582435966,0.7668815,0.269557327,-0.124540776,0.7302924,-0.6392876,0.240799963,-0.1579012,0.0,0.0,0.0,1.0]},"headPose":{"x":0.266081154,"y":0.00696810754,"z":-0.132729352}},{"recID":97,"timestamp":0,"world2head":{"data":[0.355406,0.0567909777,-0.9329852,-0.218799457,0.581174731,0.7683277,0.268157631,-0.124747366,0.732067347,-0.637532234,0.240062773,-0.158278257,0.0,0.0,0.0,1.0]},"headPose":{"x":0.266132981,"y":0.00736521231,"z":-0.132687986}},{"recID":98,"timestamp":0,"world2head":{"data":[0.355155826,0.0570696,-0.933063447,-0.218855068,0.5789281,0.770260453,0.2674718,-0.124287829,0.7339664,-0.6351708,0.240523279,-0.158435553,0.0,0.0,0.0,1.0]},"headPose":{"x":0.265967727,"y":0.007590341,"z":-0.132854745}},{"recID":99,"timestamp":0,"world2head":{"data":[0.355157852,0.05765477,-0.933026731,-0.219113916,0.5776564,0.7711909,0.267540157,-0.123477772,0.7349667,-0.6339878,0.240589857,-0.1587351,0.0,0.0,0.0,1.0]},"headPose":{"x":0.265812755,"y":0.00722180167,"z":-0.133213818}},{"recID":100,"timestamp":0,"world2head":{"data":[0.353538632,0.0572101176,-0.9336688,-0.219167814,0.5790386,0.7705246,0.266469538,-0.124650784,0.7346595,-0.634837568,0.239283323,-0.158855364,0.0,0.0,0.0,1.0]},"headPose":{"x":0.266366541,"y":0.007737749,"z":-0.133403063}},{"recID":101,"timestamp":0,"world2head":{"data":[0.35215205,0.05673173,-0.9342219,-0.218942046,0.578195333,0.7717281,0.264813185,-0.124514729,0.7359887,-0.6334172,0.2389636,-0.159338176,0.0,0.0,0.0,1.0]},"headPose":{"x":0.266365767,"y":0.00758498,"z":-0.1334913}},{"recID":102,"timestamp":0,"world2head":{"data":[0.351445615,0.0558894873,-0.934538662,-0.218721613,0.578978837,0.7714638,0.263869584,-0.124431759,0.7357103,-0.633813858,0.2387687,-0.1591558,0.0,0.0,0.0,1.0]},"headPose":{"x":0.266004622,"y":0.00734370947,"z":-0.1335686}},{"recID":103,"timestamp":0,"world2head":{"data":[0.350898325,0.0553791821,-0.934774637,-0.218672127,0.579599,0.771206141,0.263260424,-0.124691755,0.73548317,-0.634172142,0.238517225,-0.159111172,0.0,0.0,0.0,1.0]},"headPose":{"x":0.266026467,"y":0.007369088,"z":-0.133631989}},{"recID":104,"timestamp":0,"world2head":{"data":[0.350686431,0.05507222,-0.93487215,-0.218639031,0.579875231,0.7711058,0.26294592,-0.124795027,0.735366344,-0.634320736,0.238481343,-0.1591011,0.0,0.0,0.0,1.0]},"headPose":{"x":0.2660369,"y":0.007349948,"z":-0.133642569}},{"recID":105,"timestamp":0,"world2head":{"data":[0.349547267,0.0536780357,-0.935379863,-0.218322,0.5807651,0.7710042,0.261274546,-0.125284225,0.7352066,-0.6345638,0.23832804,-0.159011513,0.0,0.0,0.0,1.0]},"headPose":{"x":0.26598084,"y":0.00741085736,"z":-0.1335835}},{"recID":106,"timestamp":0,"world2head":{"data":[0.349804163,0.05426699,-0.935249865,-0.218324155,0.580045,0.7713988,0.261709452,-0.125080168,0.735652745,-0.634034,0.238361239,-0.159162581,0.0,0.0,0.0,1.0]},"headPose":{"x":0.2660112,"y":0.00742000062,"z":-0.133514777}},{"recID":107,"timestamp":0,"world2head":{"data":[0.3505692,0.05430326,-0.934961259,-0.218451127,0.5793668,0.771788239,0.262063116,-0.124829255,0.735823,-0.6335567,0.239103615,-0.158955246,0.0,0.0,0.0,1.0]},"headPose":{"x":0.265867054,"y":0.00749722729,"z":-0.1335234}},{"recID":108,"timestamp":0,"world2head":{"data":[0.351273179,0.0544244647,-0.9346899,-0.218677133,0.5790331,0.771871448,0.262555033,-0.124937445,0.735749841,-0.6334449,0.239624143,-0.1587578,0.0,0.0,0.0,1.0]},"headPose":{"x":0.265964359,"y":0.00777273765,"z":-0.133550152}},{"recID":109,"timestamp":0,"world2head":{"data":[0.351266921,0.0545650125,-0.934684038,-0.218697488,0.578022242,0.772702634,0.2623375,-0.124860585,0.736547351,-0.632418633,0.239885092,-0.1589841,0.0,0.0,0.0,1.0]},"headPose":{"x":0.266092658,"y":0.007868862,"z":-0.13351953}},{"recID":110,"timestamp":0,"world2head":{"data":[0.351030648,0.05524525,-0.934732854,-0.218697727,0.5768484,0.7735748,0.2623507,-0.124437064,0.7375795,-0.6312922,0.23968035,-0.15913859,0.0,0.0,0.0,1.0]},"headPose":{"x":0.265928268,"y":0.007880451,"z":-0.1336354}},{"recID":111,"timestamp":0,"world2head":{"data":[0.350953162,0.05564618,-0.934738159,-0.218702286,0.5760185,0.7741904,0.2623583,-0.124167085,0.738264561,-0.6305019,0.239651322,-0.159407049,0.0,0.0,0.0,1.0]},"headPose":{"x":0.265961379,"y":0.00779246725,"z":-0.133650988}},{"recID":112,"timestamp":0,"world2head":{"data":[0.35068655,0.05575624,-0.9348317,-0.218625665,0.5760417,0.774203658,0.2622684,-0.124101833,0.7383732,-0.630476,0.23938489,-0.1593979,0.0,0.0,0.0,1.0]},"headPose":{"x":0.265852034,"y":0.007773294,"z":-0.133672759}},{"recID":113,"timestamp":0,"world2head":{"data":[0.350352764,0.0556971431,-0.9349603,-0.2185905,0.576328456,0.774055243,0.262076318,-0.124398381,0.7383078,-0.6306634,0.239092588,-0.159377143,0.0,0.0,0.0,1.0]},"headPose":{"x":0.265947521,"y":0.007952756,"z":-0.133665681}},{"recID":114,"timestamp":0,"world2head":{"data":[0.349872768,0.0558393,-0.93513155,-0.218519062,0.5759802,0.7744275,0.261742055,-0.124334529,0.7388071,-0.6301937,0.238788724,-0.159640074,0.0,0.0,0.0,1.0]},"headPose":{"x":0.2660113,"y":0.007885869,"z":-0.133680239}},{"recID":115,"timestamp":0,"world2head":{"data":[0.34931016,0.0554222763,-0.93536675,-0.218300715,0.5767002,0.7740638,0.261231959,-0.124379411,0.7385117,-0.6306771,0.238426328,-0.159494475,0.0,0.0,0.0,1.0]},"headPose":{"x":0.26577276,"y":0.007786838,"z":-0.133671656}},{"recID":116,"timestamp":0,"world2head":{"data":[0.349424958,0.0551894,-0.935337543,-0.218339115,0.5769725,0.773868859,0.2612083,-0.124294214,0.738244534,-0.6309367,0.238566339,-0.159329847,0.0,0.0,0.0,1.0]},"headPose":{"x":0.265631855,"y":0.007710371,"z":-0.133743361}},{"recID":117,"timestamp":0,"world2head":{"data":[0.349315464,0.0547864735,-0.935402155,-0.218358949,0.5773705,0.7736671,0.260926276,-0.124318942,0.737985134,-0.631219268,0.238621771,-0.159292385,0.0,0.0,0.0,1.0]},"headPose":{"x":0.265609652,"y":0.00759619428,"z":-0.133804709}},{"recID":118,"timestamp":0,"world2head":{"data":[0.3490042,0.0543409,-0.9355443,-0.218258023,0.5786459,0.772773266,0.260749876,-0.12465106,0.737132967,-0.632351637,0.238256931,-0.159044087,0.0,0.0,0.0,1.0]},"headPose":{"x":0.265538424,"y":0.00761555461,"z":-0.13379395}},{"recID":119,"timestamp":0,"world2head":{"data":[0.348885179,0.0541443527,-0.9356002,-0.218291253,0.5795574,0.7720736,0.2607979,-0.125084579,0.736473,-0.6332226,0.237985253,-0.158835441,0.0,0.0,0.0,1.0]},"headPose":{"x":0.265630245,"y":0.007815613,"z":-0.133811027}},{"recID":120,"timestamp":0,"world2head":{"data":[0.3476802,0.0535799861,-0.936081,-0.218121141,0.5794621,0.7726001,0.259447,-0.1251652,0.737117469,-0.6326281,0.237570167,-0.159229442,0.0,0.0,0.0,1.0]},"headPose":{"x":0.2657357,"y":0.007656574,"z":-0.133877143}},{"recID":121,"timestamp":0,"world2head":{"data":[0.3467803,0.0528689623,-0.9364552,-0.217873573,0.58002156,0.772530138,0.258403152,-0.1255178,0.7371014,-0.6327733,0.2372331,-0.159237653,0.0,0.0,0.0,1.0]},"headPose":{"x":0.265731573,"y":0.00772371469,"z":-0.133818209}},{"recID":122,"timestamp":0,"world2head":{"data":[0.34603554,0.0525221825,-0.9367502,-0.217670336,0.5803581,0.772513,0.257698,-0.1256111,0.737186551,-0.632823169,0.236835241,-0.15927738,0.0,0.0,0.0,1.0]},"headPose":{"x":0.2656382,"y":0.00767431268,"z":-0.13381049}},{"recID":123,"timestamp":0,"world2head":{"data":[0.345866263,0.053003937,-0.9367855,-0.217510745,0.5810063,0.771863341,0.258183241,-0.125715286,0.7367552,-0.6335752,0.236165881,-0.15918833,0.0,0.0,0.0,1.0]},"headPose":{"x":0.265553832,"y":0.0077062,"z":-0.133708492}},{"recID":124,"timestamp":0,"world2head":{"data":[0.346099555,0.053012073,-0.936699,-0.217534348,0.581166,0.771668434,0.258406579,-0.12572819,0.736519754,-0.633812,0.236265242,-0.158964857,0.0,0.0,0.0,1.0]},"headPose":{"x":0.2654382,"y":0.0077986354,"z":-0.133717328}},{"recID":125,"timestamp":0,"world2head":{"data":[0.345443964,0.0525010824,-0.9369697,-0.217543572,0.581802845,0.7714164,0.257725,-0.126135439,0.7363247,-0.6341611,0.235935867,-0.1590626,0.0,0.0,0.0,1.0]},"headPose":{"x":0.265656739,"y":0.007852924,"z":-0.1337949}},{"recID":126,"timestamp":0,"world2head":{"data":[0.344977975,0.0525012,-0.9371413,-0.217510283,0.5815126,0.771776438,0.257301867,-0.126157656,0.7367722,-0.6337229,0.235715747,-0.159181461,0.0,0.0,0.0,1.0]},"headPose":{"x":0.265679,"y":0.007908102,"z":-0.133855686}},{"recID":127,"timestamp":0,"world2head":{"data":[0.344457746,0.0523049235,-0.9373436,-0.217448652,0.581329465,0.7721103,0.256713331,-0.126139954,0.737159967,-0.6333324,0.235552967,-0.159370244,0.0,0.0,0.0,1.0]},"headPose":{"x":0.265712142,"y":0.007833244,"z":-0.133902162}},{"recID":128,"timestamp":0,"world2head":{"data":[0.3440737,0.0517481863,-0.9375157,-0.217391342,0.581814647,0.7719359,0.256138146,-0.126239434,0.736956656,-0.6335907,0.235494971,-0.159326762,0.0,0.0,0.0,1.0]},"headPose":{"x":0.2656635,"y":0.00775043573,"z":-0.133952379}},{"recID":129,"timestamp":0,"world2head":{"data":[0.343825459,0.0512554646,-0.9376337,-0.2174196,0.5823431,0.7716741,0.255725563,-0.126496837,0.736654937,-0.633949459,0.235472918,-0.159226835,0.0,0.0,0.0,1.0]},"headPose":{"x":0.2657142,"y":0.007816507,"z":-0.134017855}},{"recID":130,"timestamp":0,"world2head":{"data":[0.343534052,0.05080548,-0.937765,-0.217605859,0.5823215,0.771883547,0.255141973,-0.126505226,0.736808062,-0.6337307,0.235583186,-0.1593444,0.0,0.0,0.0,1.0]},"headPose":{"x":0.265827954,"y":0.00772145065,"z":-0.134247512}},{"recID":131,"timestamp":0,"world2head":{"data":[0.343351483,0.05075571,-0.937834561,-0.217695981,0.5825839,0.7717141,0.255055636,-0.126654923,0.7366857,-0.633941054,0.235399723,-0.159385055,0.0,0.0,0.0,1.0]},"headPose":{"x":0.265950024,"y":0.007749994,"z":-0.134339571}},{"recID":132,"timestamp":0,"world2head":{"data":[0.343458235,0.05078858,-0.937793732,-0.217880249,0.5828034,0.77149117,0.25522846,-0.126555815,0.736462355,-0.634209633,0.235375226,-0.159357548,0.0,0.0,0.0,1.0]},"headPose":{"x":0.2659507,"y":0.00763644744,"z":-0.134517252}},{"recID":133,"timestamp":0,"world2head":{"data":[0.342838645,0.0501547456,-0.9380545,-0.217903569,0.583250046,0.7714237,0.254410863,-0.126723439,0.736397445,-0.6343422,0.235221088,-0.159423217,0.0,0.0,0.0,1.0]},"headPose":{"x":0.266016036,"y":0.00755750062,"z":-0.1346659}},{"recID":134,"timestamp":0,"world2head":{"data":[0.342065334,0.0499784946,-0.9383462,-0.217912436,0.584352255,0.7707017,0.254069567,-0.126969665,0.735883057,-0.635233045,0.2344253,-0.159417838,0.0,0.0,0.0,1.0]},"headPose":{"x":0.266048163,"y":0.00747921364,"z":-0.134846583}},{"recID":135,"timestamp":0,"world2head":{"data":[0.3410566,0.0496937335,-0.938728452,-0.21792914,0.5853561,0.7701471,0.2534398,-0.12734136,0.7355534,-0.6359277,0.233575225,-0.159531057,0.0,0.0,0.0,1.0]},"headPose":{"x":0.266209781,"y":0.007451113,"z":-0.1350404}},{"recID":136,"timestamp":0,"world2head":{"data":[0.340780616,0.04971212,-0.938827634,-0.218066767,0.585487247,0.770093143,0.253300726,-0.127195045,0.735576868,-0.6359916,0.233326972,-0.159719661,0.0,0.0,0.0,1.0]},"headPose":{"x":0.266270071,"y":0.00721224,"z":-0.1352416}},{"recID":137,"timestamp":0,"world2head":{"data":[0.340218961,0.04964274,-0.939035058,-0.21816346,0.585927367,0.7698622,0.252985,-0.127140567,0.7354865,-0.636276543,0.232834637,-0.159830675,0.0,0.0,0.0,1.0]},"headPose":{"x":0.26627174,"y":0.00701447576,"z":-0.135484353}},{"recID":138,"timestamp":0,"world2head":{"data":[0.339221776,0.0492789149,-0.939414859,-0.218167633,0.587104261,0.7691732,0.2523514,-0.127615288,0.735008359,-0.637137532,0.23198843,-0.159877181,0.0,0.0,0.0,1.0]},"headPose":{"x":0.266441733,"y":0.0070455987,"z":-0.135656372}},{"recID":139,"timestamp":0,"world2head":{"data":[0.338353872,0.04913345,-0.939735353,-0.218178,0.587656856,0.7689349,0.251790524,-0.1277022,0.7349667,-0.6374363,0.2312985,-0.159951031,0.0,0.0,0.0,1.0]},"headPose":{"x":0.266425133,"y":0.006955952,"z":-0.13587895}},{"recID":140,"timestamp":0,"world2head":{"data":[0.3366056,0.04827732,-0.940407336,-0.2182406,0.5886917,0.7686707,0.25017488,-0.128323257,0.7349413,-0.637820244,0.230318427,-0.160014585,0.0,0.0,0.0,1.0]},"headPose":{"x":0.266605169,"y":0.007113848,"z":-0.1362775}},{"recID":141,"timestamp":0,"world2head":{"data":[0.335572064,0.04785022,-0.9407986,-0.218176126,0.5887716,0.768952668,0.249118164,-0.128342032,0.735349953,-0.637512565,0.229866147,-0.160171673,0.0,0.0,0.0,1.0]},"headPose":{"x":0.266560167,"y":0.00701732934,"z":-0.1364694}},{"recID":142,"timestamp":0,"world2head":{"data":[0.334701478,0.04725936,-0.941138446,-0.218167812,0.5897529,0.768457055,0.2483248,-0.128670856,0.734960139,-0.6381538,0.229332387,-0.160092145,0.0,0.0,0.0,1.0]},"headPose":{"x":0.266566455,"y":0.007025098,"z":-0.136659622}},{"recID":143,"timestamp":0,"world2head":{"data":[0.333873868,0.0464599133,-0.9414722,-0.218153343,0.590008,0.768635154,0.247165084,-0.129106969,0.73513186,-0.637998044,0.2292155,-0.160044134,0.0,0.0,0.0,1.0]},"headPose":{"x":0.266663373,"y":0.007263708,"z":-0.136789963}},{"recID":144,"timestamp":0,"world2head":{"data":[0.333296537,0.04598978,-0.941699743,-0.218194053,0.5896503,0.769199669,0.2462609,-0.129077584,0.7356807,-0.637351453,0.229253709,-0.16009593,0.0,0.0,0.0,1.0]},"headPose":{"x":0.266613424,"y":0.00728378538,"z":-0.136983946}},{"recID":145,"timestamp":0,"world2head":{"data":[0.332003057,0.04492134,-0.942208052,-0.218191892,0.5896207,0.769795239,0.244464144,-0.129351482,0.7362889,-0.6367082,0.22908783,-0.160187647,0.0,0.0,0.0,1.0]},"headPose":{"x":0.2666531,"y":0.007382822,"z":-0.137263328}},{"recID":146,"timestamp":0,"world2head":{"data":[0.3314668,0.04430747,-0.942426,-0.218197316,0.5896136,0.770080447,0.243581653,-0.12959972,0.7365363,-0.636406362,0.229131818,-0.16023688,0.0,0.0,0.0,1.0]},"headPose":{"x":0.266759157,"y":0.00749423634,"z":-0.137351319}},{"recID":147,"timestamp":0,"world2head":{"data":[0.3309692,0.0438516438,-0.9426222,-0.2181885,0.589305639,0.770574749,0.242762253,-0.129591,0.7370064,-0.635839343,0.229194462,-0.160393462,0.0,0.0,0.0,1.0]},"headPose":{"x":0.26679334,"y":0.007443036,"z":-0.137448192}},{"recID":148,"timestamp":0,"world2head":{"data":[0.33072257,0.04356876,-0.9427218,-0.21819213,0.589389443,0.770629942,0.242383108,-0.129524156,0.73705,-0.635791838,0.22918576,-0.16040118,0.0,0.0,0.0,1.0]},"headPose":{"x":0.2667249,"y":0.007339815,"z":-0.137538344}},{"recID":149,"timestamp":0,"world2head":{"data":[0.330683351,0.0434577763,-0.9427408,-0.218271673,0.