[{"recID":0,"timestamp":0,"world2head":{"data":[0.9114561,0.006974131,-0.41133818,0.08846255,0.304562837,0.6607267,0.6860625,-0.381546527,0.276566833,-0.7505942,0.6000993,0.2160397,0.0,0.0,0.0,1.0]},"headPose":{"x":-0.0241742376,"y":0.413639128,"z":0.168507487}},{"recID":1,"timestamp":0,"world2head":{"data":[0.912258267,0.0157824159,-0.4093113,0.08869278,0.28591603,0.691021,0.663884044,-0.39379102,0.293320417,-0.7226623,0.6258772,0.20821929,0.0,0.0,0.0,1.0]},"headPose":{"x":-0.029394526,"y":0.421190321,"z":0.167414814}},{"recID":2,"timestamp":0,"world2head":{"data":[0.912258267,0.0157824159,-0.4093113,0.08869278,0.28591603,0.691021,0.663884044,-0.39379102,0.293320417,-0.7226623,0.6258772,0.20821929,0.0,0.0,0.0,1.0]},"headPose":{"x":-0.029394526,"y":0.421190321,"z":0.167414814}},{"recID":3,"timestamp":0,"world2head":{"data":[0.912258267,0.0157824159,-0.4093113,0.08869278,0.28591603,0.691021,0.663884044,-0.39379102,0.293320417,-0.7226623,0.6258772,0.20821929,0.0,0.0,0.0,1.0]},"headPose":{"x":-0.029394526,"y":0.421190321,"z":0.167414814}},{"recID":4,"timestamp":0,"world2head":{"data":[0.912258267,0.0157824159,-0.4093113,0.08869278,0.28591603,0.691021,0.663884044,-0.39379102,0.293320417,-0.7226623,0.6258772,0.20821929,0.0,0.0,0.0,1.0]},"headPose":{"x":-0.029394526,"y":0.421190321,"z":0.167414814}},{"recID":5,"timestamp":0,"world2head":{"data":[0.912258267,0.0157824159,-0.4093113,0.08869278,0.28591603,0.691021,0.663884044,-0.39379102,0.293320417,-0.7226623,0.6258772,0.20821929,0.0,0.0,0.0,1.0]},"headPose":{"x":-0.029394526,"y":0.421190321,"z":0.167414814}},{"recID":6,"timestamp":0,"world2head":{"data":[0.912258267,0.0157824159,-0.4093113,0.08869278,0.28591603,0.691021,0.663884044,-0.39379102,0.293320417,-0.7226623,0.6258772,0.20821929,0.0,0.0,0.0,1.0]},"headPose":{"x":-0.029394526,"y":0.421190321,"z":0.167414814}},{"recID":7,"timestamp":0,"world2head":{"data":[0.912258267,0.0157824159,-0.4093113,0.08869278,0.28591603,0.691021,0.663884044,-0.39379102,0.293320417,-0.7226623,0.6258772,0.20821929,0.0,0.0,0.0,1.0]},"headPose":{"x":-0.029394526,"y":0.421190321,"z":0.167414814}},{"recID":8,"timestamp":0,"world2head":{"data":[0.912258267,0.0157824159,-0.4093113,0.08869278,0.28591603,0.691021,0.663884044,-0.39379102,0.293320417,-0.7226623,0.6258772,0.20821929,0.0,0.0,0.0,1.0]},"headPose":{"x":-0.029394526,"y":0.421190321,"z":0.167414814}},{"recID":9,"timestamp":0,"world2head":{"data":[0.912258267,0.0157824159,-0.4093113,0.08869278,0.28591603,0.691021,0.663884044,-0.39379102,0.293320417,-0.7226623,0.6258772,0.20821929,0.0,0.0,0.0,1.0]},"headPose":{"x":-0.029394526,"y":0.421190321,"z":0.167414814}},{"recID":10,"timestamp":0,"world2head":{"data":[0.912258267,0.0157824159,-0.4093113,0.08869278,0.28591603,0.691021,0.663884044,-0.39379102,0.293320417,-0.7226623,0.6258772,0.20821929,0.0,0.0,0.0,1.0]},"headPose":{"x":-0.029394526,"y":0.421190321,"z":0.167414814}},{"recID":11,"timestamp":0,"world2head":{"data":[0.912258267,0.0157824159,-0.4093113,0.08869278,0.28591603,0.691021,0.663884044,-0.39379102,0.293320417,-0.7226623,0.6258772,0.20821929,0.0,0.0,0.0,1.0]},"headPose":{"x":-0.029394526,"y":0.421190321,"z":0.167414814}},{"recID":12,"timestamp":0,"world2head":{"data":[0.912258267,0.0157824159,-0.4093113,0.08869278,0.28591603,0.691021,0.663884044,-0.39379102,0.293320417,-0.7226623,0.6258772,0.20821929,0.0,0.0,0.0,1.0]},"headPose":{"x":-0.029394526,"y":0.421190321,"z":0.167414814}},{"recID":13,"timestamp":0,"world2head":{"data":[0.912258267,0.0157824159,-0.4093113,0.08869278,0.28591603,0.691021,0.663884044,-0.39379102,0.293320417,-0.7226623,0.6258772,0.20821929,0.0,0.0,0.0,1.0]},"headPose":{"x":-0.029394526,"y":0.421190321,"z":0.167414814}},{"recID":14,"timestamp":0,"world2head":{"data":[0.9123573,0.0156093538,-0.4090973,0.08882098,0.285859525,0.6910452,0.6638832,-0.3939263,0.2930675,-0.722643,0.626018047,0.208157882,0.0,0.0,0.0,1.0]},"headPose":{"x":-0.0294331685,"y":0.421258241,"z":0.167546883}},{"recID":15,"timestamp":0,"world2head":{"data":[0.912838936,0.0150136054,-0.408043832,0.08909793,0.28474775,0.692825556,0.662504,-0.39522,0.292649776,-0.720949,0.628163,0.206734657,0.0,0.0,0.0,1.0]},"headPose":{"x":-0.0292948838,"y":0.421525925,"z":0.16832763}},{"recID":16,"timestamp":0,"world2head":{"data":[0.9127971,0.0151545554,-0.408132017,0.08901877,0.284768045,0.6927138,0.662612,-0.395147115,0.292760253,-0.7210533,0.6279917,0.206678063,0.0,0.0,0.0,1.0]},"headPose":{"x":-0.0292379558,"y":0.421400756,"z":0.168368548}},{"recID":17,"timestamp":0,"world2head":{"data":[0.9124594,0.0156357288,-0.408868432,0.088914156,0.2845087,0.6939148,0.6614659,-0.396582335,0.294062376,-0.7198874,0.6287206,0.20627974,0.0,0.0,0.0,1.0]},"headPose":{"x":-0.02895853,"y":0.422302246,"z":0.168987542}},{"recID":18,"timestamp":0,"world2head":{"data":[0.912363648,0.0156988353,-0.409079552,0.0888765752,0.283782363,0.6959628,0.6596237,-0.397389472,0.2950595,-0.7179063,0.6305161,0.2053512,0.0,0.0,0.0,1.0]},"headPose":{"x":-0.0289064366,"y":0.422595918,"z":0.169007868}},{"recID":19,"timestamp":0,"world2head":{"data":[0.9116625,0.01611133,-0.410623819,0.08882135,0.2828496,0.7002672,0.6554556,-0.40003863,0.2981067,-0.7136991,0.6338503,0.2036627,0.0,0.0,0.0,1.0]},"headPose":{"x":-0.0285375025,"y":0.4240567,"z":0.169588059}},{"recID":20,"timestamp":0,"world2head":{"data":[0.911319137,0.0159373134,-0.411392152,0.0891343355,0.281683624,0.704615355,0.6512846,-0.401929229,0.300252974,-0.709410548,0.6376401,0.2016171,0.0,0.0,0.0,1.0]},"headPose":{"x":-0.0285490584,"y":0.4248142,"z":0.169880316}},{"recID":21,"timestamp":0,"world2head":{"data":[0.9113462,0.0156347752,-0.4113438,0.08953853,0.278911233,0.7114837,0.644980252,-0.404496461,0.302748561,-0.702528656,0.64404726,0.198356092,0.0,0.0,0.0,1.0]},"headPose":{"x":-0.0288339965,"y":0.42574355,"z":0.169972628}},{"recID":22,"timestamp":0,"world2head":{"data":[0.9114469,0.0153743774,-0.411130369,0.08979671,0.278080821,0.713449061,0.6431653,-0.405406922,0.303208828,-0.700538456,0.6459956,0.197563544,0.0,0.0,0.0,1.0]},"headPose":{"x":-0.02901204,"y":0.426257432,"z":0.170036614}},{"recID":23,"timestamp":0,"world2head":{"data":[0.9119917,0.0151443183,-0.409929037,0.09021854,0.275581717,0.717600465,0.639612734,-0.407202661,0.303851783,-0.696290433,0.650272131,0.19552879,0.0,0.0,0.0,1.0]},"headPose":{"x":-0.0294727124,"y":0.4269873,"z":0.17028825}},{"recID":24,"timestamp":0,"world2head":{"data":[0.912560463,0.0152681768,-0.4086567,0.090188764,0.2740976,0.7187717,0.638934851,-0.407721072,0.303486258,-0.6950785,0.6517377,0.1948798,0.0,0.0,0.0,1.0]},"headPose":{"x":-0.0296906568,"y":0.42713812,"z":0.170352936}},{"recID":25,"timestamp":0,"world2head":{"data":[0.9136494,0.01604931,-0.406186223,0.09009947,0.270888269,0.720987,0.637806654,-0.4090339,0.303091347,-0.692762733,0.654381752,0.193926588,0.0,0.0,0.0,1.0]},"headPose":{"x":-0.0302943,"y":0.427807182,"z":0.170579672}},{"recID":26,"timestamp":0,"world2head":{"data":[0.9144243,0.0165831,-0.4044171,0.089904435,0.268989861,0.7216996,0.6378042,-0.409763247,0.302444458,-0.6920077,0.655479,0.193814322,0.0,0.0,0.0,1.0]},"headPose":{"x":-0.030606702,"y":0.428356081,"z":0.170666367}},{"recID":27,"timestamp":0,"world2head":{"data":[0.9156383,0.01742319,-0.401625276,0.08978045,0.264995366,0.7251123,0.6356018,-0.411481678,0.302297652,-0.6884102,0.6593236,0.1923157,0.0,0.0,0.0,1.0]},"headPose":{"x":-0.03130225,"y":0.429198235,"z":0.1707983}},{"recID":28,"timestamp":0,"world2head":{"data":[0.916259,0.01830332,-0.400168,0.08949524,0.262711346,0.7266756,0.634763956,-0.412302941,0.3024106,-0.6867368,0.661014557,0.191418111,0.0,0.0,0.0,1.0]},"headPose":{"x":-0.0315710343,"y":0.4294263,"z":0.170998}},{"recID":29,"timestamp":0,"world2head":{"data":[0.91762507,0.0196717456,-0.39696008,0.08921264,0.258043379,0.7301535,0.63268435,-0.414383054,0.302287817,-0.682999969,0.66493094,0.190291032,0.0,0.0,0.0,1.0]},"headPose":{"x":-0.0324576125,"y":0.430777,"z":0.171057135}},{"recID":30,"timestamp":0,"world2head":{"data":[0.91850245,0.0207070634,-0.394872725,0.08885615,0.254636347,0.7330243,0.630742133,-0.4158413,0.3025121,-0.6798871,0.668011844,0.18886441,0.0,0.0,0.0,1.0]},"headPose":{"x":-0.032860063,"y":0.431388348,"z":0.171211854}},{"recID":31,"timestamp":0,"world2head":{"data":[0.9202133,0.021590434,-0.390821368,0.08843562,0.248756737,0.738643646,0.6265187,-0.418742865,0.30220452,-0.6737503,0.674338937,0.185944,0.0,0.0,0.0,1.0]},"headPose":{"x":-0.03340765,"y":0.4326722,"z":0.171523467}},{"recID":32,"timestamp":0,"world2head":{"data":[0.9207987,0.0217595324,-0.389430732,0.08860594,0.246658981,0.7409519,0.6246196,-0.419775784,0.302140862,-0.6712055,0.6769004,0.184856117,0.0,0.0,0.0,1.0]},"headPose":{"x":-0.03389934,"y":0.433182061,"z":0.171576887}},{"recID":33,"timestamp":0,"world2head":{"data":[0.9222901,0.0233611465,-0.385791719,0.08829099,0.241207,0.7451394,0.621760845,-0.422154576,0.301993668,-0.6664995,0.681599855,0.183064118,0.0,0.0,0.0,1.0]},"headPose":{"x":-0.0348874629,"y":0.434513539,"z":0.1717646}},{"recID":34,"timestamp":0,"world2head":{"data":[0.923403263,0.02437801,-0.383056343,0.0879507,0.237306654,0.748129368,0.619667768,-0.424157679,0.301682,-0.663105,0.68504,0.1816813,0.0,0.0,0.0,1.0]},"headPose":{"x":-0.0353685,"y":0.4356545,"z":0.17206791}},{"recID":35,"timestamp":0,"world2head":{"data":[0.925780833,0.0265942812,-0.377124041,0.08701128,0.228191137,0.756017447,0.613487065,-0.428152025,0.301427633,-0.654010952,0.6938379,0.177247152,0.0,0.0,0.0,1.0]},"headPose":{"x":-0.0362800546,"y":0.437298,"z":0.172499016}},{"recID":36,"timestamp":0,"world2head":{"data":[0.926834345,0.027393572,-0.374469966,0.08687572,0.2242178,0.759600639,0.6105189,-0.430257738,0.301171929,-0.649812639,0.6978818,0.175372392,0.0,0.0,0.0,1.0]},"headPose":{"x":-0.0368651822,"y":0.4384034,"z":0.172823578}},{"recID":37,"timestamp":0,"world2head":{"data":[0.9303803,0.0286793262,-0.3654724,0.0866232,0.212233737,0.770740151,0.600763261,-0.4368276,0.298913747,-0.6365039,0.7109947,0.168894365,0.0,0.0,0.0,1.0]},"headPose":{"x":-0.038367793,"y":0.4416982,"z":0.174005389}},{"recID":38,"timestamp":0,"world2head":{"data":[0.9326042,0.0286899284,-0.3597587,0.086538136,0.205297053,0.777668238,0.5942098,-0.439785421,0.29682073,-0.6280199,0.71936667,0.164172322,0.0,0.0,0.0,1.0]},"headPose":{"x":-0.03914893,"y":0.442627847,"z":0.174357533}},{"recID":39,"timestamp":0,"world2head":{"data":[0.9368024,0.0295064673,-0.348612547,0.0860713348,0.192699283,0.788152337,0.584536552,-0.4461188,0.2920074,-0.614772558,0.7326571,0.157525346,0.0,0.0,0.0,1.0]},"headPose":{"x":-0.04066361,"y":0.445912123,"z":0.1753662}},{"recID":40,"timestamp":0,"world2head":{"data":[0.939188838,0.0295471624,-0.342127562,0.0860132352,0.184821635,0.796192765,0.576123238,-0.4501905,0.289422274,-0.6043211,0.742314458,0.15183498,0.0,0.0,0.0,1.0]},"headPose":{"x":-0.0415221639,"y":0.447654068,"z":0.176083416}},{"recID":41,"timestamp":0,"world2head":{"data":[0.94371444,0.0285884961,-0.329523563,0.0859613,0.171044022,0.810528159,0.560167849,-0.457928568,0.2831025,-0.5850015,0.7600173,0.14203839,0.0,0.0,0.0,1.0]},"headPose":{"x":-0.04300839,"y":0.451799154,"z":0.1768915}},{"recID":42,"timestamp":0,"world2head":{"data":[0.945543766,0.02788873,-0.324298054,0.08625391,0.163865536,0.82007,0.5483003,-0.463111162,0.281238526,-0.5715832,0.7708421,0.134807557,0.0,0.0,0.0,1.0]},"headPose":{"x":-0.0435819663,"y":0.4544318,"z":0.177980661}},{"recID":43,"timestamp":0,"world2head":{"data":[0.9475139,0.0283557549,-0.3184548,0.0857615,0.154306531,0.8318095,0.5331814,-0.467282623,0.2800125,-0.5543364,0.783775568,0.125370085,0.0,0.0,0.0,1.0]},"headPose":{"x":-0.0442606322,"y":0.455755532,"z":0.178195566}},{"recID":44,"timestamp":0,"world2head":{"data":[0.9508956,0.0288385525,-0.308165371,0.08542746,0.138228178,0.851272762,0.5061894,-0.477321148,0.276930571,-0.5239304,0.805485249,0.109606564,0.0,0.0,0.0,1.0]},"headPose":{"x":-0.0456067733,"y":0.4612931,"z":0.179654211}},{"recID":45,"timestamp":0,"world2head":{"data":[0.9524852,0.0298859514,-0.30311507,0.08464228,0.128854245,0.862197161,0.4899108,-0.4819121,0.275986433,-0.505690455,0.8173791,0.10001123,0.0,0.0,0.0,1.0]},"headPose":{"x":-0.0461258367,"y":0.4635484,"z":0.180003226}},{"recID":46,"timestamp":0,"world2head":{"data":[0.9550296,0.03156581,-0.294825435,0.0837189257,0.1134755,0.8797116,0.461769134,-0.4887905,0.273937464,-0.474458665,0.8365687,0.08349172,0.0,0.0,0.0,1.0]},"headPose":{"x":-0.04735981,"y":0.466965437,"z":0.180544287}},{"recID":47,"timestamp":0,"world2head":{"data":[0.9563632,0.032721974,-0.290342331,0.08334606,0.1029763,0.892198563,0.439747274,-0.4955509,0.273432434,-0.4504565,0.8498963,0.07179931,0.0,0.0,0.0,1.0]},"headPose":{"x":-0.0483113639,"y":0.471744984,"z":0.18109408}},{"recID":48,"timestamp":0,"world2head":{"data":[0.957154751,0.03317548,-0.2876703,0.08323371,0.09687905,0.8994857,0.426075041,-0.4978675,0.272890568,-0.435688972,0.857733,0.0637908354,0.0,0.0,0.0,1.0]},"headPose":{"x":-0.0488425121,"y":0.4728563,"z":0.181357265}},{"recID":49,"timestamp":0,"world2head":{"data":[0.958325744,0.03365791,-0.283688039,0.08287771,0.09090574,0.9054887,0.41451937,-0.499935567,0.270828158,-0.423033476,0.864693463,0.05778091,0.0,0.0,0.0,1.0]},"headPose":{"x":-0.0496255159,"y":0.474339753,"z":0.180781618}},{"recID":50,"timestamp":0,"world2head":{"data":[0.9582607,0.03428152,-0.2838331,0.08275691,0.0886948556,0.908153534,0.409133732,-0.502576649,0.27178973,-0.417231321,0.8672072,0.0554890223,0.0,0.0,0.0,1.0]},"headPose":{"x":-0.04980807,"y":0.476731479,"z":0.180989727}},{"recID":51,"timestamp":0,"world2head":{"data":[0.9581216,0.0373919681,-0.2839099,0.08156443,0.08105008,0.9154885,0.394096047,-0.5047942,0.274652272,-0.400602847,0.8741187,0.0472377539,0.0,0.0,0.0,1.0]},"headPose":{"x":-0.05020898,"y":0.478007019,"z":0.180802941}},{"recID":52,"timestamp":0,"world2head":{"data":[0.957828939,0.0385298021,-0.284744084,0.0813434944,0.08016801,0.9157841,0.3935893,-0.5049251,0.275929034,-0.399818569,0.874075651,0.0475370474,0.0,0.0,0.0,1.0]},"headPose":{"x":-0.0505511649,"y":0.478274435,"z":0.180344209}},{"recID":53,"timestamp":0,"world2head":{"data":[0.957260966,0.0418003723,-0.286189139,0.07990943,0.0771354958,0.9167649,0.3919084,-0.5062547,0.278750062,-0.397233963,0.874359,0.047417447,0.0,0.0,0.0,1.0]},"headPose":{"x":-0.0506615862,"y":0.479612052,"z":0.179814786}},{"recID":54,"timestamp":0,"world2head":{"data":[0.9566129,0.0428837165,-0.2881888,0.07963394,0.0767922,0.9170274,0.3913614,-0.507368,0.28106007,-0.396512,0.8739471,0.0477731228,0.0,0.0,0.0,1.0]},"headPose":{"x":-0.05064405,"y":0.480798,"z":0.179762691}},{"recID":55,"timestamp":0,"world2head":{"data":[0.955669343,0.0460890345,-0.290812463,0.0786292851,0.0735750645,0.918961346,0.3874232,-0.5078556,0.285101384,-0.391645044,0.8748322,0.046210926,0.0,0.0,0.0,1.0]},"headPose":{"x":-0.05095288,"y":0.481173962,"z":0.1791946}},{"recID":56,"timestamp":0,"world2head":{"data":[0.9555347,0.04679488,-0.291142017,0.07843188,0.07268393,0.9194887,0.3863386,-0.5081585,0.28578046,-0.390321255,0.8752022,0.0458936654,0.0,0.0,0.0,1.0]},"headPose":{"x":-0.0511249453,"y":0.481489033,"z":0.178989768}},{"recID":57,"timestamp":0,"world2head":{"data":[0.9552083,0.04686345,-0.2922002,0.07847519,0.07408845,0.91806823,0.389437556,-0.507246435,0.2865101,-0.393642664,0.87347436,0.04817848,0.0,0.0,0.0,1.0]},"headPose":{"x":-0.0511826724,"y":0.480974346,"z":0.178388625}},{"recID":58,"timestamp":0,"world2head":{"data":[0.954974651,0.0467609279,-0.292979121,0.07866002,0.07553742,0.9166378,0.392516553,-0.5069526,0.286910176,-0.396974266,0.8718337,0.0504199266,0.0,0.0,0.0,1.0]},"headPose":{"x":-0.0512904227,"y":0.481029123,"z":0.178075254}},{"recID":59,"timestamp":0,"world2head":{"data":[0.9546023,0.0472935028,-0.2941051,0.0784836859,0.07688296,0.9147483,0.396641552,-0.507167459,0.287790716,-0.4012466,0.8695848,0.05340843,0.0,0.0,0.0,1.0]},"headPose":{"x":-0.0512986146,"y":0.481648743,"z":0.17780298}},{"recID":60,"timestamp":0,"world2head":{"data":[0.95437175,0.0473981723,-0.2948355,0.07846101,0.07751012,0.914166033,0.39786008,-0.507091761,0.288386464,-0.402559131,0.8687804,0.0542172119,0.0,0.0,0.0,1.0]},"headPose":{"x":-0.0512117334,"y":0.4816728,"z":0.1777818}},{"recID":61,"timestamp":0,"world2head":{"data":[0.9534382,0.0468746051,-0.297923446,0.07906417,0.08019162,0.912883341,0.4002666,-0.506688535,0.290731668,-0.405520439,0.8666189,0.056579873,0.0,0.0,0.0,1.0]},"headPose":{"x":-0.051200185,"y":0.481785685,"z":0.177332371}},{"recID":62,"timestamp":0,"world2head":{"data":[0.953018665,0.0478375,-0.2991104,0.078806445,0.07972929,0.9130175,0.400052875,-0.506860852,0.292230546,-0.40510568,0.8663087,0.0566199645,0.0,0.0,0.0,1.0]},"headPose":{"x":-0.0512384474,"y":0.481939942,"z":0.177292556}},{"recID":63,"timestamp":0,"world2head":{"data":[0.9524036,0.049153287,-0.300851077,0.07822879,0.07889864,0.9135397,0.3990241,-0.50733,0.294452757,-0.403768748,0.86618036,0.0563522726,0.0,0.0,0.0,1.0]},"headPose":{"x":-0.05107081,"y":0.482374161,"z":0.177160874}},{"recID":64,"timestamp":0,"world2head":{"data":[0.95205307,0.04968065,-0.3018721,0.07810493,0.07852934,0.913980365,0.398086667,-0.5076664,0.2956824,-0.402705431,0.8662565,0.0560068339,0.0,0.0,0.0,1.0]},"headPose":{"x":-0.0510535575,"y":0.4826711,"z":0.177156627}},{"recID":65,"timestamp":0,"world2head":{"data":[0.951670051,0.0502805337,-0.302978545,0.0781253,0.07767875,0.915026069,0.395845026,-0.5076014,0.297136575,-0.400248855,0.8668972,0.05454154,0.0,0.0,0.0,1.0]},"headPose":{"x":-0.05112594,"y":0.482370526,"z":0.177319869}},{"recID":66,"timestamp":0,"world2head":{"data":[0.951700866,0.05007995,-0.302915,0.0782210454,0.07795454,0.9148622,0.3961694,-0.507506132,0.296965629,-0.400648326,0.8667712,0.05469159,0.0,0.0,0.0,1.0]},"headPose":{"x":-0.0511221476,"y":0.48229304,"z":0.177347645}},{"recID":67,"timestamp":0,"world2head":{"data":[0.9515207,0.0490621924,-0.303646624,0.07867846,0.07929565,0.9146997,0.3962785,-0.5080074,0.297187746,-0.401145041,0.8664653,0.0548302233,0.0,0.0,0.0,1.0]},"headPose":{"x":-0.05087627,"y":0.482808977,"z":0.17769438}},{"recID":68,"timestamp":0,"world2head":{"data":[0.9514353,0.0488438159,-0.3039491,0.0788164139,0.07922684,0.9152266,0.39507398,-0.507963,0.297479182,-0.3999683,0.866909146,0.0540005267,0.0,0.0,0.0,1.0]},"headPose":{"x":-0.0508084446,"y":0.48265,"z":0.1778256}},{"recID":69,"timestamp":0,"world2head":{"data":[0.951228,0.0473798737,-0.3048285,0.079558894,0.08045169,0.9158395,0.393402517,-0.5082704,0.297813326,-0.398739457,0.8673604,0.0530299656,0.0,0.0,0.0,1.0]},"headPose":{"x":-0.05058046,"y":0.482869744,"z":0.178210557}},{"recID":70,"timestamp":0,"world2head":{"data":[0.9508342,0.04648334,-0.306192,0.0801482648,0.0817190856,0.915976465,0.392822,-0.508322,0.298724383,-0.398530334,0.8671432,0.0528116226,0.0,0.0,0.0,1.0]},"headPose":{"x":-0.05044422,"y":0.482932448,"z":0.17842558}},{"recID":71,"timestamp":0,"world2head":{"data":[0.9502671,0.04661813,-0.30792737,0.08039068,0.0817201,0.9167637,0.390980959,-0.5089683,0.30052346,-0.3967002,0.8673607,0.0514709055,0.0,0.0,0.0,1.0]},"headPose":{"x":-0.0502678752,"y":0.483274549,"z":0.179107577}},{"recID":72,"timestamp":0,"world2head":{"data":[0.9502328,0.04688532,-0.3079925,0.08024317,0.08113257,0.917256236,0.389946818,-0.508659959,0.300790817,-0.3955285,0.867803037,0.05059614,0.0,0.0,0.0,1.0]},"headPose":{"x":-0.05019965,"y":0.4828215,"z":0.179157138}},{"recID":73,"timestamp":0,"world2head":{"data":[0.949704945,0.0472417474,-0.3095622,0.08012204,0.08214913,0.9163469,0.3918672,-0.508877337,0.30217886,-0.397588462,0.8663783,0.051536575,0.0,0.0,0.0,1.0]},"headPose":{"x":-0.0498617254,"y":0.4830134,"z":0.1795649}},{"recID":74,"timestamp":0,"world2head":{"data":[0.949513137,0.04736913,-0.310130656,0.0801564157,0.08205088,0.916633248,0.39121747,-0.5095469,0.3028077,-0.396912634,0.866468668,0.051070042,0.0,0.0,0.0,1.0]},"headPose":{"x":-0.04976519,"y":0.483541042,"z":0.179952011}},{"recID":75,"timestamp":0,"world2head":{"data":[0.9493845,0.0469682664,-0.310585022,0.08031073,0.08196251,0.917464137,0.3892836,-0.509189665,0.303234577,-0.395036161,0.8671766,0.0494080931,0.0,0.0,0.0,1.0]},"headPose":{"x":-0.04949353,"y":0.482909173,"z":0.180316955}},{"recID":76,"timestamp":0,"world2head":{"data":[0.9492646,0.0465200022,-0.311018735,0.0805372,0.08313308,0.9166949,0.390844434,-0.5092913,0.303291351,-0.3968707,0.866318643,0.0504029728,0.0,0.0,0.0,1.0]},"headPose":{"x":-0.04939894,"y":0.483121634,"z":0.1804372}},{"recID":77,"timestamp":0,"world2head":{"data":[0.949068248,0.0461508669,-0.31167227,0.08058021,0.08314723,0.917459548,0.3890431,-0.509678364,0.303901374,-0.3951431,0.866894364,0.04898077,0.0,0.0,0.0,1.0]},"headPose":{"x":-0.0489831,"y":0.483244836,"z":0.1809403}},{"recID":78,"timestamp":0,"world2head":{"data":[0.948874235,0.0457040668,-0.3123282,0.08074877,0.08394574,0.9172933,0.3892636,-0.5096491,0.304287463,-0.3955808,0.866559267,0.0489870459,0.0,0.0,0.0,1.0]},"headPose":{"x":-0.048743695,"y":0.48318547,"z":0.181157768}},{"recID":79,"timestamp":0,"world2head":{"data":[0.9484421,0.044445768,-0.3138187,0.08138195,0.08619933,0.9166275,0.390337855,-0.508894742,0.3050037,-0.3972638,0.8655369,0.0492642932,0.0,0.0,0.0,1.0]},"headPose":{"x":-0.0483454652,"y":0.482420772,"z":0.181539983}},{"recID":80,"timestamp":0,"world2head":{"data":[0.9482853,0.0437336862,-0.314392149,0.08178915,0.08830844,0.9150117,0.393643558,-0.5080151,0.30488795,-0.401049852,0.86383003,0.0510037541,0.0,0.0,0.0,1.0]},"headPose":{"x":-0.04824785,"y":0.481717885,"z":0.181632161}},{"recID":81,"timestamp":0,"world2head":{"data":[0.9482538,0.042484574,-0.3146582,0.0822512,0.09289516,0.910523653,0.4028861,-0.5060293,0.3036202,-0.411268473,0.85946095,0.0557340123,0.0,0.0,0.0,1.0]},"headPose":{"x":-0.047909312,"y":0.4801789,"z":0.181851953}},{"recID":82,"timestamp":0,"world2head":{"data":[0.9482868,0.0418594331,-0.3146426,0.08234763,0.09576698,0.907342553,0.409338742,-0.504543,0.302623332,-0.418302864,0.8564122,0.0591953658,0.0,0.0,0.0,1.0]},"headPose":{"x":-0.0476845056,"y":0.479107916,"z":0.181743443}},{"recID":83,"timestamp":0,"world2head":{"data":[0.9482338,0.04008718,-0.31503278,0.08303793,0.104159504,0.8978677,0.4277667,-0.500360548,0.300005734,-0.438436538,0.84721303,0.06931341,0.0,0.0,0.0,1.0]},"headPose":{"x":-0.04741648,"y":0.476318359,"z":0.18147406}},{"recID":84,"timestamp":0,"world2head":{"data":[0.9482771,0.0395450629,-0.31497106,0.0830864161,0.109904319,0.8899481,0.442621022,-0.4966479,0.297811359,-0.454344064,0.839571238,0.07752824,0.0,0.0,0.0,1.0]},"headPose":{"x":-0.04729398,"y":0.473929673,"z":0.180906117}},{"recID":85,"timestamp":0,"world2head":{"data":[0.948064,0.0389409475,-0.315686941,0.08297856,0.1243861,0.8680564,0.480631053,-0.4881216,0.2927503,-0.494936049,0.8181293,0.0992323,0.0,0.0,0.0,1.0]},"headPose":{"x":-0.0470037274,"y":0.469599456,"z":0.179616779}},{"recID":86,"timestamp":0,"world2head":{"data":[0.9480797,0.0383256,-0.315715164,0.08302396,0.13148132,0.8566706,0.498826742,-0.48329398,0.289581746,-0.514438152,0.807152867,0.109513544,0.0,0.0,0.0,1.0]},"headPose":{"x":-0.04688232,"y":0.467179775,"z":0.178897738}},{"recID":87,"timestamp":0,"world2head":{"data":[0.94715333,0.0346572548,-0.318903536,0.0845502,0.151192442,0.828565657,0.539091647,-0.4717763,0.28291598,-0.5588183,0.7795388,0.133743867,0.0,0.0,0.0,1.0]},"headPose":{"x":-0.0465912633,"y":0.46270588,"z":0.177035511}},{"recID":88,"timestamp":0,"world2head":{"data":[0.94636333,0.03257943,-0.3214576,0.0856059939,0.160957962,0.8151288,0.556468844,-0.46576044,0.2801588,-0.5783628,0.7661641,0.144554913,0.0,0.0,0.0,1.0]},"headPose":{"x":-0.04654487,"y":0.460470974,"z":0.17594707}},{"recID":89,"timestamp":0,"world2head":{"data":[0.9439691,0.0287807435,-0.328776658,0.08773476,0.171845689,0.807629943,0.5640948,-0.467359364,0.281764925,-0.5889869,0.7574318,0.15235804,0.0,0.0,0.0,1.0]},"headPose":{"x":-0.0454343557,"y":0.464665234,"z":0.1770793}},{"recID":90,"timestamp":0,"world2head":{"data":[0.943282843,0.0286727175,-0.33074975,0.08732493,0.17007944,0.81385994,0.5556122,-0.4707012,0.285114884,-0.580353141,0.762823462,0.14802295,0.0,0.0,0.0,1.0]},"headPose":{"x":-0.04451906,"y":0.4664866,"z":0.177494645}},{"recID":91,"timestamp":0,"world2head":{"data":[0.9418426,0.03417512,-0.334312022,0.08448786,0.1574007,0.834085464,0.5287027,-0.474445939,0.296913266,-0.5505757,0.780198038,0.13140893,0.0,0.0,0.0,1.0]},"headPose":{"x":-0.0439132042,"y":0.4651916,"z":0.176561147}},{"recID":92,"timestamp":0,"world2head":{"data":[0.9414529,0.0337534435,-0.335450679,0.08455138,0.1564055,0.837704659,0.523247838,-0.474490017,0.298670024,-0.54507947,0.78338027,0.1288782,0.0,0.0,0.0,1.0]},"headPose":{"x":-0.04388035,"y":0.464877427,"z":0.175678015}},{"recID":93,"timestamp":0,"world2head":{"data":[0.941014767,0.03158985,-0.336887717,0.08571932,0.157588929,0.8401425,0.5189667,-0.474539667,0.299427748,-0.541445,0.785608232,0.127440721,0.0,0.0,0.0,1.0]},"headPose":{"x":-0.0440402329,"y":0.464975178,"z":0.175029531}},{"recID":94,"timestamp":0,"world2head":{"data":[0.941219151,0.031185329,-0.336354017,0.08563209,0.1573588,0.8406124,0.518275,-0.474365652,0.298905969,-0.5407386,0.7862932,0.127154633,0.0,0.0,0.0,1.0]},"headPose":{"x":-0.043960236,"y":0.464844644,"z":0.174673736}},{"recID":95,"timestamp":0,"world2head":{"data":[0.941758156,0.03016226,-0.334935576,0.0857041,0.158413,0.8387573,0.520952642,-0.473374963,0.296642751,-0.5436695,0.785128355,0.1294028,0.0,0.0,0.0,1.0]},"headPose":{"x":-0.04411019,"y":0.464813977,"z":0.173713446}},{"recID":96,"timestamp":0,"world2head":{"data":[0.942163467,0.029785879,-0.333827555,0.08544986,0.158370644,0.8382604,0.5217646,-0.473356545,0.295375645,-0.544455945,0.7850611,0.1302381,0.0,0.0,0.0,1.0]},"headPose":{"x":-0.04401111,"y":0.465159774,"z":0.173261285}},{"recID":97,"timestamp":0,"world2head":{"data":[0.942357,0.0297473446,-0.3332842,0.08519362,0.157709032,0.8389822,0.5208038,-0.473683566,0.295112073,-0.5433451,0.7859294,0.129864872,0.0,0.0,0.0,1.0]},"headPose":{"x":-0.04390333,"y":0.46543926,"z":0.1730253}},{"recID":98,"timestamp":0,"world2head":{"data":[0.942629,0.03103907,-0.332396179,0.0839345455,0.15528588,0.8406327,0.5188671,-0.4738659,0.295528263,-0.5407155,0.7875848,0.128955722,0.0,0.0,0.0,1.0]},"headPose":{"x":-0.0436445139,"y":0.465470254,"z":0.172209352}},{"recID":99,"timestamp":0,"world2head":{"data":[0.942645669,0.03174918,-0.3322817,0.08295162,0.154092968,0.841655135,0.5175635,-0.473823428,0.296098828,-0.5390813,0.788490236,0.1286778,0.0,0.0,0.0,1.0]},"headPose":{"x":-0.0432824977,"y":0.465530068,"z":0.171335831}},{"recID":100,"timestamp":0,"world2head":{"data":[0.9422521,0.0316929668,-0.333401471,0.0828716755,0.154931709,0.8413304,0.517841041,-0.473441273,0.2969127,-0.539591253,0.787835062,0.129347324,0.0,0.0,0.0,1.0]},"headPose":{"x":-0.04313982,"y":0.465488762,"z":0.1708925}},{"recID":101,"timestamp":0,"world2head":{"data":[0.94198215,0.0314705633,-0.334184527,0.08282556,0.155647933,0.8411353,0.5179432,-0.4730921,0.2973944,-0.53990835,0.7874361,0.1300218,0.0,0.0,0.0,1.0]},"headPose":{"x":-0.043052122,"y":0.465527743,"z":0.17033}},{"recID":102,"timestamp":0,"world2head":{"data":[0.94151336,0.03104528,-0.3355425,0.08270739,0.156726241,0.8411521,0.5175907,-0.4724774,0.298311,-0.5399069,0.7870903,0.1306781,0.0,0.0,0.0,1.0]},"headPose":{"x":-0.04280321,"y":0.465411633,"z":0.16944629}},{"recID":103,"timestamp":0,"world2head":{"data":[0.940928459,0.030973807,-0.33718583,0.08242871,0.157748342,0.8410414,0.51746,-0.472020984,0.299614936,-0.5400833,0.786473751,0.131266251,0.0,0.0,0.0,1.0]},"headPose":{"x":-0.0424283147,"y":0.46533078,"z":0.168808281}},{"recID":104,"timestamp":0,"world2head":{"data":[0.9406245,0.03065645,-0.3380619,0.08249199,0.1585617,0.8409019,0.517438054,-0.471603036,0.3001397,-0.5403186,0.786111951,0.131645158,0.0,0.0,0.0,1.0]},"headPose":{"x":-0.0423277244,"y":0.465173274,"z":0.168424934}},{"recID":105,"timestamp":0,"world2head":{"data":[0.9401373,0.0303383246,-0.33944276,0.08241736,0.159903258,0.840313733,0.5179805,-0.4708035,0.30095306,-0.541250765,0.7851591,0.132533818,0.0,0.0,0.0,1.0]},"headPose":{"x":-0.0420871,"y":0.4648563,"z":0.167782843}},{"recID":106,"timestamp":0,"world2head":{"data":[0.939945161,0.0301465243,-0.339991659,0.0822835863,0.160535485,0.8399964,0.5182996,-0.470624149,0.3012167,-0.5417539,0.784710944,0.133047462,0.0,0.0,0.0,1.0]},"headPose":{"x":-0.041866295,"y":0.464921,"z":0.1674962}},{"recID":107,"timestamp":0,"world2head":{"data":[0.939378858,0.0299164653,-0.341573477,0.08216639,0.161527246,0.840111256,0.51780504,-0.470267743,0.3024506,-0.5415885,0.7843504,0.133172452,0.0,0.0,0.0,1.0]},"headPose":{"x":-0.0415023938,"y":0.464743763,"z":0.167118981}},{"recID":108,"timestamp":0,"world2head":{"data":[0.9390891,0.03002917,-0.342359245,0.0820838362,0.162050575,0.839789331,0.5181636,-0.4698393,0.303069651,-0.5420813,0.7837708,0.133495733,0.0,0.0,0.0,1.0]},"headPose":{"x":-0.04140483,"y":0.464466661,"z":0.166925728}},{"recID":109,"timestamp":0,"world2head":{"data":[0.938666046,0.0299975947,-0.343520284,0.0819780752,0.16335392,0.8386501,0.519597352,-0.4689613,0.30368,-0.5438438,0.782312155,0.134425253,0.0,0.0,0.0,1.0]},"headPose":{"x":-0.04116564,"y":0.463941664,"z":0.1666697}},{"recID":110,"timestamp":0,"world2head":{"data":[0.9384818,0.0299907774,-0.344023883,0.08187567,0.164080963,0.8378569,0.520647049,-0.468310356,0.3038574,-0.5450655,0.7813926,0.13507171,0.0,0.0,0.0,1.0]},"headPose":{"x":-0.0410405435,"y":0.463544458,"z":0.16644752}},{"recID":111,"timestamp":0,"world2head":{"data":[0.9381121,0.0305923149,-0.344977975,0.0814930648,0.1658422,0.8347826,0.5250089,-0.466905475,0.304042876,-0.5497291,0.778046131,0.13731426,0.0,0.0,0.0,1.0]},"headPose":{"x":-0.0407664254,"y":0.46275717,"z":0.166406}},{"recID":112,"timestamp":0,"world2head":{"data":[0.938225448,0.0314337462,-0.3445939,0.0809533,0.165904656,0.833071053,0.527700961,-0.466079533,0.3036588,-0.552272141,0.7763935,0.138322085,0.0,0.0,0.0,1.0]},"headPose":{"x":-0.0406303965,"y":0.462124169,"z":0.166454241}},{"recID":113,"timestamp":0,"world2head":{"data":[0.9383972,0.0318270847,-0.3440896,0.08033513,0.16820398,0.827752352,0.5352882,-0.463269025,0.30185762,-0.5601902,0.771407068,0.1417023,0.0,0.0,0.0,1.0]},"headPose":{"x":-0.0402364954,"y":0.4602954,"z":0.166314751}},{"recID":114,"timestamp":0,"world2head":{"data":[0.9381258,0.0314670131,-0.3448621,0.08019529,0.170903891,0.8240651,0.540100634,-0.4613937,0.301184177,-0.5656206,0.7676988,0.144209608,0.0,0.0,0.0,1.0]},"headPose":{"x":-0.03981293,"y":0.459262818,"z":0.166145787}},{"recID":115,"timestamp":0,"world2head":{"data":[0.9364697,0.0305953026,-0.349411577,0.0802403837,0.177371085,0.818116546,0.5470145,-0.459625572,0.302595466,-0.574237943,0.76071465,0.148532018,0.0,0.0,0.0,1.0]},"headPose":{"x":-0.0385635123,"y":0.458865047,"z":0.166468248}},{"recID":116,"timestamp":0,"world2head":{"data":[0.9352013,0.0299167931,-0.3528505,0.08064393,0.180096,0.817755461,0.54666394,-0.45867455,0.304899871,-0.5747878,0.7593781,0.148562208,0.0,0.0,0.0,1.0]},"headPose":{"x":-0.0381094478,"y":0.458062738,"z":0.16638121}},{"recID":117,"timestamp":0,"world2head":{"data":[0.9324595,0.029885374,-0.360036343,0.0809661448,0.186856061,0.813027859,0.5514259,-0.455374271,0.309199184,-0.5814573,0.7525313,0.151385531,0.0,0.0,0.0,1.0]},"headPose":{"x":-0.0372164734,"y":0.4558365,"z":0.166333586}},{"recID":118,"timestamp":0,"world2head":{"data":[0.931341648,0.0299330279,-0.362914145,0.0810062438,0.190221041,0.8098388,0.554956853,-0.4532077,0.3105135,-0.5858883,0.7485427,0.153467357,0.0,0.0,0.0,1.0]},"headPose":{"x":-0.0368885472,"y":0.4545152,"z":0.166032165}},{"recID":119,"timestamp":0,"world2head":{"data":[0.929458439,0.0282700956,-0.367842168,0.08162864,0.198710158,0.801712036,0.5637128,-0.449816,0.310839742,-0.597041547,0.739540458,0.158995986,0.0,0.0,0.0,1.0]},"headPose":{"x":-0.03590968,"y":0.453242481,"z":0.166009516}},{"recID":120,"timestamp":0,"world2head":{"data":[0.9282693,0.0275464728,-0.3708872,0.08207724,0.202571839,0.7988899,0.5663389,-0.447862118,0.311898679,-0.6008463,0.73600477,0.160449132,0.0,0.0,0.0,1.0]},"headPose":{"x":-0.0355093926,"y":0.451936781,"z":0.165991783}},{"recID":121,"timestamp":0,"world2head":{"data":[0.926222146,0.0252675712,-0.376130462,0.08325492,0.211696282,0.790712,0.5744208,-0.443710268,0.311925054,-0.6116667,0.727025867,0.165795118,0.0,0.0,0.0,1.0]},"headPose":{"x":-0.03489639,"y":0.450154722,"z":0.165653765}},{"recID":122,"timestamp":0,"world2head":{"data":[0.9252393,0.0240682438,-0.37861976,0.0838857442,0.215726256,0.7875649,0.577238,-0.441698432,0.3120807,-0.6157616,0.7234938,0.167495847,0.0,0.0,0.0,1.0]},"headPose":{"x":-0.03460067,"y":0.448984683,"z":0.16554372}},{"recID":123,"timestamp":0,"world2head":{"data":[0.9237287,0.0213839337,-0.382450044,0.0850607,0.221609652,0.7845451,0.5791185,-0.4413707,0.312433183,-0.619702935,0.719967961,0.169410169,0.0,0.0,0.0,1.0]},"headPose":{"x":-0.0336903669,"y":0.449440241,"z":0.166167453}},{"recID":124,"timestamp":0,"world2head":{"data":[0.9232406,0.019959636,-0.38370353,0.08559176,0.223253042,0.784900069,0.578005135,-0.4403922,0.3127057,-0.6193008,0.7201956,0.168775156,0.0,0.0,0.0,1.0]},"headPose":{"x":-0.03347984,"y":0.4484781,"z":0.165839672}},{"recID":125,"timestamp":0,"world2head":{"data":[0.921927,0.0180283859,-0.386943936,0.0865261853,0.228729665,0.7808433,0.5813489,-0.437946022,0.312623382,-0.6244668,0.7157569,0.170599192,0.0,0.0,0.0,1.0]},"headPose":{"x":-0.0329328664,"y":0.44694078,"z":0.16597265}},{"recID":126,"timestamp":0,"world2head":{"data":[0.921371758,0.01689548,-0.3883152,0.08717549,0.2315698,0.7785261,0.583328843,-0.4362913,0.312169135,-0.6273848,0.71339947,0.171549976,0.0,0.0,0.0,1.0]},"headPose":{"x":-0.0328417458,"y":0.445819139,"z":0.1659692}},{"recID":127,"timestamp":0,"world2head":{"data":[0.92122674,0.0151994377,-0.388729125,0.08811737,0.237478539,0.7694834,0.592873752,-0.431572,0.308131963,-0.638485968,0.7052591,0.177327931,0.0,0.0,0.0,1.0]},"headPose":{"x":-0.0333273858,"y":0.443969518,"z":0.165059358}},{"recID":128,"timestamp":0,"world2head":{"data":[0.9211833,0.0138292238,-0.388883144,0.0888103843,0.240530729,0.765346348,0.596984,-0.430568963,0.30588612,-0.643470049,0.7016979,0.179515243,0.0,0.0,0.0,1.0]},"headPose":{"x":-0.03315679,"y":0.443818867,"z":0.165614188}},{"recID":129,"timestamp":0,"world2head":{"data":[0.9219312,0.0126324221,-0.387147635,0.0893093944,0.242854744,0.7597879,0.603111863,-0.427580267,0.301768869,-0.650048256,0.6974043,0.181772277,0.0,0.0,0.0,1.0]},"headPose":{"x":-0.033350423,"y":0.441902876,"z":0.165685892}},{"recID":130,"timestamp":0,"world2head":{"data":[0.9225029,0.0122554377,-0.385795653,0.08930933,0.2437703,0.7564501,0.6069261,-0.425469846,0.2992733,-0.6539366,0.6948399,0.183182448,0.0,0.0,0.0,1.0]},"headPose":{"x":-0.0334927961,"y":0.4405419,"z":0.165401444}},{"recID":131,"timestamp":0,"world2head":{"data":[0.9234146,0.0111922771,-0.3836408,0.08976236,0.247596815,0.746390939,0.617734969,-0.4211696,0.2932599,-0.6654137,0.686457038,0.188212514,0.0,0.0,0.0,1.0]},"headPose":{"x":-0.0338027924,"y":0.4385917,"z":0.165407866}},{"recID":132,"timestamp":0,"world2head":{"data":[0.9236034,0.0102489293,-0.3832123,0.09019175,0.249789745,0.742203355,0.6218837,-0.418902516,0.290795118,-0.670096457,0.6829415,0.189816341,0.0,0.0,0.0,1.0]},"headPose":{"x":-0.033861503,"y":0.437181681,"z":0.165437788}},{"recID":133,"timestamp":0,"world2head":{"data":[0.923513353,0.007940672,-0.383484066,0.09168032,0.25698334,0.729406953,0.6339756,-0.411757,0.2847501,-0.684034,0.67157644,0.195630476,0.0,0.0,0.0,1.0]},"headPose":{"x":-0.03455911,"y":0.4334283,"z":0.164821014}},{"recID":134,"timestamp":0,"world2head":{"data":[0.9232959,0.00681974,-0.384028852,0.0924074054,0.261272132,0.7217244,0.6409765,-0.408420146,0.281534255,-0.692146957,0.6645834,0.19948408,0.0,0.0,0.0,1.0]},"headPose":{"x":-0.0347722,"y":0.432208866,"z":0.164700985}},{"recID":135,"timestamp":0,"world2head":{"data":[0.9230674,0.00543582439,-0.384599835,0.09313415,0.267407924,0.709656835,0.6518284,-0.402638048,0.276477128,-0.704526544,0.6536075,0.204056308,0.0,0.0,0.0,1.0]},"headPose":{"x":-0.0347174034,"y":0.428991675,"z":0.164897561}},{"recID":136,"timestamp":0,"world2head":{"data":[0.922786653,0.004950121,-0.3852795,0.09337841,0.2705881,0.703537941,0.6571275,-0.398617655,0.274311632,-0.71064055,0.647875965,0.206301972,0.0,0.0,0.0,1.0]},"headPose":{"x":-0.0348981619,"y":0.426586866,"z":0.164261281}},{"recID":137,"timestamp":0,"world2head":{"data":[0.9210359,0.00364078581,-0.389460683,0.09411991,0.28076458,0.6868286,0.6704012,-0.3926951,0.269933581,-0.726810336,0.631571651,0.2143312,0.0,0.0,0.0,1.0]},"headPose":{"x":-0.0342880934,"y":0.425149649,"z":0.164553761}},{"recID":138,"timestamp":0,"world2head":{"data":[0.9198227,0.00288978219,-0.3923236,0.0945793539,0.283653438,0.6859423,0.6700925,-0.391931266,0.271047771,-0.7276502,0.6301256,0.214021116,0.0,0.0,0.0,1.0]},"headPose":{"x":-0.0338335373,"y":0.424301416,"z":0.164875716}},{"recID":139,"timestamp":0,"world2head":{"data":[0.916882932,0.00279383361,-0.399146438,0.09517571,0.290249,0.681788445,0.671505868,-0.3883518,0.274009526,-0.7315441,0.6243093,0.214836717,0.0,0.0,0.0,1.0]},"headPose":{"x":-0.0334135741,"y":0.421670377,"z":0.164644957}},{"recID":140,"timestamp":0,"world2head":{"data":[0.9152553,0.00267159939,-0.402865469,0.09564483,0.294034719,0.6791707,0.6725108,-0.38732484,0.275411129,-0.73397547,0.6208291,0.216038465,0.0,0.0,0.0,1.0]},"headPose":{"x":-0.0331518725,"y":0.4213711,"z":0.164889142}},{"recID":141,"timestamp":0,"world2head":{"data":[0.9130915,0.0025420785,-0.407746851,0.09607548,0.2981613,0.6779585,0.6719168,-0.385758638,0.278143525,-0.7350958,0.6182802,0.215296224,0.0,0.0,0.0,1.0]},"headPose":{"x":-0.0325906575,"y":0.419547468,"z":0.1652588}},{"recID":142,"timestamp":0,"world2head":{"data":[0.912130058,0.0022444427,-0.4098948,0.0962897241,0.300795853,0.6756625,0.6730543,-0.384058565,0.2784612,-0.7372077,0.6156169,0.215107158,0.0,0.0,0.0,1.0]},"headPose":{"x":-0.0322045162,"y":0.417856455,"z":0.1655373}},{"recID":143,"timestamp":0,"world2head":{"data":[0.9105582,0.0007572621,-0.413380146,0.09684755,0.307360947,0.6674615,0.678251,-0.379045546,0.276429,-0.7446439,0.6075299,0.215724081,0.0,0.0,0.0,1.0]},"headPose":{"x":-0.031313926,"y":0.4135626,"z":0.166064039}},{"recID":144,"timestamp":0,"world2head":{"data":[0.9095808,-0.000642538071,-0.415526569,0.09743029,0.312128037,0.66117394,0.682220757,-0.375421941,0.274297,-0.7502324,0.6015917,0.21671173,0.0,0.0,0.0,1.0]},"headPose":{"x":-0.0308843851,"y":0.410865963,"z":0.166233525}},{"recID":145,"timestamp":0,"world2head":{"data":[0.9079923,-0.00393585861,-0.41896835,0.0980358,0.3244946,0.639183044,0.6972434,-0.36274606,0.265053242,-0.7690446,0.5816505,0.223520771,0.0,0.0,0.0,1.0]},"headPose":{"x":-0.0305515,"y":0.404144436,"z":0.163985208}},{"recID":146,"timestamp":0,"world2head":{"data":[0.907829165,-0.0056681186,-0.4193019,0.097658366,0.333573878,0.6156945,0.71389693,-0.353759646,0.254115433,-0.787964642,0.5608362,0.234155849,0.0,0.0,0.0,1.0]},"headPose":{"x":-0.0301547386,"y":0.402867883,"z":0.162173152}},{"recID":147,"timestamp":0,"world2head":{"data":[0.9029171,-0.01024729,-0.4296926,0.09869804,0.352937579,0.5882426,0.7276028,-0.3456005,0.245307535,-0.8086197,0.534750938,0.2439047,0.0,0.0,0.0,1.0]},"headPose":{"x":-0.02697239,"y":0.4015344,"z":0.16344142}},{"recID":148,"timestamp":0,"world2head":{"data":[0.899671435,-0.01105991,-0.436427563,0.09898892,0.359676838,0.585368633,0.7266197,-0.342566967,0.247434646,-0.810691833,0.5306175,0.243498772,0.0,0.0,0.0,1.0]},"headPose":{"x":-0.0260941349,"y":0.399025232,"z":0.162912712}},{"recID":149,"timestamp":0,"world2head":{"data":[0.897119164,-0.011181742,-0.441647142,0.09918585,0.36589238,0.5790486,0.7285776,-0.3389486,0.247588366,-0.8152163,0.523566842,0.244951412,0.0,0.0,0.0,1.0]},"headPose":{"x":-0.0256099328,"y":0.3970652,"z":0.162507117}},{"recID":150,"timestamp":0,"world2head":{"data":[0.893304348,-0.011179626,-0.4493132,0.0989781842,0.376057476,0.566080868,0.7335757,-0.3317756,0.24614653,-0.824273944,0.50988