[{"recID":0,"timestamp":0,"world2head":{"data":[0.9939903,0.02728618,0.106012672,1.44779146,-0.106665306,0.4591545,0.881929636,0.0400694758,-0.0246117078,-0.8879374,0.459305584,0.00329275057,0.0,0.0,0.0,1.0]},"headPose":{"x":-1.43473566,"y":-0.0549790077,"z":-0.190335065}},{"recID":1,"timestamp":0,"world2head":{"data":[0.997599542,0.06820861,0.0119468272,1.41925335,-0.0453665853,0.5134254,0.8569342,0.122642696,0.0523164868,-0.855419159,0.51528734,0.14472869,0.0,0.0,0.0,1.0]},"headPose":{"x":-1.41785443,"y":-0.0359694958,"z":-0.196629167}},{"recID":2,"timestamp":0,"world2head":{"data":[0.997599542,0.06820861,0.0119468272,1.41925335,-0.0453665853,0.5134254,0.8569342,0.122642696,0.0523164868,-0.855419159,0.51528734,0.14472869,0.0,0.0,0.0,1.0]},"headPose":{"x":-1.41785443,"y":-0.0359694958,"z":-0.196629167}},{"recID":3,"timestamp":0,"world2head":{"data":[0.997599542,0.06820861,0.0119468272,1.41925335,-0.0453665853,0.5134254,0.8569342,0.122642696,0.0523164868,-0.855419159,0.51528734,0.14472869,0.0,0.0,0.0,1.0]},"headPose":{"x":-1.41785443,"y":-0.0359694958,"z":-0.196629167}},{"recID":4,"timestamp":0,"world2head":{"data":[0.997599542,0.06820861,0.0119468272,1.41925335,-0.0453665853,0.5134254,0.8569342,0.122642696,0.0523164868,-0.855419159,0.51528734,0.14472869,0.0,0.0,0.0,1.0]},"headPose":{"x":-1.41785443,"y":-0.0359694958,"z":-0.196629167}},{"recID":5,"timestamp":0,"world2head":{"data":[0.997599542,0.06820861,0.0119468272,1.41925335,-0.0453665853,0.5134254,0.8569342,0.122642696,0.0523164868,-0.855419159,0.51528734,0.14472869,0.0,0.0,0.0,1.0]},"headPose":{"x":-1.41785443,"y":-0.0359694958,"z":-0.196629167}},{"recID":6,"timestamp":0,"world2head":{"data":[0.997599542,0.06820861,0.0119468272,1.41925335,-0.0453665853,0.5134254,0.8569342,0.122642696,0.0523164868,-0.855419159,0.51528734,0.14472869,0.0,0.0,0.0,1.0]},"headPose":{"x":-1.41785443,"y":-0.0359694958,"z":-0.196629167}},{"recID":7,"timestamp":0,"world2head":{"data":[0.997599542,0.06820861,0.0119468272,1.41925335,-0.0453665853,0.5134254,0.8569342,0.122642696,0.0523164868,-0.855419159,0.51528734,0.14472869,0.0,0.0,0.0,1.0]},"headPose":{"x":-1.41785443,"y":-0.0359694958,"z":-0.196629167}},{"recID":8,"timestamp":0,"world2head":{"data":[0.997599542,0.06820861,0.0119468272,1.41925335,-0.0453665853,0.5134254,0.8569342,0.122642696,0.0523164868,-0.855419159,0.51528734,0.14472869,0.0,0.0,0.0,1.0]},"headPose":{"x":-1.41785443,"y":-0.0359694958,"z":-0.196629167}},{"recID":9,"timestamp":0,"world2head":{"data":[0.997599542,0.06820861,0.0119468272,1.41925335,-0.0453665853,0.5134254,0.8569342,0.122642696,0.0523164868,-0.855419159,0.51528734,0.14472869,0.0,0.0,0.0,1.0]},"headPose":{"x":-1.41785443,"y":-0.0359694958,"z":-0.196629167}},{"recID":10,"timestamp":0,"world2head":{"data":[0.997599542,0.06820861,0.0119468272,1.41925335,-0.0453665853,0.5134254,0.8569342,0.122642696,0.0523164868,-0.855419159,0.51528734,0.14472869,0.0,0.0,0.0,1.0]},"headPose":{"x":-1.41785443,"y":-0.0359694958,"z":-0.196629167}},{"recID":11,"timestamp":0,"world2head":{"data":[0.997599542,0.06820861,0.0119468272,1.41925335,-0.0453665853,0.5134254,0.8569342,0.122642696,0.0523164868,-0.855419159,0.51528734,0.14472869,0.0,0.0,0.0,1.0]},"headPose":{"x":-1.41785443,"y":-0.0359694958,"z":-0.196629167}},{"recID":12,"timestamp":0,"world2head":{"data":[0.997599542,0.06820861,0.0119468272,1.41925335,-0.0453665853,0.5134254,0.8569342,0.122642696,0.0523164868,-0.855419159,0.51528734,0.14472869,0.0,0.0,0.0,1.0]},"headPose":{"x":-1.41785443,"y":-0.0359694958,"z":-0.196629167}},{"recID":13,"timestamp":0,"world2head":{"data":[0.997599542,0.06820861,0.0119468272,1.41925335,-0.0453665853,0.5134254,0.8569342,0.122642696,0.0523164868,-0.855419159,0.51528734,0.14472869,0.0,0.0,0.0,1.0]},"headPose":{"x":-1.41785443,"y":-0.0359694958,"z":-0.196629167}},{"recID":14,"timestamp":0,"world2head":{"data":[0.997599542,0.06820861,0.0119468272,1.41925335,-0.0453665853,0.5134254,0.8569342,0.122642696,0.0523164868,-0.855419159,0.51528734,0.14472869,0.0,0.0,0.0,1.0]},"headPose":{"x":-1.41785443,"y":-0.0359694958,"z":-0.196629167}},{"recID":15,"timestamp":0,"world2head":{"data":[0.997599542,0.06820861,0.0119468272,1.41925335,-0.0453665853,0.5134254,0.8569342,0.122642696,0.0523164868,-0.855419159,0.51528734,0.14472869,0.0,0.0,0.0,1.0]},"headPose":{"x":-1.41785443,"y":-0.0359694958,"z":-0.196629167}},{"recID":16,"timestamp":0,"world2head":{"data":[0.997599542,0.06820861,0.0119468272,1.41925335,-0.0453665853,0.5134254,0.8569342,0.122642696,0.0523164868,-0.855419159,0.51528734,0.14472869,0.0,0.0,0.0,1.0]},"headPose":{"x":-1.41785443,"y":-0.0359694958,"z":-0.196629167}},{"recID":17,"timestamp":0,"world2head":{"data":[0.997656465,0.06696265,0.0140578616,1.41994524,-0.0464592576,0.5121311,0.8576499,0.121575192,0.05023104,-0.8562931,0.5140419,0.140984118,0.0,0.0,0.0,1.0]},"headPose":{"x":-1.41805089,"y":-0.036622,"z":-0.196702063}},{"recID":18,"timestamp":0,"world2head":{"data":[0.997656465,0.06696265,0.0140578616,1.41994524,-0.0464592576,0.5121311,0.8576499,0.121575192,0.05023104,-0.8562931,0.5140419,0.140984118,0.0,0.0,0.0,1.0]},"headPose":{"x":-1.41805089,"y":-0.036622,"z":-0.196702063}},{"recID":19,"timestamp":0,"world2head":{"data":[0.9978475,0.0624770448,0.01992432,1.42269826,-0.04893157,0.5070866,0.860505,0.119724549,0.0436584577,-0.8596277,0.509052157,0.1292549,0.0,0.0,0.0,1.0]},"headPose":{"x":-1.41942072,"y":-0.0384855941,"z":-0.197167367}},{"recID":20,"timestamp":0,"world2head":{"data":[0.997845769,0.0615477,0.0227096714,1.4237231,-0.05076872,0.505218565,0.861496866,0.117553391,0.0415497981,-0.8607939,0.5072549,0.125660658,0.0,0.0,0.0,1.0]},"headPose":{"x":-1.41990912,"y":-0.0388491,"z":-0.197346121}},{"recID":21,"timestamp":0,"world2head":{"data":[0.9978217,0.06091324,0.0253274981,1.42468226,-0.0526403524,0.5037968,0.8622167,0.115322068,0.0397605076,-0.8616718,0.505905867,0.122647867,0.0,0.0,0.0,1.0]},"headPose":{"x":-1.42038476,"y":-0.0391986966,"z":-0.197564542}},{"recID":22,"timestamp":0,"world2head":{"data":[0.9977751,0.0603268072,0.02838351,1.4256736,-0.05489015,0.5016686,0.8633168,0.112447858,0.0378420241,-0.8629539,0.5038637,0.11958535,0.0,0.0,0.0,1.0]},"headPose":{"x":-1.42085457,"y":-0.0392212346,"z":-0.197798446}},{"recID":23,"timestamp":0,"world2head":{"data":[0.997715235,0.060063567,0.0309296921,1.4266423,-0.05690224,0.5002948,0.863983452,0.109859824,0.03641995,-0.8637695,0.5025695,0.117296018,0.0,0.0,0.0,1.0]},"headPose":{"x":-1.42140353,"y":-0.0393348038,"z":-0.197992072}},{"recID":24,"timestamp":0,"world2head":{"data":[0.9975794,0.05957956,0.035855867,1.428785,-0.0608430579,0.498215854,0.864915669,0.10484419,0.0336673334,-0.865003645,0.500634849,0.113243185,0.0,0.0,0.0,1.0]},"headPose":{"x":-1.42276,"y":-0.0394056551,"z":-0.1986052}},{"recID":25,"timestamp":0,"world2head":{"data":[0.997476339,0.0596066937,0.0385738835,1.4297905,-0.06319223,0.497657,0.865069032,0.101404026,0.0323673338,-0.8653234,0.5001677,0.1114388,0.0,0.0,0.0,1.0]},"headPose":{"x":-1.42338133,"y":-0.03925888,"z":-0.198612124}},{"recID":26,"timestamp":0,"world2head":{"data":[0.9973869,0.0594741255,0.0410156064,1.43079948,-0.06524891,0.497813761,0.864826,0.09838947,0.0310166366,-0.8652423,0.5003935,0.1098018,0.0,0.0,0.0,1.0]},"headPose":{"x":-1.42404652,"y":-0.0390700139,"z":-0.198719}},{"recID":27,"timestamp":0,"world2head":{"data":[0.9972729,0.05975903,0.0433079973,1.43172717,-0.0674289539,0.4992389,0.8638367,0.0953805,0.030001007,-0.864401162,0.501906931,0.108900316,0.0,0.0,0.0,1.0]},"headPose":{"x":-1.42465842,"y":-0.0390427224,"z":-0.199056238}},{"recID":28,"timestamp":0,"world2head":{"data":[0.9971244,0.060368184,0.0458117723,1.43271,-0.0699145645,0.4995497,0.8634594,0.0921052843,0.0292402133,-0.8641793,0.50233376,0.108078748,0.0,0.0,0.0,1.0]},"headPose":{"x":-1.42531073,"y":-0.0391018428,"z":-0.199455753}},{"recID":29,"timestamp":0,"world2head":{"data":[0.9969049,0.0609229244,0.0496888757,1.43453634,-0.07353593,0.4990813,0.8634295,0.08688394,0.0278038476,-0.864411056,0.502016664,0.106463864,0.0,0.0,0.0,1.0]},"headPose":{"x":-1.42666733,"y":-0.03872975,"z":-0.199745268}},{"recID":30,"timestamp":0,"world2head":{"data":[0.9967828,0.0616167374,0.051259242,1.43541086,-0.07528199,0.500239849,0.862608135,0.0843538,0.0275091678,-0.863691866,0.503269136,0.106414407,0.0,0.0,0.0,1.0]},"headPose":{"x":-1.42736983,"y":-0.038733203,"z":-0.199897438}},{"recID":31,"timestamp":0,"world2head":{"data":[0.9966674,0.06221137,0.05276265,1.43630362,-0.07690525,0.5009495,0.862052858,0.0820482448,0.0271980613,-0.8632377,0.504064441,0.106228292,0.0,0.0,0.0,1.0]},"headPose":{"x":-1.42809618,"y":-0.03875618,"z":-0.200059026}},{"recID":32,"timestamp":0,"world2head":{"data":[0.996515036,0.06286908,0.0548205376,1.43719971,-0.0790263042,0.501238942,0.8616928,0.0792265162,0.0266956314,-0.8630221,0.504460454,0.105637714,0.0,0.0,0.0,1.0]},"headPose":{"x":-1.42875016,"y":-0.038899146,"z":-0.200347036}},{"recID":33,"timestamp":0,"world2head":{"data":[0.996371,0.06336053,0.0568358861,1.438146,-0.08099961,0.500653148,0.8618501,0.07666935,0.0261522047,-0.863326132,0.5039684,0.104719713,0.0,0.0,0.0,1.0]},"headPose":{"x":-1.4294554,"y":-0.03909916,"z":-0.200591221}},{"recID":34,"timestamp":0,"world2head":{"data":[0.9961264,0.06394263,0.0603616238,1.439941,-0.08426515,0.497959077,0.863096833,0.07240147,0.02513107,-0.8648399,0.5014183,0.102562673,0.0,0.0,0.0,1.0]},"headPose":{"x":-1.4308399,"y":-0.0394263,"z":-0.20083347}},{"recID":35,"timestamp":0,"world2head":{"data":[0.9960198,0.06408669,0.0619472,1.44089925,-0.08567779,0.4967761,0.8636393,0.07040767,0.0245738961,-0.865509331,0.5002897,0.101346239,0.0,0.0,0.0,1.0]},"headPose":{"x":-1.43162239,"y":-0.0396032035,"z":-0.200768977}},{"recID":36,"timestamp":0,"world2head":{"data":[0.995913,0.0640721843,0.06365539,1.44181,-0.08712577,0.4958334,0.864036143,0.0684671253,0.0237982031,-0.8660509,0.4993893,0.09975125,0.0,0.0,0.0,1.0]},"headPose":{"x":-1.43232608,"y":-0.0399385467,"z":-0.200751752}},{"recID":37,"timestamp":0,"world2head":{"data":[0.9958174,0.06394295,0.06526077,1.44271135,-0.08842572,0.494770169,0.864513338,0.06677909,0.02299046,-0.866668165,0.4983549,0.09803737,0.0,0.0,0.0,1.0]},"headPose":{"x":-1.433026,"y":-0.0403256454,"z":-0.200741276}},{"recID":38,"timestamp":0,"world2head":{"data":[0.995694458,0.06400066,0.0670558661,1.443631,-0.0899676457,0.493005931,0.8653618,0.0648177,0.0223247819,-0.867668748,0.496641278,0.0962320343,0.0,0.0,0.0,1.0]},"headPose":{"x":-1.43373227,"y":-0.0408513173,"z":-0.200687468}},{"recID":39,"timestamp":0,"world2head":{"data":[0.995387852,0.06417307,0.07130826,1.44550145,-0.0936405063,0.488433063,0.8675625,0.0603032857,0.0208448377,-0.8702385,0.492189527,0.09201929,0.0,0.0,0.0,1.0]},"headPose":{"x":-1.43510592,"y":-0.04213767,"z":-0.200684011}},{"recID":40,"timestamp":0,"world2head":{"data":[0.9952762,0.0637852848,0.0731897354,1.44639909,-0.0950042,0.4846912,0.8695106,0.05878082,0.0199875627,-0.8723565,0.4884615,0.089157775,0.0,0.0,0.0,1.0]},"headPose":{"x":-1.43576419,"y":-0.04297217,"z":-0.200522259}},{"recID":41,"timestamp":0,"world2head":{"data":[0.995133638,0.06352699,0.07532139,1.44730222,-0.09666465,0.481208324,0.871260345,0.0567872524,0.0191032533,-0.8743014,0.4850074,0.08631617,0.0,0.0,0.0,1.0]},"headPose":{"x":-1.43641877,"y":-0.04380289,"z":-0.200353265}},{"recID":42,"timestamp":0,"world2head":{"data":[0.9949789,0.06306727,0.07771425,1.44822621,-0.0984537154,0.477138877,0.8732957,0.0547242463,0.01799589,-0.876562059,0.480952322,0.0829589,0.0,0.0,0.0,1.0]},"headPose":{"x":-1.43705964,"y":-0.0447281264,"z":-0.200237527}},{"recID":43,"timestamp":0,"world2head":{"data":[0.994856954,0.0626508445,0.0795896053,1.44895577,-0.0998023,0.472141027,0.875855267,0.0533995479,0.0172955431,-0.879294,0.4759655,0.0797149,0.0,0.0,0.0,1.0]},"headPose":{"x":-1.437553,"y":-0.0458975881,"z":-0.20003365}},{"recID":44,"timestamp":0,"world2head":{"data":[0.9946915,0.0617731027,0.0822976157,1.45029628,-0.101582751,0.461816728,0.8811392,0.05152057,0.0164242834,-0.8848217,0.465640247,0.0739807859,0.0,0.0,0.0,1.0]},"headPose":{"x":-1.43857884,"y":-0.0479225442,"z":-0.199201137}},{"recID":45,"timestamp":0,"world2head":{"data":[0.994547,0.06173683,0.08405214,1.45099711,-0.103059284,0.458404541,0.882747948,0.04976386,0.0159681886,-0.886596739,0.4622674,0.0714687854,0.0,0.0,0.0,1.0]},"headPose":{"x":-1.43909752,"y":-0.0490279645,"z":-0.198926061}},{"recID":46,"timestamp":0,"world2head":{"data":[0.994295955,0.0621774048,0.08665787,1.45166957,-0.105526626,0.455549538,0.8839337,0.0469780564,0.0154837482,-0.88803643,0.4595124,0.06896953,0.0,0.0,0.0,1.0]},"headPose":{"x":-1.43949962,"y":-0.0504144132,"z":-0.199016422}},{"recID":47,"timestamp":0,"world2head":{"data":[0.994132042,0.0622350536,0.0884777158,1.45235419,-0.107082129,0.450286746,0.8864396,0.0455638766,0.0153272785,-0.89071244,0.454308748,0.06659515,0.0,0.0,0.0,1.0]},"headPose":{"x":-1.43997347,"y":-0.0515870228,"z":-0.199145362}},{"recID":48,"timestamp":0,"world2head":{"data":[0.994039237,0.06288551,0.0890582949,1.45302367,-0.107767016,0.443140984,0.889950752,0.04487367,0.0164996237,-0.8942435,0.447276533,0.0657744,0.0,0.0,0.0,1.0]},"headPose":{"x":-1.440612,"y":-0.05244116,"z":-0.198758513}},{"recID":49,"timestamp":0,"world2head":{"data":[0.9937093,0.06425482,0.09172305,1.45466924,-0.110657126,0.437363684,0.8924506,0.0404213965,0.0172279179,-0.896986246,0.441722631,0.06383178,0.0,0.0,0.0,1.0]},"headPose":{"x":-1.44214511,"y":-0.05389214,"z":-0.19769673}},{"recID":50,"timestamp":0,"world2head":{"data":[0.993372858,0.0650203452,0.0947774351,1.45568752,-0.1137077,0.435690582,0.8928853,0.0356801152,0.0167620778,-0.897745,0.4401965,0.06190183,0.0,0.0,0.0,1.0]},"headPose":{"x":-1.44302094,"y":-0.0546227321,"z":-0.197073549}},{"recID":51,"timestamp":0,"world2head":{"data":[0.993056834,0.06509735,0.0979819,1.45668077,-0.116603419,0.434624076,0.8930318,0.0311841071,0.0155486949,-0.898256361,0.439197,0.0590195134,0.0,0.0,0.0,1.0]},"headPose":{"x":-1.44384837,"y":-0.0553647727,"z":-0.196497947}},{"recID":52,"timestamp":0,"world2head":{"data":[0.992694259,0.0653355941,0.101436794,1.457697,-0.119822972,0.43513447,0.8923567,0.0263766646,0.0141640119,-0.897991836,0.439784169,0.05613502,0.0,0.0,0.0,1.0]},"headPose":{"x":-1.44468188,"y":-0.0563081019,"z":-0.196088791}},{"recID":53,"timestamp":0,"world2head":{"data":[0.99236083,0.06573532,0.1043973,1.45874286,-0.122642554,0.433948755,0.892551,0.0223595947,0.0133690313,-0.898536265,0.438695729,0.05364833,0.0,0.0,0.0,1.0]},"headPose":{"x":-1.44557428,"y":-0.0573888533,"z":-0.195781186}},{"recID":54,"timestamp":0,"world2head":{"data":[0.9918559,0.06575811,0.109076723,1.46091557,-0.126795232,0.4288792,0.894419253,0.0161702782,0.0120345652,-0.9009654,0.433724165,0.04896012,0.0,0.0,0.0,1.0]},"headPose":{"x":-1.44755661,"y":-0.05889075,"z":-0.195050076}},{"recID":55,"timestamp":0,"world2head":{"data":[0.9915507,0.06588717,0.111741215,1.4620229,-0.129227,0.4267025,0.8951119,0.0126413107,0.011296127,-0.901988864,0.431611538,0.0467697829,0.0,0.0,0.0,1.0]},"headPose":{"x":-1.44856453,"y":-0.0595367923,"z":-0.19487}},{"recID":56,"timestamp":0,"world2head":{"data":[0.9913509,0.06602472,0.113420181,1.46319222,-0.130778924,0.4247753,0.895802855,0.0102328807,0.0109670609,-0.90288794,0.429736018,0.045173768,0.0,0.0,0.0,1.0]},"headPose":{"x":-1.449694,"y":-0.06016671,"z":-0.194534957}},{"recID":57,"timestamp":0,"world2head":{"data":[0.991079152,0.066222325,0.115657866,1.46441865,-0.132851511,0.42179054,0.8969076,0.007107079,0.0106118955,-0.9042718,0.426825523,0.0435322747,0.0,0.0,0.0,1.0]},"headPose":{"x":-1.45087254,"y":-0.0606098659,"z":-0.194326609}},{"recID":58,"timestamp":0,"world2head":{"data":[0.9907719,0.06648825,0.118111581,1.46569324,-0.135169938,0.4203605,0.897232533,0.00319695473,0.0100059509,-0.904917955,0.425468624,0.041657716,0.0,0.0,0.0,1.0]},"headPose":{"x":-1.45215249,"y":-0.0610984154,"z":-0.193707824}},{"recID":59,"timestamp":0,"world2head":{"data":[0.9899385,0.0671684444,0.124540009,1.46820426,-0.141283855,0.420748234,0.8961082,-0.00632452965,0.00779020041,-0.904687464,0.426004648,0.037367288,0.0,0.0,0.0,1.0]},"headPose":{"x":-1.45461655,"y":-0.0621502325,"z":-0.193101346}},{"recID":60,"timestamp":0,"world2head":{"data":[0.989673138,0.06733119,0.126544967,1.46945441,-0.1431658,0.420457542,0.895945847,-0.00943417847,0.0071183145,-0.9048105,0.425755084,0.0359126329,0.0,0.0,0.0,1.0]},"headPose":{"x":-1.45588577,"y":-0.06247931,"z":-0.192789525}},{"recID":61,"timestamp":0,"world2head":{"data":[0.9893618,0.06781216,0.128703937,1.47075462,-0.1453189,0.419612169,0.8959956,-0.012819618,0.006753657,-0.905167,0.425002635,0.03478056,0.0,0.0,0.0,1.0]},"headPose":{"x":-1.45720625,"y":-0.06287356,"z":-0.1925874}},{"recID":62,"timestamp":0,"world2head":{"data":[0.988737762,0.06909564,0.132753462,1.47201371,-0.149522454,0.41824913,0.8959413,-0.0190702826,0.006381616,-0.9057006,0.423870027,0.0339339748,0.0,0.0,0.0,1.0]},"headPose":{"x":-1.45850337,"y":-0.062999554,"z":-0.19271262}},{"recID":63,"timestamp":0,"world2head":{"data":[0.9881113,0.06972419,0.13702035,1.4733094,-0.153652117,0.417714179,0.895492,-0.0256391764,0.005202107,-0.9058992,0.423461378,0.0319495238,0.0,0.0,0.0,1.0]},"headPose":{"x":-1.45989943,"y":-0.06307239,"z":-0.192443058}},{"recID":64,"timestamp":0,"world2head":{"data":[0.9867176,0.07111944,0.146049321,1.47527361,-0.162425593,0.418040633,0.893789768,-0.03919585,0.002511263,-0.905640244,0.424039662,0.0278504081,0.0,0.0,0.0,1.0]},"headPose":{"x":-1.46211481,"y":-0.06331271,"z":-0.192239538}},{"recID":65,"timestamp":0,"world2head":{"data":[0.9863126,0.07237429,0.148153275,1.47599339,-0.164862573,0.417677939,0.893512964,-0.0427351147,0.00278703123,-0.9057081,0.4238928,0.02820614,0.0,0.0,0.0,1.0]},"headPose":{"x":-1.462915,"y":-0.06342796,"z":-0.192445278}},{"recID":66,"timestamp":0,"world2head":{"data":[0.985815346,0.074161455,0.150559515,1.47672272,-0.167794988,0.416290581,0.89361465,-0.0470296741,0.00359524041,-0.9062022,0.422829568,0.0290917438,0.0,0.0,0.0,1.0]},"headPose":{"x":-1.46377182,"y":-0.0635748655,"z":-0.192609072}},{"recID":67,"timestamp":0,"world2head":{"data":[0.985320866,0.0768268555,0.1524482,1.47735751,-0.170621946,0.4140798,0.8941062,-0.0514419377,0.00556566566,-0.9069925,0.4211098,0.0319402739,0.0,0.0,0.0,1.0]},"headPose":{"x":-1.464626,"y":-0.0632301,"z":-0.1926763}},{"recID":68,"timestamp":0,"world2head":{"data":[0.984952867,0.07891931,0.153751731,1.47797489,-0.1726874,0.414165735,0.8936699,-0.0550386,0.006849088,-0.906773746,0.421562135,0.034182597,0.0,0.0,0.0,1.0]},"headPose":{"x":-1.46547425,"y":-0.06284973,"z":-0.192464918}},{"recID":69,"timestamp":0,"world2head":{"data":[0.9840642,0.0833309144,0.157078072,1.47891665,-0.177601054,0.417476118,0.8911632,-0.06292555,0.008685067,-0.904859,0.425623,0.03818652,0.0,0.0,0.0,1.0]},"headPose":{"x":-1.46685636,"y":-0.06241612,"z":-0.192481533}},{"recID":70,"timestamp":0,"world2head":{"data":[0.9836659,0.08477269,0.1587925,1.47930527,-0.179788932,0.419586182,0.8897322,-0.06632978,0.008797854,-0.903748333,0.4279738,0.0391727,0.0,0.0,0.0,1.0]},"headPose":{"x":-1.46741211,"y":-0.06217137,"z":-0.192651734}},{"recID":71,"timestamp":0,"world2head":{"data":[0.983442366,0.08560318,0.159728631,1.47965586,-0.18100372,0.420816064,0.888904631,-0.06823605,0.008876711,-0.9030979,0.4293428,0.0397733226,0.0,0.0,0.0,1.0]},"headPose":{"x":-1.46786022,"y":-0.0620292351,"z":-0.192764431}},{"recID":72,"timestamp":0,"world2head":{"data":[0.9833828,0.086016044,0.159873277,1.47992611,-0.181321189,0.421741068,0.888401449,-0.06869759,0.008991644,-0.90262717,0.4303295,0.0402636379,0.0,0.0,0.0,1.0]},"headPose":{"x":-1.46815228,"y":-0.06198175,"z":-0.192896247}},{"recID":73,"timestamp":0,"world2head":{"data":[0.9834185,0.08632198,0.1594883,1.48022556,-0.18111226,0.422422647,0.888120234,-0.06852864,0.009292796,-0.9022792,0.431052268,0.04094377,0.0,0.0,0.0,1.0]},"headPose":{"x":-1.46847308,"y":-0.06188521,"z":-0.192865923}},{"recID":74,"timestamp":0,"world2head":{"data":[0.9834653,0.08628209,0.159221053,1.480783,-0.180865929,0.423616052,0.887601852,-0.06816223,0.009135537,-0.901723266,0.432217181,0.04120407,0.0,0.0,0.0,1.0]},"headPose":{"x":-1.46900332,"y":-0.0617357567,"z":-0.193080008}},{"recID":75,"timestamp":0,"world2head":{"data":[0.9835579,0.0859449059,0.158831239,1.48089254,-0.180365726,0.423365474,0.887823164,-0.06745389,0.00906021148,-0.9018732,0.431905925,0.0412308276,0.0,0.0,0.0,1.0]},"headPose":{"x":-1.46908355,"y":-0.06153254,"z":-0.193132713}},{"recID":76,"timestamp":0,"world2head":{"data":[0.9836465,0.0860096738,0.1582461,1.48093724,-0.179865152,0.4233287,0.887942255,-0.06685215,0.00938151,-0.901884258,0.431875944,0.0416784845,0.0,0.0,0.0,1.0]},"headPose":{"x":-1.46913421,"y":-0.0614853241,"z":-0.1929916}},{"recID":77,"timestamp":0,"world2head":{"data":[0.9837851,0.08635786,0.157191515,1.48089826,-0.179063052,0.423270643,0.888132036,-0.0656956,0.0101625994,-0.9018783,0.431870818,0.0428454727,0.0,0.0,0.0,1.0]},"headPose":{"x":-1.46908486,"y":-0.0614387468,"z":-0.192942023}},{"recID":78,"timestamp":0,"world2head":{"data":[0.984028041,0.086435914,0.155620158,1.4809041,-0.177678913,0.4233325,0.8883805,-0.063787505,0.0109088942,-0.90184176,0.431928873,0.04413983,0.0,0.0,0.0,1.0]},"headPose":{"x":-1.46906638,"y":-0.0611928143,"z":-0.192856222}},{"recID":79,"timestamp":0,"world2head":{"data":[0.98442775,0.08771373,0.152342632,1.48064387,-0.175301269,0.425286055,0.8879197,-0.060474813,0.0130935311,-0.900798738,0.4340397,0.047810182,0.0,0.0,0.0,1.0]},"headPose":{"x":-1.46881425,"y":-0.06108632,"z":-0.19261992}},{"recID":80,"timestamp":0,"world2head":{"data":[0.9846263,0.08875343,0.15044561,1.48052478,-0.174049228,0.425717175,0.8879594,-0.058493197,0.0147621408,-0.9004931,0.434619784,0.0504495949,0.0,0.0,0.0,1.0]},"headPose":{"x":-1.46868908,"y":-0.0610705577,"z":-0.192725271}},{"recID":81,"timestamp":0,"world2head":{"data":[0.984740138,0.0893454552,0.149346232,1.48040867,-0.173312336,0.42553848,0.8881891,-0.0572925955,0.0158030912,-0.900519,0.434529483,0.0518835,0.0,0.0,0.0,1.0]},"headPose":{"x":-1.46856725,"y":-0.0611655042,"z":-0.1927517}},{"recID":82,"timestamp":0,"world2head":{"data":[0.9849423,0.08885274,0.14830327,1.48028409,-0.172151774,0.425228655,0.8885631,-0.05561158,0.0158884451,-0.9007141,0.434121847,0.0520019233,0.0,0.0,0.0,1.0]},"headPose":{"x":-1.46839416,"y":-0.061040774,"z":-0.192691773}},{"recID":83,"timestamp":0,"world2head":{"data":[0.985310256,0.08839391,0.146117091,1.48013616,-0.1699843,0.4254682,0.8888657,-0.05233662,0.0164021328,-0.9006461,0.434243739,0.052616328,0.0,0.0,0.0,1.0]},"headPose":{"x":-1.46815276,"y":-0.06117876,"z":-0.1926013}},{"recID":84,"timestamp":0,"world2head":{"data":[0.98556006,0.08839178,0.144423738,1.47990537,-0.168444782,0.424896479,0.8894321,-0.0498525947,0.01725334,-0.9009162,0.433650136,0.0537388921,0.0,0.0,0.0,1.0]},"headPose":{"x":-1.46786022,"y":-0.06121503,"z":-0.192696854}},{"recID":85,"timestamp":0,"world2head":{"data":[0.9859689,0.08855931,0.141501188,1.479434,-0.165854514,0.4236794,0.890498757,-0.04571189,0.01891081,-0.9014727,0.432422638,0.05592928,0.0,0.0,0.0,1.0]},"headPose":{"x":-1.46731508,"y":-0.0612317361,"z":-0.192820385}},{"recID":86,"timestamp":0,"world2head":{"data":[0.98621285,0.08854809,0.139797717,1.47915554,-0.164293826,0.422891319,0.891162455,-0.0435417742,0.0197914653,-0.901843846,0.431608737,0.0571735948,0.0,0.0,0.0,1.0]},"headPose":{"x":-1.46704745,"y":-0.06100126,"z":-0.192656413}},{"recID":87,"timestamp":0,"world2head":{"data":[0.9864434,0.08880536,0.13799648,1.47889364,-0.162793383,0.423585832,0.891107857,-0.0415237844,0.0206818245,-0.9014924,0.4323004,0.058693856,0.0,0.0,0.0,1.0]},"headPose":{"x":-1.46681857,"y":-0.06083276,"z":-0.192453325}},{"recID":88,"timestamp":0,"world2head":{"data":[0.986692965,0.08899128,0.136079,1.4786607,-0.161164373,0.4245327,0.8909535,-0.0391537547,0.021517083,-0.9010287,0.4332257,0.0601701252,0.0,0.0,0.0,1.0]},"headPose":{"x":-1.46658909,"y":-0.0607508235,"z":-0.192397743}},{"recID":89,"timestamp":0,"world2head":{"data":[0.987078667,0.0891557,0.133142486,1.47822678,-0.158629417,0.426326573,0.8905518,-0.0355424434,0.0226355679,-0.9001651,0.4349606,0.0624636672,0.0,0.0,0.0,1.0]},"headPose":{"x":-1.46617818,"y":-0.0604120232,"z":-0.192331642}},{"recID":90,"timestamp":0,"world2head":{"data":[0.9873093,0.08875917,0.131689757,1.478006,-0.157180786,0.4277053,0.8901475,-0.03380099,0.0226843283,-0.89955,0.436228633,0.06297086,0.0,0.0,0.0,1.0]},"headPose":{"x":-1.46599042,"y":-0.0600842535,"z":-0.192020059}},{"recID":91,"timestamp":0,"world2head":{"data":[0.9875463,0.08844666,0.1301133,1.47778642,-0.155672267,0.429644,0.8894787,-0.0318172127,0.0227689929,-0.898656368,0.438062072,0.06354201,0.0,0.0,0.0,1.0]},"headPose":{"x":-1.4657824,"y":-0.05993275,"z":-0.191814288}},{"recID":92,"timestamp":0,"world2head":{"data":[0.9877587,0.088051036,0.1287624,1.47754872,-0.1543535,0.432471275,0.8883376,-0.0300592035,0.0225329958,-0.897338152,0.440768242,0.06386788,0.0,0.0,0.0,1.0]},"headPose":{"x":-1.46554053,"y":-0.0597888567,"z":-0.191700935}},{"recID":93,"timestamp":0,"world2head":{"data":[0.988015056,0.08774648,0.1269913,1.47725475,-0.152690113,0.43498534,0.887397,-0.02793616,0.0226266049,-0.89615196,0.44317013,0.0646392554,0.0,0.0,0.0,1.0]},"headPose":{"x":-1.46527815,"y":-0.0595454872,"z":-0.191454217}},{"recID":94,"timestamp":0,"world2head":{"data":[0.98851,0.0872819349,0.123409361,1.47655177,-0.149479017,0.443202317,0.883870959,-0.02438122,0.0224506371,-0.8921623,0.451156735,0.06662224,0.0,0.0,0.0,1.0]},"headPose":{"x":-1.46472633,"y":-0.05863261,"z":-0.190727532}},{"recID":95,"timestamp":0,"world2head":{"data":[0.9887413,0.08766928,0.12126331,1.476109,-0.147854045,0.447728455,0.881860852,-0.0223194659,0.02301906,-0.889861465,0.4556499,0.0687935054,0.0,0.0,0.0,1.0]},"headPose":{"x":-1.46437347,"y":-0.0581996776,"z":-0.190660954}},{"recID":96,"timestamp":0,"world2head":{"data":[0.988888,0.08822221,0.119654953,1.4756285,-0.14676176,0.451055884,0.880346239,-0.0210386664,0.0236950219,-0.888124645,0.4589914,0.07080838,0.0,0.0,0.0,1.0]},"headPose":{"x":-1.46399689,"y":-0.0578069352,"z":-0.19054541}},{"recID":97,"timestamp":0,"world2head":{"data":[0.988978,0.08934173,0.11807017,1.47509086,-0.145969018,0.454693437,0.878605068,-0.0202339,0.0248103626,-0.886155665,0.462722957,0.07356264,0.0,0.0,0.0,1.0]},"headPose":{"x":-1.463611,"y":-0.0573989935,"z":-0.190425739}},{"recID":98,"timestamp":0,"world2head":{"data":[0.989206,0.0900300145,0.115611725,1.47461736,-0.144189253,0.457555175,0.8774125,-0.0179488361,0.0260947123,-0.884611666,0.4655977,0.07604994,0.0,0.0,0.0,1.0]},"headPose":{"x":-1.46327281,"y":-0.0572725572,"z":-0.190143183}},{"recID":99,"timestamp":0,"world2head":{"data":[0.9895051,0.09254203,0.1109757,1.47352052,-0.141407937,0.462189972,0.8754338,-0.0139234811,0.0297225527,-0.881939054,0.4704255,0.0827472359,0.0,0.0,0.0,1.0]},"headPose":{"x":-1.46248436,"y":-0.05694925,"z":-0.1902623}},{"recID":100,"timestamp":0,"world2head":{"data":[0.989600956,0.09338386,0.109404922,1.47299528,-0.1404389,0.46285212,0.8752399,-0.01260367,0.031094972,-0.8815029,0.471153617,0.08526087,0.0,0.0,0.0,1.0]},"headPose":{"x":-1.46209872,"y":-0.05656263,"z":-0.190292656}},{"recID":101,"timestamp":0,"world2head":{"data":[0.989727855,0.09420094,0.107540637,1.47239673,-0.139229432,0.464289367,0.8746717,-0.0109529793,0.0324649252,-0.8806597,0.4726357,0.08785106,0.0,0.0,0.0,1.0]},"headPose":{"x":-1.46164906,"y":-0.056248907,"z":-0.190283746}},{"recID":102,"timestamp":0,"world2head":{"data":[0.9899189,0.09503271,0.105020612,1.47163689,-0.1374156,0.464771926,0.8747023,-0.008540779,0.0343146771,-0.88031584,0.473145485,0.0910207,0.0,0.0,0.0,1.0]},"headPose":{"x":-1.46109819,"y":-0.0557571463,"z":-0.190147623}},{"recID":103,"timestamp":0,"world2head":{"data":[0.9900994,0.09618428,0.102233879,1.47085929,-0.135570809,0.466477215,0.8740821,-0.00608544052,0.03638319,-0.8792881,0.474898577,0.09458554,0.0,0.0,0.0,1.0]},"headPose":{"x":-1.46056318,"y":-0.0554668829,"z":-0.189971}},{"recID":104,"timestamp":0,"world2head":{"data":[0.990584433,0.0977363661,0.0958647,1.4693085,-0.130952522,0.47224766,0.8716844,2.039969E-05,0.03992338,-0.876030743,0.4806,0.101562649,0.0,0.0,0.0,1.0]},"headPose":{"x":-1.45952618,"y":-0.05464251,"z":-0.189683616}},{"recID":105,"timestamp":0,"world2head":{"data":[0.9908807,0.098468326,0.0919746,1.46824419,-0.127999008,0.4746632,0.870810568,0.004386753,0.0420902967,-0.8746421,0.482938468,0.105585843,0.0,0.0,0.0,1.0]},"headPose":{"x":-1.45873761,"y":-0.05430796,"z":-0.189852685}},{"recID":106,"timestamp":0,"world2head":{"data":[0.9911655,0.0996218,0.08755793,1.46710062,-0.124759689,0.476268232,0.870404363,0.008874521,0.04501018,-0.8736385,0.484489441,0.1104919,0.0,0.0,0.0,1.0]},"headPose":{"x":-1.45800567,"y":-0.0538518839,"z":-0.189712882}},{"recID":107,"timestamp":0,"world2head":{"data":[0.9914339,0.101125158,0.08265914,1.465807,-0.121327646,0.478754759,0.8695249,0.0136104971,0.0483573675,-0.8721053,0.486922979,0.116294473,0.0,0.0,0.0,1.0]},"headPose":{"x":-1.45722294,"y":-0.0533250049,"z":-0.189623475}},{"recID":108,"timestamp":0,"world2head":{"data":[0.9917534,0.1026136,0.0767827556,1.46430755,-0.1170627,0.4814319,0.868630946,0.0194582939,0.0521676578,-0.870456159,0.489473939,0.12281023,0.0,0.0,0.0,1.0]},"headPose":{"x":-1.45636094,"y":-0.0527247749,"z":-0.189448074}},{"recID":109,"timestamp":0,"world2head":{"data":[0.992426157,0.105978973,0.0621191263,1.460788,-0.106323816,0.487778842,0.866468132,0.03445965,0.0615270138,-0.866510332,0.495352566,0.1385755,0.0,0.0,0.0,1.0]},"headPose":{"x":-1.45458651,"y":-0.05154441,"z":-0.189244777}},{"recID":110,"timestamp":0,"world2head":{"data":[0.992710054,0.107915416,0.0536748,1.4586004,-0.100164264,0.490979135,0.865393937,0.0433082432,0.06703613,-0.8644616,0.498209238,0.147615761,0.0,0.0,0.0,1.0]},"headPose":{"x":-1.45352507,"y":-0.051060766,"z":-0.189312324}},{"recID":111,"timestamp":0,"world2head":{"data":[0.9929088,0.110033795,0.04499706,1.45622528,-0.0938835442,0.493604183,0.8646045,0.0521881878,0.0729249641,-0.86269784,0.5004343,0.156981587,0.0,0.0,0.0,1.0]},"headPose":{"x":-1.45244718,"y":-0.05056662,"z":-0.189206958}},{"recID":112,"timestamp":0,"world2head":{"data":[0.9929294,0.11294537,0.03653217,1.45373154,-0.0882217363,0.496211827,0.8637076,0.06013824,0.07942407,-0.8608236,0.502667546,0.167362988,0.0,0.0,0.0,1.0]},"headPose":{"x":-1.45144,"y":-0.0499635562,"z":-0.189177781}},{"recID":113,"timestamp":0,"world2head":{"data":[0.9928819,0.11563684,0.0285258759,1.4512471,-0.08300008,0.5000044,0.8620364,0.06726931,0.08542008,-0.858267963,0.5060432,0.177185282,0.0,0.0,0.0,1.0]},"headPose":{"x":-1.45046866,"y":-0.04938011,"z":-0.189050078}},{"recID":114,"timestamp":0,"world2head":{"data":[0.992864251,0.118815891,0.01016875,1.4453063,-0.06936308,0.5060426,0.859714866,0.08641064,0.09700197,-0.8542855,0.510673,0.1962345,0.0,0.0,0.0,1.0]},"headPose":{"x":-1.44803429,"y":-0.04781252,"z":-0.189197138}},{"recID":115,"timestamp":0,"world2head":{"data":[0.9926628,0.120914124,0.000576470047,1.44236672,-0.06253063,0.509262443,0.8583366,0.0959648639,0.10349144,-0.8520749,0.5130867,0.2066248,0.0,0.0,0.0,1.0]},"headPose":{"x":-1.447167,"y":-0.04721399,"z":-0.189218074}},{"recID":116,"timestamp":0,"world2head":{"data":[0.99241364,0.122709259,-0.00759333372,1.43979812,-0.0567914434,0.512328148,0.856909931,0.103786759,0.109041058,-0.8499778,0.5154103,0.215642035,0.0,0.0,0.0,1.0]},"headPose":{"x":-1.44649482,"y":-0.04655848,"z":-0.18914713}},{"recID":117,"timestamp":0,"world2head":{"data":[0.9922676,0.123446554,-0.0128795877,1.43806028,-0.0531940721,0.516728044,0.8544955,0.108458996,0.112139769,-0.847203135,0.51929915,0.221521825,0.0,0.0,0.0,1.0]},"headPose":{"x":-1.44601274,"y":-0.045893427,"z":-0.189192176}},{"recID":118,"timestamp":0,"world2head":{"data":[0.992337763,0.1226355,-0.0150423385,1.43695641,-0.05151018,0.521291852,0.8518225,0.110721759,0.11230512,-0.8445208,0.5236146,0.223112434,0.0,0.0,0.0,1.0]},"headPose":{"x":-1.44529951,"y":-0.04551715,"z":-0.189525038}},{"recID":119,"timestamp":0,"world2head":{"data":[0.992436,0.121392384,-0.0182941183,1.435577,-0.04829772,0.523088932,0.8509086,0.115187906,0.112863265,-0.843588769,0.5249952,0.22467725,0.0,0.0,0.0,1.0]},"headPose":{"x":-1.44451284,"y":-0.044986438,"z":-0.189706236}},{"recID":120,"timestamp":0,"world2head":{"data":[0.992640555,0.118622765,-0.0243598223,1.43332458,-0.0423081331,0.528192043,0.8480704,0.122870572,0.113467112,-0.8407984,0.5293235,0.227209836,0.0,0.0,0.0,1.0]},"headPose":{"x":-1.44335842,"y":-0.04388654,"z":-0.189554855}},{"recID":121,"timestamp":0,"world2head":{"data":[0.9929158,0.116274931,-0.024461709,1.43306923,-0.04137648,0.531340361,0.8461475,0.124155588,0.111383222,-0.8391411,0.532387257,0.225137308,0.0,0.0,0.0,1.0]},"headPose":{"x":-1.44285643,"y":-0.04367695,"z":-0.189858854}},{"recID":122,"timestamp":0,"world2head":{"data":[0.993160367,0.113991618,-0.0252664573,1.43257129,-0.03956586,0.532173634,0.8457103,0.126890242,0.109850019,-0.8389262,0.533044,0.2233074,0.0,0.0,0.0,1.0]},"headPose":{"x":-1.4422828,"y":-0.0434903465,"z":-0.190149024}},{"recID":123,"timestamp":0,"world2head":{"data":[0.9933431,0.112223521,-0.0259876922,1.431922,-0.03803669,0.5324923,0.845579743,0.129037052,0.108732186,-0.8389623,0.5332161,0.221873373,0.0,0.0,0.0,1.0]},"headPose":{"x":-1.4416064,"y":-0.04326314,"z":-0.190205246}},{"recID":124,"timestamp":0,"world2head":{"data":[0.993484259,0.110419825,-0.02822258,1.4305619,-0.03526722,0.533331156,0.845171034,0.133015186,0.108375624,-0.838668764,0.5337503,0.221782133,0.0,0.0,0.0,1.0]},"headPose":{"x":-1.44058549,"y":-0.04290181,"z":-0.190422714}},{"recID":125,"timestamp":0,"world2head":{"data":[0.9935207,0.109764442,-0.0294701084,1.42998052,-0.03383088,0.5331746,0.8453285,0.13522321,0.108499728,-0.8388544,0.5334334,0.2220259,0.0,0.0,0.0,1.0]},"headPose":{"x":-1.44023013,"y":-0.0428111777,"z":-0.190602377}},{"recID":126,"timestamp":0,"world2head":{"data":[0.9935415,0.109242126,-0.0306844972,1.42939961,-0.032498613,0.533047557,0.845461,0.137225464,0.108716235,-0.8390033,0.5331551,0.222376317,0.0,0.0,0.0,1.0]},"headPose":{"x":-1.43988407,"y":-0.0427238867,"z":-0.190719426}},{"recID":127,"timestamp":0,"world2head":{"data":[0.993503451,0.109433576,-0.0312270522,1.4290061,-0.03207885,0.532574356,0.845775068,0.137969092,0.109186918,-0.839278758,0.53262496,0.222869024,0.0,0.0,0.0,1.0]},"headPose":{"x":-1.4396311,"y":-0.0428108,"z":-0.190772772}},{"recID":128,"timestamp":0,"world2head":{"data":[0.9935075,0.109197512,-0.0319170542,1.42861092,-0.0312920362,0.5320226,0.846151769,0.139168963,0.109378263,-0.8396594,0.5319854,0.223049045,0.0,0.0,0.0,1.0]},"headPose":{"x":-1.43937755,"y":-0.0427565575,"z":-0.19081986}},{"recID":129,"timestamp":0,"world2head":{"data":[0.9934011,0.109316245,-0.03470136,1.42750692,-0.02873817,0.5301578,0.8474118,0.143366247,0.111033067,-0.840822637,0.5298009,0.224806949,0.0,0.0,0.0,1.0]},"headPose":{"x":-1.438928,"y":-0.0430336781,"z":-0.191056773}},{"recID":130,"timestamp":0,"world2head":{"data":[0.9932641,0.110414147,-0.035145428,1.42725158,-0.0285923816,0.527480245,0.8490861,0.14414975,0.112289622,-0.842361867,0.5270842,0.225980759,0.0,0.0,0.0,1.0]},"headPose":{"x":-1.43889141,"y":-0.0432673432,"z":-0.191345036}},{"recID":131,"timestamp":0,"world2head":{"data":[0.9931864,0.110950857,-0.0356465466,1.42697906,-0.0282139815,0.5257123,0.850194454,0.14492847,0.113069624,-0.8433958,0.5252607,0.226607308,0.0,0.0,0.0,1.0]},"headPose":{"x":-1.43878961,"y":-0.0433955826,"z":-0.191378415}},{"recID":132,"timestamp":0,"world2head":{"data":[0.9930946,0.111704804,-0.0358481854,1.42676628,-0.0282642767,0.524385035,0.8510122,0.1449084,0.113860384,-0.84412235,0.523921251,0.227491856,0.0,0.0,0.0,1.0]},"headPose":{"x":-1.43872046,"y":-0.0433335,"z":-0.191359609}},{"recID":133,"timestamp":0,"world2head":{"data":[0.9929933,0.112412363,-0.0364382081,1.42655516,-0.02800962,0.5234629,0.851588,0.145189539,0.114803061,-0.844600558,0.522943735,0.228553548,0.0,0.0,0.0,1.0]},"headPose":{"x":-1.43873179,"y":-0.0433273241,"z":-0.1911812}},{"recID":134,"timestamp":0,"world2head":{"data":[0.992874444,0.113577142,-0.0360639542,1.4265871,-0.0289250724,0.5232866,0.851665735,0.1440882,0.11560154,-0.844553947,0.5228431,0.229490668,0.0,0.0,0.0,1.0]},"headPose":{"x":-1.43878353,"y":-0.0436098464,"z":-0.191254228}},{"recID":135,"timestamp":0,"world2head":{"data":[0.99276346,0.11484246,-0.03509876,1.42685056,-0.0301824622,0.521522164,0.85270375,0.142660081,0.116231382,-0.8454737,0.521214366,0.229918867,0.0,0.0,0.0,1.0]},"headPose":{"x":-1.438943,"y":-0.0438730456,"z":-0.1914031}},{"recID":136,"timestamp":0,"world2head":{"data":[0.992679656,0.115636252,-0.03486251,1.426878,-0.0307752863,0.5213015,0.852817535,0.142110318,0.116790496,-0.845501661,0.521044135,0.230308592,0.0,0.0,0.0,1.0]},"headPose":{"x":-1.4389571,"y":-0.0443548448,"z":-0.191450536}},{"recID":137,"timestamp":0,"world2head":{"data":[0.99263674,0.116191782,-0.0342303738,1.4271667,-0.0312815681,0.5189076,0.854257762,0.141903937,0.117020138,-0.8468968,0.518721461,0.230269924,0.0,0.0,0.0,1.0]},"headPose":{"x":-1.43916547,"y":-0.04444521,"z":-0.191816032}},{"recID":138,"timestamp":0,"world2head":{"data":[0.992551863,0.117180772,-0.0333086923,1.42734933,-0.0322383419,0.5163247,0.855785966,0.140759334,0.117479749,-0.8483381,0.51625675,0.230386913,0.0,0.0,0.0,1.0]},"headPose":{"x":-1.43924618,"y":-0.0444894247,"z":-0.1918555}},{"recID":139,"timestamp":0,"world2head":{"data":[0.9922427,0.120397195,-0.03096664,1.42766106,-0.0355098955,0.513211131,0.8575275,0.136254057,0.119136333,-0.8497758,0.5135052,0.23196058,0.0,0.0,0.0,1.0]},"headPose":{"x":-1.43938291,"y":-0.0446990058,"z":-0.191744715}},{"recID":140,"timestamp":0,"world2head":{"data":[0.9920567,0.122142017,-0.0300792232,1.4277246,-0.0370229371,0.512041032,0.8581627,0.1342093,0.120219521,-0.8502324,0.5124958,0.233148813,0.0,0.0,0.0,1.0]},"headPose":{"x":-1.439444,"y":-0.0448751152,"z":-0.191716373}},{"recID":141,"timestamp":0,"world2head":{"data":[0.9917535,0.124940544,-0.0285441764,1.42767525,-0.03970622,0.51131,0.858478546,0.130574167,0.121853709,-0.850265741,0.512054443,0.235220551,0.0,0.0,0.0,1.0]},"headPose":{"x":-1.43937993,"y":-0.0451384261,"z":-0.191789031}},{"recID":142,"timestamp":0,"world2head":{"data":[0.991375268,0.128087148,-0.0277265944,1.427347,-0.04211927,0.51174736,0.858103,0.126508534,0.124100968,-0.8495342,0.5127287,0.238428771,0.0,0.0,0.0,1.0]},"headPose":{"x":-1.4392972,"y":-0.0450118259,"z":-0.191231132}},{"recID":143,"timestamp":0,"world2head":{"data":[0.991048157,0.1307377,-0.0270404443,1.4271518,-0.0445355773,0.5146904,0.8562186,0.122260764,0.125857532,-0.847349644,0.5159055,0.241515562,0.0,0.0,0.0,1.0]},"headPose":{"x":-1.43932772,"y":-0.0448608771,"z":-0.190690309}},{"recID":144,"timestamp":0,"world2head":{"data":[0.9905981,0.134405553,-0.0255067721,1.427331,-0.04924854,0.5243013,0.850107551,0.114672542,0.127632409,-0.8408587,0.5259911,0.245978072,0.0,0.0,0.0,1.0]},"headPose":{"x":-1.43965852,"y":-0.0451313555,"z":-0.190459654}},{"recID":145,"timestamp":0,"world2head":{"data":[0.9905805,0.134853661,-0.0237656124,1.42782748,-0.0514033,0.527078867,0.848260343,0.112435594,0.126917362,-0.839048564,0.529046,0.245702088,0.0,0.0,0.0,1.0]},"headPose":{"x":-1.43978238,"y":-0.0456542559,"z":-0.191429168}},{"recID":146,"timestamp":0,"world2head":{"data":[0.9905317,0.135476083,-0.0222080313,1.42810726,-0.05292546,0.5260998,0.8487744,0.110865213,0.126672253,-0.8395626,0.5282887,0.245506659,0.0,0.0,0.0,1.0]},"headPose":{"x":-1.43981683,"y":-0.04568237,"z":-0.1920825}},{"recID":147,"timestamp":0,"world2head":{"data":[0.9905909,0.1351588,-0.0214902535,1.42833531,-0.0527442619,0.5219327,0.851354361,0.1105433,0.12628451,-0.8422104,0.5241506,0.244681418,0.0,0.0,0.0,1.0]},"headPose":{"x":-1.43996489,"y":-0.0446750335,"z":-0.191666156}},{"recID":148,"timestamp":0,"world2head":{"data":[0.9906865,0.13426885,-0.0226319879,1.428471,-0.0518333353,0.525578737,0.8491645,0.110117488,0.125911221,-0.840082645,0.5276434,0