[{"recID":0,"timestamp":0,"world2head":{"data":[0.9592213,-0.01498197,-0.282258868,0.192972809,0.2275826,0.6331645,0.7398033,-0.09656212,0.16763258,-0.773872256,0.6107545,-0.163774312,0.0,0.0,0.0,1.0]},"headPose":{"x":-0.135673851,"y":-0.0627095848,"z":0.225931153}},{"recID":1,"timestamp":0,"world2head":{"data":[0.959993,-0.009397604,-0.279866278,0.193591684,0.223641843,0.6271841,0.746072769,-0.100859746,0.1685164,-0.778814435,0.604194045,-0.1620723,0.0,0.0,0.0,1.0]},"headPose":{"x":-0.135978371,"y":-0.0611473061,"z":0.227351591}},{"recID":2,"timestamp":0,"world2head":{"data":[0.959993,-0.009397604,-0.279866278,0.193591684,0.223641843,0.6271841,0.746072769,-0.100859746,0.1685164,-0.778814435,0.604194045,-0.1620723,0.0,0.0,0.0,1.0]},"headPose":{"x":-0.135978371,"y":-0.0611473061,"z":0.227351591}},{"recID":3,"timestamp":0,"world2head":{"data":[0.959993,-0.009397604,-0.279866278,0.193591684,0.223641843,0.6271841,0.746072769,-0.100859746,0.1685164,-0.778814435,0.604194045,-0.1620723,0.0,0.0,0.0,1.0]},"headPose":{"x":-0.135978371,"y":-0.0611473061,"z":0.227351591}},{"recID":4,"timestamp":0,"world2head":{"data":[0.959993,-0.009397604,-0.279866278,0.193591684,0.223641843,0.6271841,0.746072769,-0.100859746,0.1685164,-0.778814435,0.604194045,-0.1620723,0.0,0.0,0.0,1.0]},"headPose":{"x":-0.135978371,"y":-0.0611473061,"z":0.227351591}},{"recID":5,"timestamp":0,"world2head":{"data":[0.959993,-0.009397604,-0.279866278,0.193591684,0.223641843,0.6271841,0.746072769,-0.100859746,0.1685164,-0.778814435,0.604194045,-0.1620723,0.0,0.0,0.0,1.0]},"headPose":{"x":-0.135978371,"y":-0.0611473061,"z":0.227351591}},{"recID":6,"timestamp":0,"world2head":{"data":[0.959993,-0.009397604,-0.279866278,0.193591684,0.223641843,0.6271841,0.746072769,-0.100859746,0.1685164,-0.778814435,0.604194045,-0.1620723,0.0,0.0,0.0,1.0]},"headPose":{"x":-0.135978371,"y":-0.0611473061,"z":0.227351591}},{"recID":7,"timestamp":0,"world2head":{"data":[0.959993,-0.009397604,-0.279866278,0.193591684,0.223641843,0.6271841,0.746072769,-0.100859746,0.1685164,-0.778814435,0.604194045,-0.1620723,0.0,0.0,0.0,1.0]},"headPose":{"x":-0.135978371,"y":-0.0611473061,"z":0.227351591}},{"recID":8,"timestamp":0,"world2head":{"data":[0.959993,-0.009397604,-0.279866278,0.193591684,0.223641843,0.6271841,0.746072769,-0.100859746,0.1685164,-0.778814435,0.604194045,-0.1620723,0.0,0.0,0.0,1.0]},"headPose":{"x":-0.135978371,"y":-0.0611473061,"z":0.227351591}},{"recID":9,"timestamp":0,"world2head":{"data":[0.959993,-0.009397604,-0.279866278,0.193591684,0.223641843,0.6271841,0.746072769,-0.100859746,0.1685164,-0.778814435,0.604194045,-0.1620723,0.0,0.0,0.0,1.0]},"headPose":{"x":-0.135978371,"y":-0.0611473061,"z":0.227351591}},{"recID":10,"timestamp":0,"world2head":{"data":[0.959993,-0.009397604,-0.279866278,0.193591684,0.223641843,0.6271841,0.746072769,-0.100859746,0.1685164,-0.778814435,0.604194045,-0.1620723,0.0,0.0,0.0,1.0]},"headPose":{"x":-0.135978371,"y":-0.0611473061,"z":0.227351591}},{"recID":11,"timestamp":0,"world2head":{"data":[0.959993,-0.009397604,-0.279866278,0.193591684,0.223641843,0.6271841,0.746072769,-0.100859746,0.1685164,-0.778814435,0.604194045,-0.1620723,0.0,0.0,0.0,1.0]},"headPose":{"x":-0.135978371,"y":-0.0611473061,"z":0.227351591}},{"recID":12,"timestamp":0,"world2head":{"data":[0.959993,-0.009397604,-0.279866278,0.193591684,0.223641843,0.6271841,0.746072769,-0.100859746,0.1685164,-0.778814435,0.604194045,-0.1620723,0.0,0.0,0.0,1.0]},"headPose":{"x":-0.135978371,"y":-0.0611473061,"z":0.227351591}},{"recID":13,"timestamp":0,"world2head":{"data":[0.959993,-0.009397604,-0.279866278,0.193591684,0.223641843,0.6271841,0.746072769,-0.100859746,0.1685164,-0.778814435,0.604194045,-0.1620723,0.0,0.0,0.0,1.0]},"headPose":{"x":-0.135978371,"y":-0.0611473061,"z":0.227351591}},{"recID":14,"timestamp":0,"world2head":{"data":[0.9599447,-0.00958509,-0.280025423,0.193630919,0.223953515,0.6268375,0.7462705,-0.100909323,0.16837734,-0.77909106,0.603875935,-0.162199557,0.0,0.0,0.0,1.0]},"headPose":{"x":-0.135965243,"y":-0.0612585023,"z":0.227475643}},{"recID":15,"timestamp":0,"world2head":{"data":[0.9594717,-0.010372147,-0.281614155,0.1940265,0.226318151,0.6237993,0.7481007,-0.1011242,0.167911321,-0.7815158,0.6008652,-0.163184181,0.0,0.0,0.0,1.0]},"headPose":{"x":-0.135876223,"y":-0.0624373332,"z":0.228343368}},{"recID":16,"timestamp":0,"world2head":{"data":[0.959370732,-0.0102789029,-0.2819612,0.194256812,0.226931065,0.621944249,0.749458253,-0.101574652,0.167660564,-0.7829941,0.5990077,-0.163374171,0.0,0.0,0.0,1.0]},"headPose":{"x":-0.135922447,"y":-0.0627505,"z":0.228761226}},{"recID":17,"timestamp":0,"world2head":{"data":[0.9593339,-0.0101771429,-0.282090247,0.194394022,0.227075458,0.621457,0.7498186,-0.101693764,0.167675972,-0.783382237,0.5984957,-0.163467929,0.0,0.0,0.0,1.0]},"headPose":{"x":-0.135986969,"y":-0.06288118,"z":0.2289234}},{"recID":18,"timestamp":0,"world2head":{"data":[0.9593472,-0.0103566125,-0.2820385,0.194575831,0.2273567,0.6204523,0.7505652,-0.101931795,0.167218149,-0.7841759,0.59758383,-0.163545609,0.0,0.0,0.0,1.0]},"headPose":{"x":-0.136143118,"y":-0.06298957,"z":0.2291165}},{"recID":19,"timestamp":0,"world2head":{"data":[0.9592971,-0.0103580132,-0.282208681,0.194704354,0.227574646,0.620058656,0.7508242,-0.10204713,0.16720891,-0.784487,0.597177744,-0.1636256,0.0,0.0,0.0,1.0]},"headPose":{"x":-0.13619633,"y":-0.06307019,"z":0.229280278}},{"recID":20,"timestamp":0,"world2head":{"data":[0.9591591,-0.0105930492,-0.2826687,0.1949709,0.228103429,0.619923949,0.750775,-0.102159709,0.167280123,-0.784590364,0.597022057,-0.163727611,0.0,0.0,0.0,1.0]},"headPose":{"x":-0.136316776,"y":-0.0630625039,"z":0.229560122}},{"recID":21,"timestamp":0,"world2head":{"data":[0.9590902,-0.010479331,-0.282906651,0.195130646,0.228172585,0.6201552,0.750563,-0.102170356,0.167580649,-0.784409165,0.597175837,-0.163691849,0.0,0.0,0.0,1.0]},"headPose":{"x":-0.136403829,"y":-0.06299508,"z":0.229641885}},{"recID":22,"timestamp":0,"world2head":{"data":[0.958821058,-0.0103124157,-0.28382358,0.195542216,0.228733629,0.6204212,0.7501724,-0.102146223,0.168354049,-0.784201,0.5972316,-0.163666964,0.0,0.0,0.0,1.0]},"headPose":{"x":-0.13657172,"y":-0.06295762,"z":0.229873836}},{"recID":23,"timestamp":0,"world2head":{"data":[0.958851457,-0.0100527331,-0.2837302,0.1956495,0.228494376,0.6204746,0.750201046,-0.10212452,0.168505788,-0.7841621,0.5972399,-0.163777992,0.0,0.0,0.0,1.0]},"headPose":{"x":-0.1366664,"y":-0.063096,"z":0.229940355}},{"recID":24,"timestamp":0,"world2head":{"data":[0.958621,-0.009975754,-0.284510583,0.195984468,0.22933805,0.6191783,0.751014233,-0.102369949,0.168670833,-0.7851871,0.5958451,-0.163678333,0.0,0.0,0.0,1.0]},"headPose":{"x":-0.136789739,"y":-0.0631777644,"z":0.230167866}},{"recID":25,"timestamp":0,"world2head":{"data":[0.9583584,-0.010123767,-0.285388559,0.196231455,0.230199188,0.6187817,0.7510778,-0.102202438,0.16898948,-0.7854979,0.5953451,-0.163645074,0.0,0.0,0.0,1.0]},"headPose":{"x":-0.136878878,"y":-0.06331527,"z":0.230189443}},{"recID":26,"timestamp":0,"world2head":{"data":[0.9578625,-0.009825982,-0.287059,0.196919829,0.231626123,0.61742,0.751759231,-0.102130987,0.169849217,-0.7865724,0.5936794,-0.16356881,0.0,0.0,0.0,1.0]},"headPose":{"x":-0.1371839,"y":-0.0636660457,"z":0.23041293}},{"recID":27,"timestamp":0,"world2head":{"data":[0.957982063,-0.00913813,-0.286682427,0.1970087,0.231347859,0.6154509,0.7534576,-0.102260262,0.169553787,-0.788122237,0.5917051,-0.1635091,0.0,0.0,0.0,1.0]},"headPose":{"x":-0.137349531,"y":-0.0641287044,"z":0.230276853}},{"recID":28,"timestamp":0,"world2head":{"data":[0.957992256,-0.008745551,-0.286660731,0.197187409,0.232143834,0.6105701,0.75717473,-0.102746725,0.168404549,-0.791914,0.5869516,-0.163423717,0.0,0.0,0.0,1.0]},"headPose":{"x":-0.1375307,"y":-0.06495896,"z":0.23024489}},{"recID":29,"timestamp":0,"world2head":{"data":[0.9578286,-0.008831143,-0.287204474,0.1974079,0.233402088,0.6068974,0.7597362,-0.102930233,0.167594329,-0.79473114,0.5833649,-0.163168937,0.0,0.0,0.0,1.0]},"headPose":{"x":-0.137712613,"y":-0.06546401,"z":0.230083272}},{"recID":30,"timestamp":0,"world2head":{"data":[0.9576989,-0.00939025,-0.287619054,0.197724313,0.236220554,0.596478641,0.767080963,-0.103920951,0.164355561,-0.8025741,0.5734651,-0.162568584,0.0,0.0,0.0,1.0]},"headPose":{"x":-0.138093039,"y":-0.06663001,"z":0.229812443}},{"recID":31,"timestamp":0,"world2head":{"data":[0.957751334,-0.0103081167,-0.287412852,0.197731346,0.237551942,0.5916812,0.7703782,-0.104501367,0.162115633,-0.80610615,0.569132149,-0.162469238,0.0,0.0,0.0,1.0]},"headPose":{"x":-0.138214156,"y":-0.06709772,"z":0.229802549}},{"recID":32,"timestamp":0,"world2head":{"data":[0.957841039,-0.0120902881,-0.2870441,0.197632357,0.23998946,0.5829311,0.776270866,-0.105166994,0.15794161,-0.8124317,0.5612569,-0.162641466,0.0,0.0,0.0,1.0]},"headPose":{"x":-0.138373569,"y":-0.06844052,"z":0.229650915}},{"recID":33,"timestamp":0,"world2head":{"data":[0.958104849,-0.0129475817,-0.286124885,0.197476774,0.24064669,0.57812,0.77965796,-0.10565123,0.155319825,-0.815849066,0.557015359,-0.162659034,0.0,0.0,0.0,1.0]},"headPose":{"x":-0.138514668,"y":-0.0690692961,"z":0.2294784}},{"recID":34,"timestamp":0,"world2head":{"data":[0.958296061,-0.0153719038,-0.2853636,0.197146893,0.24291946,0.569787,0.785068631,-0.107010886,0.150528476,-0.8216486,0.5497588,-0.162761331,0.0,0.0,0.0,1.0]},"headPose":{"x":-0.138429835,"y":-0.06972867,"z":0.229748935}},{"recID":35,"timestamp":0,"world2head":{"data":[0.9581311,-0.01660622,-0.2858479,0.1971132,0.244136989,0.568995535,0.7852651,-0.107008547,0.149605915,-0.822173,0.5492265,-0.1631882,0.0,0.0,0.0,1.0]},"headPose":{"x":-0.138321638,"y":-0.0700082257,"z":0.230001748}},{"recID":36,"timestamp":0,"world2head":{"data":[0.958300769,-0.01744017,-0.285228848,0.196913376,0.24481371,0.564948,0.787972152,-0.106979,0.147397146,-0.8249423,0.5456597,-0.163662374,0.0,0.0,0.0,1.0]},"headPose":{"x":-0.138388962,"y":-0.07114022,"z":0.229765788}},{"recID":37,"timestamp":0,"world2head":{"data":[0.9585137,-0.0175401047,-0.2845063,0.1966587,0.244590521,0.5631658,0.789316,-0.107337818,0.1463795,-0.826157749,0.544092238,-0.16369994,0.0,0.0,0.0,1.0]},"headPose":{"x":-0.138283938,"y":-0.07134358,"z":0.229741961}},{"recID":38,"timestamp":0,"world2head":{"data":[0.9585379,-0.0174621865,-0.2844296,0.19622831,0.244528919,0.5629184,0.789511561,-0.108069971,0.146324083,-0.826328039,0.543848634,-0.16401425,0.0,0.0,0.0,1.0]},"headPose":{"x":-0.1376668,"y":-0.07126842,"z":0.23033455}},{"recID":39,"timestamp":0,"world2head":{"data":[0.9581549,-0.0163836256,-0.2857808,0.1963678,0.244696975,0.5649265,0.78802377,-0.107293054,0.148534462,-0.82497853,0.5452962,-0.164242223,0.0,0.0,0.0,1.0]},"headPose":{"x":-0.137500882,"y":-0.0716664046,"z":0.23022826}},{"recID":40,"timestamp":0,"world2head":{"data":[0.957612455,-0.0146692321,-0.287686,0.19656077,0.245401025,0.5645523,0.788073063,-0.107005551,0.150853366,-0.825266957,0.544222236,-0.16410242,0.0,0.0,0.0,1.0]},"headPose":{"x":-0.137214363,"y":-0.07213468,"z":0.230184108}},{"recID":41,"timestamp":0,"world2head":{"data":[0.957226,-0.01345773,-0.289028168,0.196754247,0.245817855,0.564718,0.787824452,-0.10692358,0.1526171,-0.8251743,0.543870866,-0.163995609,0.0,0.0,0.0,1.0]},"headPose":{"x":-0.137026027,"y":-0.07229541,"z":0.23029694}},{"recID":42,"timestamp":0,"world2head":{"data":[0.956440449,-0.0115929246,-0.291697264,0.197152227,0.247060418,0.5644191,0.7876498,-0.106406763,0.155508354,-0.825406969,0.5426974,-0.163950309,0.0,0.0,0.0,1.0]},"headPose":{"x":-0.136779815,"y":-0.0729821548,"z":0.230295449}},{"recID":43,"timestamp":0,"world2head":{"data":[0.9560683,-0.0102435723,-0.292965055,0.197448164,0.247606337,0.563199162,0.7883513,-0.106226541,0.156922132,-0.8262577,0.5409932,-0.163521588,0.0,0.0,0.0,1.0]},"headPose":{"x":-0.136811391,"y":-0.0732616857,"z":0.2300533}},{"recID":44,"timestamp":0,"world2head":{"data":[0.955792367,-0.00829529,-0.293925464,0.197658256,0.247812718,0.5607708,0.7900159,-0.106699571,0.158271432,-0.827929556,0.5380361,-0.16282545,0.0,0.0,0.0,1.0]},"headPose":{"x":-0.136708125,"y":-0.07333437,"z":0.2299971}},{"recID":45,"timestamp":0,"world2head":{"data":[0.9557245,-0.007796921,-0.294159621,0.1976805,0.247829556,0.5602963,0.790347159,-0.106957167,0.158654273,-0.8282556,0.5374212,-0.162650183,0.0,0.0,0.0,1.0]},"headPose":{"x":-0.136615813,"y":-0.07324691,"z":0.230094552}},{"recID":46,"timestamp":0,"world2head":{"data":[0.955752254,-0.00668942928,-0.294096678,0.197579846,0.247191846,0.5602521,0.7905782,-0.10722217,0.159479767,-0.8282952,0.5371158,-0.1625906,0.0,0.0,0.0,1.0]},"headPose":{"x":-0.136403039,"y":-0.0732798651,"z":0.230205029}},{"recID":47,"timestamp":0,"world2head":{"data":[0.955990732,-0.005502127,-0.293345332,0.197344,0.24575606,0.561169267,0.7903753,-0.107282981,0.160267666,-0.8276828,0.53782475,-0.162600234,0.0,0.0,0.0,1.0]},"headPose":{"x":-0.136234045,"y":-0.07329171,"z":0.230134189}},{"recID":48,"timestamp":0,"world2head":{"data":[0.9561287,-0.00443609059,-0.2929134,0.196991265,0.244679362,0.561924338,0.7901728,-0.107413173,0.1610899,-0.8271768,0.5383574,-0.162636712,0.0,0.0,0.0,1.0]},"headPose":{"x":-0.135868073,"y":-0.07329735,"z":0.230133027}},{"recID":49,"timestamp":0,"world2head":{"data":[0.9561128,-0.00378268212,-0.292974472,0.196850657,0.24420163,0.5628278,0.789677441,-0.107442468,0.161907092,-0.826565564,0.539050639,-0.162625268,0.0,0.0,0.0,1.0]},"headPose":{"x":-0.135643616,"y":-0.0732042,"z":0.230180338}},{"recID":50,"timestamp":0,"world2head":{"data":[0.9561151,-0.00254709274,-0.292980254,0.196593612,0.243264914,0.56422627,0.7889683,-0.107072338,0.163297608,-0.82561636,0.540084839,-0.162691623,0.0,0.0,0.0,1.0]},"headPose":{"x":-0.135352015,"y":-0.0734070837,"z":0.229942}},{"recID":51,"timestamp":0,"world2head":{"data":[0.956186235,-0.00192806125,-0.2927528,0.196345568,0.242883369,0.563517749,0.789591968,-0.107303992,0.163449019,-0.8261017,0.5392962,-0.162561163,0.0,0.0,0.0,1.0]},"headPose":{"x":-0.1351101,"y":-0.07344578,"z":0.229875684}},{"recID":52,"timestamp":0,"world2head":{"data":[0.9562787,-0.0007114336,-0.29245618,0.195928618,0.241719782,0.564837337,0.7890059,-0.107468627,0.164628863,-0.825202,0.5403139,-0.162711188,0.0,0.0,0.0,1.0]},"headPose":{"x":-0.1345981,"y":-0.0734278858,"z":0.230009019}},{"recID":53,"timestamp":0,"world2head":{"data":[0.9562325,-0.000509806,-0.292607456,0.195733473,0.241613448,0.565448761,0.788600445,-0.10728769,0.165052533,-0.8247833,0.5408237,-0.162759319,0.0,0.0,0.0,1.0]},"headPose":{"x":-0.134380743,"y":-0.0734756738,"z":0.2299043}},{"recID":54,"timestamp":0,"world2head":{"data":[0.956063,-0.00031901896,-0.2931613,0.195520386,0.241813466,0.56621325,0.787990451,-0.107317805,0.16574046,-0.8242588,0.5414127,-0.162748,0.0,0.0,0.0,1.0]},"headPose":{"x":-0.13400498,"y":-0.07331931,"z":0.2299982}},{"recID":55,"timestamp":0,"world2head":{"data":[0.956219137,-8.30888748E-05,-0.292651534,0.195360824,0.241048321,0.567293,0.787448049,-0.10715694,0.16595374,-0.823516,0.5424764,-0.163030878,0.0,0.0,0.0,1.0]},"headPose":{"x":-0.133922189,"y":-0.07345293,"z":0.229993582}},{"recID":56,"timestamp":0,"world2head":{"data":[0.956924,-0.0007877499,-0.290337324,0.19442153,0.239356518,0.568138242,0.7873547,-0.107257955,0.164331526,-0.8229327,0.54385376,-0.163317263,0.0,0.0,0.0,1.0]},"headPose":{"x":-0.133535579,"y":-0.07330862,"z":0.229718566}},{"recID":57,"timestamp":0,"world2head":{"data":[0.9568534,-0.0014558807,-0.290567577,0.194130152,0.239860654,0.5683822,0.787025154,-0.107227057,0.164007619,-0.8227634,0.544207633,-0.163437754,0.0,0.0,0.0,1.0]},"headPose":{"x":-0.1332295,"y":-0.07324202,"z":0.229742378}},{"recID":58,"timestamp":0,"world2head":{"data":[0.9569665,-0.00157481432,-0.290194035,0.1935832,0.2395475,0.5687369,0.7868644,-0.107358657,0.163804919,-0.8225181,0.5446394,-0.163533077,0.0,0.0,0.0,1.0]},"headPose":{"x":-0.13274765,"y":-0.07314523,"z":0.2297199}},{"recID":59,"timestamp":0,"world2head":{"data":[0.9570599,-0.00130388886,-0.289887249,0.1933154,0.239014387,0.5694059,0.7865425,-0.1073499,0.164037958,-0.8220555,0.5452672,-0.163495347,0.0,0.0,0.0,1.0]},"headPose":{"x":-0.132536814,"y":-0.07302452,"z":0.229623571}},{"recID":60,"timestamp":0,"world2head":{"data":[0.957170069,-0.00162125379,-0.289521754,0.192643374,0.238652408,0.570583,0.785799,-0.107149377,0.1639222,-0.8212384,0.546531856,-0.163847938,0.0,0.0,0.0,1.0]},"headPose":{"x":-0.131962687,"y":-0.0731082857,"z":0.22952044}},{"recID":61,"timestamp":0,"world2head":{"data":[0.956989765,-0.00149146467,-0.2901178,0.1924255,0.239103913,0.570417762,0.785781741,-0.10702689,0.164316416,-0.821353436,0.5462406,-0.163790926,0.0,0.0,0.0,1.0]},"headPose":{"x":-0.131645158,"y":-0.0731932,"z":0.229395077}},{"recID":62,"timestamp":0,"world2head":{"data":[0.956826,-0.0021244362,-0.290653676,0.192045107,0.239939451,0.5701679,0.7857084,-0.107013032,0.164052188,-0.821525455,0.546061158,-0.163880974,0.0,0.0,0.0,1.0]},"headPose":{"x":-0.131192073,"y":-0.07320902,"z":0.229388669}},{"recID":63,"timestamp":0,"world2head":{"data":[0.956573844,-0.00283774734,-0.29147625,0.191924721,0.240978748,0.5702954,0.7852976,-0.106826037,0.163999066,-0.8214347,0.5462135,-0.164033279,0.0,0.0,0.0,1.0]},"headPose":{"x":-0.130946055,"y":-0.0732756,"z":0.229428947}},{"recID":64,"timestamp":0,"world2head":{"data":[0.9564847,-0.003353089,-0.291763216,0.191554248,0.241579041,0.5698768,0.7854171,-0.1066302,0.163635522,-0.821723342,0.5458884,-0.16415596,0.0,0.0,0.0,1.0]},"headPose":{"x":-0.130597338,"y":-0.07348242,"z":0.229248524}},{"recID":65,"timestamp":0,"world2head":{"data":[0.9565129,-0.00356504321,-0.291668177,0.191321522,0.241548643,0.570218444,0.7851785,-0.106836982,0.163515374,-0.82148546,0.5462824,-0.164411917,0.0,0.0,0.0,1.0]},"headPose":{"x":-0.13031131,"y":-0.0734595,"z":0.22950381}},{"recID":66,"timestamp":0,"world2head":{"data":[0.956658959,-0.00411502272,-0.291181564,0.190887034,0.2415075,0.569925666,0.785403669,-0.106657624,0.162719935,-0.82168597,0.546218336,-0.164595723,0.0,0.0,0.0,1.0]},"headPose":{"x":-0.130072176,"y":-0.07367359,"z":0.229257256}},{"recID":67,"timestamp":0,"world2head":{"data":[0.956715465,-0.00478360057,-0.290985674,0.1906576,0.24189648,0.5689872,0.7859643,-0.107015193,0.161807388,-0.822332561,0.545515954,-0.164534479,0.0,0.0,0.0,1.0]},"headPose":{"x":-0.129895583,"y":-0.0734997541,"z":0.2293449}},{"recID":68,"timestamp":0,"world2head":{"data":[0.9566632,-0.005190231,-0.291150451,0.190328568,0.241965413,0.570450246,0.7848817,-0.106999233,0.162013128,-0.821315765,0.5469846,-0.164957032,0.0,0.0,0.0,1.0]},"headPose":{"x":-0.129465029,"y":-0.0734562352,"z":0.229624927}},{"recID":69,"timestamp":0,"world2head":{"data":[0.9567578,-0.005153328,-0.29084006,0.190122083,0.2414771,0.571532,0.7842449,-0.106972769,0.162182957,-0.8205637,0.5480621,-0.165212423,0.0,0.0,0.0,1.0]},"headPose":{"x":-0.129274681,"y":-0.0734492,"z":0.229734629}},{"recID":70,"timestamp":0,"world2head":{"data":[0.956832,-0.005643226,-0.29058674,0.189756,0.241474926,0.571850538,0.7840134,-0.106647342,0.161747813,-0.8203385,0.5485276,-0.165479124,0.0,0.0,0.0,1.0]},"headPose":{"x":-0.129046082,"y":-0.07369171,"z":0.229523361}},{"recID":71,"timestamp":0,"world2head":{"data":[0.9567567,-0.00585389137,-0.290830433,0.189638078,0.241853431,0.5715287,0.7841314,-0.106734574,0.161627725,-0.8205613,0.5482297,-0.165494934,0.0,0.0,0.0,1.0]},"headPose":{"x":-0.128874809,"y":-0.0736867338,"z":0.229575634}},{"recID":72,"timestamp":0,"world2head":{"data":[0.9566582,-0.006437987,-0.291142017,0.189491376,0.242417246,0.5715866,0.783915,-0.106850758,0.161366045,-0.8205165,0.5483737,-0.165524319,0.0,0.0,0.0,1.0]},"headPose":{"x":-0.128666013,"y":-0.07352103,"z":0.229699969}},{"recID":73,"timestamp":0,"world2head":{"data":[0.9564446,-0.006717652,-0.29183647,0.189462692,0.243003011,0.572278857,0.7832282,-0.106653079,0.161750376,-0.8200316,0.5489855,-0.165678918,0.0,0.0,0.0,1.0]},"headPose":{"x":-0.128494933,"y":-0.07355389,"z":0.229781136}},{"recID":74,"timestamp":0,"world2head":{"data":[0.9562229,-0.0065010637,-0.292567134,0.189479038,0.243495986,0.5722114,0.783124447,-0.10663259,0.162319109,-0.8200804,0.5487447,-0.165634722,0.0,0.0,0.0,1.0]},"headPose":{"x":-0.128333911,"y":-0.07358558,"z":0.229833066}},{"recID":75,"timestamp":0,"world2head":{"data":[0.956184447,-0.00623993576,-0.292698383,0.189472049,0.243448868,0.572269559,0.7830966,-0.10665457,0.16261591,-0.820041955,0.54871434,-0.165567949,0.0,0.0,0.0,1.0]},"headPose":{"x":-0.12828131,"y":-0.07355519,"z":0.229828492}},{"recID":76,"timestamp":0,"world2head":{"data":[0.956054,-0.00595872849,-0.293130159,0.189398438,0.243632019,0.572351933,0.782979369,-0.106601328,0.163108081,-0.819986463,0.5486511,-0.165693879,0.0,0.0,0.0,1.0]},"headPose":{"x":-0.128077626,"y":-0.0737246946,"z":0.229893163}},{"recID":77,"timestamp":0,"world2head":{"data":[0.955965757,-0.00586290658,-0.2934197,0.189388663,0.243832871,0.5722704,0.782976449,-0.106615044,0.163324893,-0.820044,0.5485005,-0.1656467,0.0,0.0,0.0,1.0]},"headPose":{"x":-0.12799859,"y":-0.0737146,"z":0.229904726}},{"recID":78,"timestamp":0,"world2head":{"data":[0.9557046,-0.005638361,-0.2942734,0.189421684,0.24452287,0.5717013,0.783177,-0.106566221,0.163820654,-0.820442438,0.547756255,-0.1656161,0.0,0.0,0.0,1.0]},"headPose":{"x":-0.127841964,"y":-0.07388641,"z":0.22991924}},{"recID":79,"timestamp":0,"world2head":{"data":[0.955577135,-0.005457364,-0.294690549,0.189501017,0.244853258,0.571263433,0.783393264,-0.106867939,0.164070681,-0.8207487,0.5472225,-0.165470153,0.0,0.0,0.0,1.0]},"headPose":{"x":-0.127767071,"y":-0.07372549,"z":0.230112776}},{"recID":80,"timestamp":0,"world2head":{"data":[0.9553896,-0.005063154,-0.295305043,0.189471185,0.2450093,0.571922064,0.7828637,-0.106874637,0.164927691,-0.8202923,0.5476489,-0.165611655,0.0,0.0,0.0,1.0]},"headPose":{"x":-0.127519563,"y":-0.07376669,"z":0.230317116}},{"recID":81,"timestamp":0,"world2head":{"data":[0.955164731,-0.00494556129,-0.296033531,0.189593226,0.245469466,0.572281063,0.7824572,-0.106835879,0.165544689,-0.82004267,0.547836661,-0.165552542,0.0,0.0,0.0,1.0]},"headPose":{"x":-0.127461478,"y":-0.07368235,"z":0.230416179}},{"recID":82,"timestamp":0,"world2head":{"data":[0.954807937,-0.005239412,-0.297177255,0.189868122,0.246491268,0.572655857,0.7818614,-0.106631257,0.166083783,-0.819779158,0.5480678,-0.16576086,0.0,0.0,0.0,1.0]},"headPose":{"x":-0.127473727,"y":-0.07382949,"z":0.23064357}},{"recID":83,"timestamp":0,"world2head":{"data":[0.955012441,-0.00504104048,-0.296522915,0.189793557,0.245902449,0.5723808,0.7822482,-0.106651716,0.1657807,-0.819972456,0.5478704,-0.165790975,0.0,0.0,0.0,1.0]},"headPose":{"x":-0.127544343,"y":-0.07394189,"z":0.230538219}},{"recID":84,"timestamp":0,"world2head":{"data":[0.9553184,-0.004865229,-0.295538723,0.189516366,0.245088622,0.571941257,0.782824934,-0.10728953,0.165222168,-0.820280254,0.547578454,-0.165849239,0.0,0.0,0.0,1.0]},"headPose":{"x":-0.127351046,"y":-0.07375747,"z":0.230813771}},{"recID":85,"timestamp":0,"world2head":{"data":[0.9551646,-0.00468567,-0.296038151,0.1895856,0.2453363,0.572255,0.782518,-0.107028231,0.1657427,-0.8200624,0.547747254,-0.165867209,0.0,0.0,0.0,1.0]},"headPose":{"x":-0.127336264,"y":-0.07388569,"z":0.230729386}},{"recID":86,"timestamp":0,"world2head":{"data":[0.9549575,-0.004214458,-0.2967128,0.189888254,0.245629519,0.5722634,0.7824198,-0.107013963,0.16650039,-0.820059061,0.5475224,-0.165731609,0.0,0.0,0.0,1.0]},"headPose":{"x":-0.127455041,"y":-0.0738692358,"z":0.230813876}},{"recID":87,"timestamp":0,"world2head":{"data":[0.955053747,-0.00392026454,-0.296406835,0.189922988,0.24516052,0.5725458,0.782360256,-0.107133031,0.166639417,-0.8198634,0.5477731,-0.165684909,0.0,0.0,0.0,1.0]},"headPose":{"x":-0.127512231,"y":-0.0737558454,"z":0.230868846}},{"recID":88,"timestamp":0,"world2head":{"data":[0.955203235,-0.0027884692,-0.295937449,0.190028638,0.244039625,0.573118567,0.782291353,-0.107242681,0.167425841,-0.8194677,0.5481252,-0.165651336,0.0,0.0,0.0,1.0]},"headPose":{"x":-0.127610192,"y":-0.07375326,"z":0.230929285}},{"recID":89,"timestamp":0,"world2head":{"data":[0.955287337,-0.0017439872,-0.2956739,0.190126926,0.243180156,0.5734669,0.782303751,-0.107287377,0.16819489,-0.8192269,0.5482497,-0.165606067,0.0,0.0,0.0,1.0]},"headPose":{"x":-0.127681583,"y":-0.07381162,"z":0.230940372}},{"recID":90,"timestamp":0,"world2head":{"data":[0.955521166,-0.000813365,-0.294921428,0.190354526,0.241998225,0.5737372,0.782472134,-0.107609034,0.168571,-0.8190391,0.5484149,-0.165506512,0.0,0.0,0.0,1.0]},"headPose":{"x":-0.127946988,"y":-0.07366217,"z":0.2311069}},{"recID":91,"timestamp":0,"world2head":{"data":[0.955611169,-0.0007369593,-0.294629753,0.190497518,0.241648674,0.574071646,0.782334745,-0.107620873,0.168562055,-0.8188047,0.5487674,-0.165628269,0.0,0.0,0.0,1.0]},"headPose":{"x":-0.128116488,"y":-0.0736947358,"z":0.231213182}},{"recID":92,"timestamp":0,"world2head":{"data":[0.956232965,-0.000440478325,-0.292606056,0.190502584,0.239911363,0.5736698,0.7831638,-0.107887372,0.167514309,-0.819086552,0.548667669,-0.165567279,0.0,0.0,0.0,1.0]},"headPose":{"x":-0.128546566,"y":-0.07363829,"z":0.2310771}},{"recID":93,"timestamp":0,"world2head":{"data":[0.956561267,-0.000534683466,-0.291530877,0.19042182,0.2390681,0.573740363,0.78337,-0.108220443,0.166844159,-0.8190372,0.5489456,-0.1656635,0.0,0.0,0.0,1.0]},"headPose":{"x":-0.1286381,"y":-0.073492296,"z":0.2312307}},{"recID":94,"timestamp":0,"world2head":{"data":[0.9571506,-0.0008660704,-0.289589345,0.190156519,0.23762174,0.573930144,0.783670962,-0.108544268,0.165525347,-0.818903863,0.5495434,-0.165793121,0.0,0.0,0.0,1.0]},"headPose":{"x":-0.128772989,"y":-0.0733071044,"z":0.231240779}},{"recID":95,"timestamp":0,"world2head":{"data":[0.9573672,-0.00113285333,-0.288871527,0.190040886,0.237102091,0.5743201,0.783542633,-0.108666159,0.1650171,-0.8186301,0.550103843,-0.165844873,0.0,0.0,0.0,1.0]},"headPose":{"x":-0.12880671,"y":-0.07314115,"z":0.23127386}},{"recID":96,"timestamp":0,"world2head":{"data":[0.9576841,-0.00185868144,-0.2878155,0.189720482,0.236157119,0.576711059,0.7820705,-0.1085064,0.164532781,-0.816946149,0.552745938,-0.1663386,0.0,0.0,0.0,1.0]},"headPose":{"x":-0.128699571,"y":-0.0729602054,"z":0.2314071}},{"recID":97,"timestamp":0,"world2head":{"data":[0.957655251,-0.0018594265,-0.287911355,0.18968156,0.236330062,0.5762428,0.782363355,-0.108131461,0.164452121,-0.817276537,0.5522814,-0.166203678,0.0,0.0,0.0,1.0]},"headPose":{"x":-0.128762275,"y":-0.0731717,"z":0.231000751}},{"recID":98,"timestamp":0,"world2head":{"data":[0.957501054,-0.00190829486,-0.288423479,0.189629778,0.236699969,0.5766171,0.7819756,-0.1084131,0.164817691,-0.8170123,0.5525632,-0.165931389,0.0,0.0,0.0,1.0]},"headPose":{"x":-0.128560916,"y":-0.07269325,"z":0.231157646}},{"recID":99,"timestamp":0,"world2head":{"data":[0.9571917,-0.00139822811,-0.2894513,0.189777285,0.237034619,0.577715039,0.7810634,-0.107956894,0.166128263,-0.8162374,0.5533155,-0.16586414,0.0,0.0,0.0,1.0]},"headPose":{"x":-0.128509,"y":-0.07275083,"z":0.231027633}},{"recID":100,"timestamp":0,"world2head":{"data":[0.95686543,-0.0005917549,-0.2905308,0.189793348,0.237498388,0.577574432,0.7810265,-0.107828088,0.167340979,-0.8163378,0.5528016,-0.165336773,0.0,0.0,0.0,1.0]},"headPose":{"x":-0.128330082,"y":-0.0725796148,"z":0.2307558}},{"recID":101,"timestamp":0,"world2head":{"data":[0.9567116,0.0004247129,-0.291037381,0.189857766,0.23734203,0.577614,0.7810448,-0.108044356,0.168438986,-0.81631,0.5525092,-0.164877653,0.0,0.0,0.0,1.0]},"headPose":{"x":-0.128223836,"y":-0.07226396,"z":0.2307396}},{"recID":102,"timestamp":0,"world2head":{"data":[0.956401765,0.001600936,-0.292049825,0.189883024,0.23726815,0.5788169,0.780176163,-0.107989594,0.170292392,-0.815456033,0.5532016,-0.164482757,0.0,0.0,0.0,1.0]},"headPose":{"x":-0.127971813,"y":-0.0719262362,"z":0.230698347}},{"recID":103,"timestamp":0,"world2head":{"data":[0.9562876,0.00208867341,-0.2924202,0.189800084,0.237128973,0.5796341,0.7796115,-0.107831545,0.171125069,-0.814874232,0.553801656,-0.164451659,0.0,0.0,0.0,1.0]},"headPose":{"x":-0.127791688,"y":-0.0719009861,"z":0.2306417}},{"recID":104,"timestamp":0,"world2head":{"data":[0.955912352,0.00340496,-0.293632478,0.189717412,0.237202778,0.5805079,0.778938651,-0.107831329,0.17310825,-0.8142475,0.554107,-0.164108083,0.0,0.0,0.0,1.0]},"headPose":{"x":-0.127366871,"y":-0.0716736242,"z":0.230634615}},{"recID":105,"timestamp":0,"world2head":{"data":[0.955586731,0.00378409028,-0.294685781,0.189824983,0.237603143,0.5816656,0.7779525,-0.10773664,0.174352422,-0.8134193,0.5549328,-0.16402182,0.0,0.0,0.0,1.0]},"headPose":{"x":-0.12719807,"y":-0.07147015,"z":0.230773762}},{"recID":106,"timestamp":0,"world2head":{"data":[0.955093741,0.00487988442,-0.296263576,0.189915121,0.238033056,0.582801759,0.776969969,-0.107486121,0.176454455,-0.8125997,0.555468738,-0.16381368,0.0,0.0,0.0,1.0]},"headPose":{"x":-0.126895845,"y":-0.0713986158,"z":0.23077181}},{"recID":107,"timestamp":0,"world2head":{"data":[0.9549999,0.00532371551,-0.2965583,0.189816654,0.237962246,0.5830946,0.7767719,-0.107553281,0.177056849,-0.812386751,0.5555885,-0.163762808,0.0,0.0,0.0,1.0]},"headPose":{"x":-0.126685947,"y":-0.07133553,"z":0.2308208}},{"recID":108,"timestamp":0,"world2head":{"data":[0.95427084,0.0061006695,-0.298881263,0.1899018,0.23914282,0.58434993,0.775464952,-0.107763283,0.179382086,-0.8114789,0.556169152,-0.1636934,0.0,0.0,0.0,1.0]},"headPose":{"x":-0.12608327,"y":-0.07102078,"z":0.231365949}},{"recID":109,"timestamp":0,"world2head":{"data":[0.9536681,0.00682451576,-0.300783157,0.190160349,0.240031958,0.5854847,0.774333537,-0.107802287,0.1813884,-0.8106548,0.55672,-0.1636716,0.0,0.0,0.0,1.0]},"headPose":{"x":-0.125785753,"y":-0.07086232,"z":0.231791168}},{"recID":110,"timestamp":0,"world2head":{"data":[0.9533015,0.0113907382,-0.3018054,0.190252841,0.237316161,0.5898373,0.771863341,-0.108080283,0.186808169,-0.807441831,0.559589565,-0.163813919,0.0,0.0,0.0,1.0]},"headPose":{"x":-0.125117347,"y":-0.07068755,"z":0.2325111}},{"recID":111,"timestamp":0,"world2head":{"data":[0.953490138,0.015349403,-0.301033229,0.190313458,0.233559117,0.593700469,0.770045459,-0.108064808,0.190543324,-0.80453974,0.5625025,-0.163891539,0.0,0.0,0.0,1.0]},"headPose":{"x":-0.12499404,"y":-0.07062032,"z":0.232694879}},{"recID":112,"timestamp":0,"world2head":{"data":[0.9535723,0.0207697153,-0.300447166,0.190530226,0.229066566,0.597651362,0.7683368,-0.1080855,0.1955208,-0.8014871,0.565146148,-0.163613,0.0,0.0,0.0,1.0]},"headPose":{"x":-0.124935828,"y":-0.07049353,"z":0.232755572}},{"recID":113,"timestamp":0,"world2head":{"data":[0.953588367,0.02214475,-0.300297916,0.190663233,0.227779478,0.599221468,0.767496,-0.108329281,0.196940973,-0.800277,0.5663665,-0.16357854,0.0,0.0,0.0,1.0]},"headPose":{"x":-0.124923728,"y":-0.0702171,"z":0.233043492}},{"recID":114,"timestamp":0,"world2head":{"data":[0.9537358,0.0230987668,-0.299757361,0.190858126,0.226099879,0.6020545,0.7657737,-0.107728966,0.198158711,-0.7981209,0.5689783,-0.163796574,0.0,0.0,0.0,1.0]},"headPose":{"x":-0.125213012,"y":-0.07027934,"z":0.2329038}},{"recID":115,"timestamp":0,"world2head":{"data":[0.9543757,0.0231920481,-0.297706634,0.190371439,0.224869132,0.6001493,0.7676294,-0.108487748,0.196471334,-0.799551845,0.5675527,-0.16349043,0.0,0.0,0.0,1.0]},"headPose":{"x":-0.125169143,"y":-0.07002532,"z":0.232742608}},{"recID":116,"timestamp":0,"world2head":{"data":[0.954595745,0.0234282762,-0.296981633,0.190369517,0.222687483,0.606071353,0.7636019,-0.109223142,0.197881937,-0.795065165,0.573335946,-0.164294749,0.0,0.0,0.0,1.0]},"headPose":{"x":-0.124892347,"y":-0.06888804,"z":0.234135315}},{"recID":117,"timestamp":0,"world2head":{"data":[0.955061734,0.0231194645,-0.295503974,0.190112382,0.220815331,0.609565735,0.761360765,-0.107462808,0.197731361,-0.792398334,0.5770678,-0.164723679,0.0,0.0,0.0,1.0]},"headPose":{"x":-0.125268579,"y":-0.06941642,"z":0.23305364}},{"recID":118,"timestamp":0,"world2head":{"data":[0.9554218,0.0219903663,-0.294424236,0.189876229,0.22144413,0.6061851,0.7638731,-0.108873859,0.195273429,-0.7950195,0.5742928,-0.164193645,0.0,0.0,0.0,1.0]},"headPose":{"x":-0.125239745,"y":-0.0687149,"z":0.233365223}},{"recID":119,"timestamp":0,"world2head":{"data":[0.9552622,0.0213813186,-0.2949864,0.19006899,0.221727252,0.6082902,0.762115538,-0.108355887,0.195732385,-0.7934267,0.5763358,-0.164294243,0.0,0.0,0.0,1.0]},"headPose":{"x":-0.125382572,"y":-0.06850754,"z":0.233336121}},{"recID":120,"timestamp":0,"world2head":{"data":[0.956052661,0.0192997828,-0.2925591,0.189816535,0.222051948,0.6039276,0.765483,-0.108335473,0.191458166,-0.7968054,0.573101044,-0.1639167,0.0,0.0,0.0,1.0]},"headPose":{"x":-0.1260353,"y":-0.06884635,"z":0.232402384}},{"recID":121,"timestamp":0,"world2head":{"data":[0.9564887,0.01815319,-0.2912041,0.189540654,0.22182408,0.6031022,0.7661995,-0.108926326,0.189534783,-0.7974573,0.572833657,-0.163786486,0.0,0.0,0.0,1.0]},"headPose":{"x":-0.126087755,"y":-0.06835979,"z":0.232476741}},{"recID":122,"timestamp":0,"world2head":{"data":[0.957016647,0.0158374831,-0.2896002,0.1889718,0.221780688,0.603494763,0.7659031,-0.109291434,0.18690218,-0.79720974,0.5740421,-0.164025426,0.0,0.0,0.0,1.0]},"headPose":{"x":-0.125953734,"y":-0.0677987039,"z":0.232590377}},{"recID":123,"timestamp":0,"world2head":{"data":[0.9569366,0.0153786838,-0.289889365,0.189061582,0.222154751,0.604014158,0.765385032,-0.108648472,0.186867923,-0.7968253,0.5745868,-0.1639588,0.0,0.0,0.0,1.0]},"headPose":{"x":-0.126144543,"y":-0.06792882,"z":0.232173413}},{"recID":124,"timestamp":0,"world2head":{"data":[0.957094967,0.0142546594,-0.289423674,0.189143822,0.222358227,0.604325,0.765080452,-0.108504593,0.185811922,-0.796610355,0.5752268,-0.163750127,0.0,0.0,0.0,1.0]},"headPose":{"x":-0.126474977,"y":-0.0675691962,"z":0.231950909}},{"recID":125,"timestamp":0,"world2head":{"data":[0.9573516,0.0140484124,-0.2885837,0.189098433,0.221699551,0.604782164,0.7649104,-0.108492695,0.185276061,-0.7962671,0.5758747,-0.1637584,0.0,0.0,0.0,1.0]},"headPose":{"x":-0.126640409,"y":-0.06743749,"z":0.231862187}},{"recID":126,"timestamp":0,"world2head":{"data":[0.9582224,0.013139762,-0.285722166,0.188707054,0.2198241,0.6052815,0.7650567,-0.108668931,0.182994992,-0.7959031,0.5771059,-0.16381532,0.0,0.0,0.0,1.0]},"headPose":{"x":-0.126957908,"y":-0.0670853853,"z":0.231594443}},{"recID":127,"timestamp":0,"world2head":{"data":[0.9586016,0.0122910738,-0.2844854,0.188422084,0.219326973,0.605286837,0.765195131,-0.1085926,0.181600347,-0.7959126,0.5775331,-0.164022043,0.0,0.0,0.0,1.0]},"headPose":{"x":-0.127017975,"y":-0.06713344,"z":0.231426}},{"recID":128,"timestamp":0,"world2head":{"data":[0.9590612,0.0106832087,-0.28299734,0.187967151,0.219069824,0.6052921,0.7652646,-0.109067954,0.179471523,-0.795931756,0.5781718,-0.164049387,0.0,0.0,0.0,1.0]},"headPose":{"x":-0.1269363,"y":-0.06656223,"z":0.231508762}},{"recID":129,"timestamp":0,"world2head":{"data":[0.9591315,0.0105487108,-0.282764137,0.187823415,0.2186936,0.6064811,0.764430344,-0.108694836,0.179554865,-0.7950279,0.579388142,-0.164225161,0.0,0.0,0.0,1.0]},"headPose":{"x":-0.12688905,"y":-0.06662352,"z":0.231349468}},{"recID":130,"timestamp":0,"world2head":{"data":[0.958933651,0.0105201825,-0.283435285,0.187829182,0.219029129,0.607434034,0.7635772,-0.108132213,0.180201218,-0.794300437,0.5801847,-0.164197519,0.0,0.0,0.0,1.0]},"headPose":{"x":-0.126843035,"y":-0.0667149648,"z":0.2310696}},{"recID":131,"timestamp":0,"world2head":{"data":[0.9587796,0.010570392,-0.283954263,0.1879448,0.219198734,0.6083764,0.7627779,-0.107742339,0.180813938,-0.793578267,0.5809818,-0.1642478,0.0,0.0,0.0,1.0]},"headPose":{"x":-0.126882359,"y":-0.06678224,"z":0.2309762}},{"recID":132,"timestamp":0,"world2head":{"data":[0.958466768,0.0105795637,-0.285008,0.1881454,0.220073462,0.608193755,0.762671649,-0.107259482,0.181408837,-0.793718159,0.5806052,-0.163918629,0.0,0.0,0.0,1.0]},"headPose":{"x":-0.126989856,"y":-0.06686112,"z":0.2305987}},{"recID":133,"timestamp":0,"world2head":{"data":[0.958477139,0.0113432556,-0.28494367,0.188156471,0.219730139,0.607528567,0.7633005,-0.107496135,0.1817697,-0.7942168,0.5798098,-0.16359812,0.0,0.0,0.0,1.0]},"headPose":{"x":-0.126986355,"y":-0.0667597055,"z":0.230521649}},{"recID":134,"timestamp":0,"world2head":{"data":[0.958434165,0.0120082572,-0.285060942,0.188196152,0.219593644,0.6068455,0.763883,-0.10740602,0.182160869,-0.7947291,0.578984559,-0.163175464,0.0,0.0,0.0,1.0]},"headPose":{"x":-0.127063751,"y":-0.06676134,"z":0.230169058}},{"recID":135,"timestamp":0,"world2head":{"data":[0.9584288,0.0120493546,-0.2850773,0.188172966,0.219685644,0.606396735,0.764212847,-0.107431419,0.182078227,-0.795071,0.57854104,-0.163099572,0.0,0.0,0.0,1.0]},"headPose":{"x":-0.127052367,"y":-0.0667970255,"z":0.230104089}},{"recID":136,"timestamp":0,"world2head":{"data":[0.9581389,0.0117234364,-0.2860637,0.188369319,0.220695019,0.606249332,0.7640389,-0.107110426,0.18238309,-0.7951882,0.578283668,-0.162698179,0.0,0.0,0.0,1.0]},"headPose":{"x":-0.127171829,"y":-0.06664841,"z":0.229807884}},{"recID":137,"timestamp":0,"world2head":{"data":[0.9582934,0.012046434,-0.2855323,0.188346565,0.220100969,0.606174946,0.764269233,-0.106998309,0.182289243,-0.795240045,0.578242064,-0.162616163,0.0,0.0,0.0,1.0]},"headPose":{"x":-0.127297655,"y":-0.06672809,"z":0.229586035}},{"recID":138,"timestamp":0,"world2head":{"data":[0.95855695,0.011398986,-0.284672916,0.1881356,0.219923735,0.605592966,0.764781535,-0.107088856,0.181113675,-0.795693,0.577988446,-0.162352353,0.0,0.0,0.0,1.0]},"headPose":{"x":-0.127383083,"y":-0.06647491,"z":0.229294449}},{"recID":139,"timestamp":0,"world2head":{"data":[0.9585268,0.0110911652,-0.284786642,0.188132912,0.220202267,0.6055516,0.7647341,-0.107114084,0.1809348,-0.795728743,0.5779951,-0.1621953,0.0,0.0,0.0,1.0]},"headPose":{"x":-0.127396882,"y":-0.0662869662,"z":0.229239613}},{"recID":140,"timestamp":0,"world2head":{"data":[0.9584566,0.0104638264,-0.2850464,0.188177466,0.220721364,0.605779231,0.7644041,-0.106853858,0.180673778,-0.795564,0.578303456,-0.161957979,0.0,0.0,0.0,1.0]},"headPose":{"x":-0.127513453,"y":-0.066087164,"z":0.2289797}},{"recID":141,"timestamp":0,"world2head":{"data":[0.9584759,0.0102773607,-0.284988284,0.188125938,0.220700428,0.6061436,0.7641213,-0.106856175,0.180596977,-0.7952889,0.5787058,-0.161906973,0.0,0.0,0.0,1.0]},"headPose":{"x":-0.127491072,"y":-0.06592607,"z":0.228961259}},{"recID":142,"timestamp":0,"world2head":{"data":[0.9583551,0.0103851631,-0.2853903,0.188190252,0.220608711,0.6076777,0.7629283,-0.106401637,0.181348473,-0.794115841,0.580080032,-0.161824286,0.0,0.0,0.0,1.0]},"headPose":{"x":-0.127533376,"y":-0.0658037,"z":0.228755519}},{"recID":143,"timestamp":0,"world2head":{"data":[0.95830375,0.0106094405,-0.285554469,0.188213259,0.220485866,0.608215749,0.7625351,-0.106240004,0.18176882,-0.793700933,0.5805162,-0.161692739,0.0,0.0,0.0,1.0]},"headPose":{"x":-0.127550364,"y":-0.06571568,"z":0.228622079}},{"recID":144,"timestamp":0,"world2head":{"data":[0.9580126,0.0105817094,-0.286530763,0.188322455,0.221207768,0.608525157,0.762078941,-0.106027529,0.182425275,-0.793464,0.580634,-0.161596611,0.0,0.0,0.0,1.0]},"headPose":{"x":-0.127481878,"y":-0.06569346,"z":0.228590012}},{"recID":145,"timestamp":0,"world2head":{"data":[0.9577584,0.0102135316,-0.287392557,0.188507453,0.222126484,0.6084429,0.761877358,-0.105851039,0.182643414,-0.793531954,0.5804726,-0.161603838,0.0,0.0,0.0,1.0]},"headPose":{"x":-0.1275164,"y":-0.06575884,"z":0.228627741}},{"recID":146,"timestamp":0,"world2head":{"data":[0.957673967,0.0105278268,-0.287662625,0.18871963,0.222318679,0.607747734,0.762376,-0.105661713,0.1828525,-0.7940604,0.579683661,-0.161445439,0.0,0.0,0.0,1.0]},"headPose":{"x":-0.127720609,"y":-0.06596857,"z":0.2284288}},{"recID":147,"timestamp":0,"world2head":{"data":[0.957656741,0.0105626956,-0.287718534,0.188772172,0.222509652,0.6070233,0.762897253,-0.105911031,0.182710111,-0.794613838,0.578969657,-0.161370233,0.0,0.0,0.0,1.0]},"headPose":{"x":-0.127728745,"y":-0.06593051,"z":0.228540957}},{"recID":148,"timestamp":0,"world2head":{"data":[0.957