[{"recID":0,"timestamp":0,"world2head":{"data":[0.8974674,0.04293288,-0.43898645,0.0006084889,0.128027231,0.9270488,0.352405339,0.018084256,0.422091633,-0.372474521,0.8264995,0.01262716,0.0,0.0,0.0,1.0]},"headPose":{"x":-0.008191195,"y":-0.0120878182,"z":-0.0165422112}},{"recID":1,"timestamp":0,"world2head":{"data":[0.89323175,0.0455652773,-0.447281569,0.00252134865,0.130879954,0.9254124,0.355643541,0.01846503,0.4301249,-0.376212329,0.82064414,0.013235244,0.0,0.0,0.0,1.0]},"headPose":{"x":-0.0103616593,"y":-0.01222339,"z":-0.016300641}},{"recID":2,"timestamp":0,"world2head":{"data":[0.89323175,0.0455652773,-0.447281569,0.00252134865,0.130879954,0.9254124,0.355643541,0.01846503,0.4301249,-0.376212329,0.82064414,0.013235244,0.0,0.0,0.0,1.0]},"headPose":{"x":-0.0103616593,"y":-0.01222339,"z":-0.016300641}},{"recID":3,"timestamp":0,"world2head":{"data":[0.89323175,0.0455652773,-0.447281569,0.00252134865,0.130879954,0.9254124,0.355643541,0.01846503,0.4301249,-0.376212329,0.82064414,0.013235244,0.0,0.0,0.0,1.0]},"headPose":{"x":-0.0103616593,"y":-0.01222339,"z":-0.016300641}},{"recID":4,"timestamp":0,"world2head":{"data":[0.89323175,0.0455652773,-0.447281569,0.00252134865,0.130879954,0.9254124,0.355643541,0.01846503,0.4301249,-0.376212329,0.82064414,0.013235244,0.0,0.0,0.0,1.0]},"headPose":{"x":-0.0103616593,"y":-0.01222339,"z":-0.016300641}},{"recID":5,"timestamp":0,"world2head":{"data":[0.89323175,0.0455652773,-0.447281569,0.00252134865,0.130879954,0.9254124,0.355643541,0.01846503,0.4301249,-0.376212329,0.82064414,0.013235244,0.0,0.0,0.0,1.0]},"headPose":{"x":-0.0103616593,"y":-0.01222339,"z":-0.016300641}},{"recID":6,"timestamp":0,"world2head":{"data":[0.89323175,0.0455652773,-0.447281569,0.00252134865,0.130879954,0.9254124,0.355643541,0.01846503,0.4301249,-0.376212329,0.82064414,0.013235244,0.0,0.0,0.0,1.0]},"headPose":{"x":-0.0103616593,"y":-0.01222339,"z":-0.016300641}},{"recID":7,"timestamp":0,"world2head":{"data":[0.89323175,0.0455652773,-0.447281569,0.00252134865,0.130879954,0.9254124,0.355643541,0.01846503,0.4301249,-0.376212329,0.82064414,0.013235244,0.0,0.0,0.0,1.0]},"headPose":{"x":-0.0103616593,"y":-0.01222339,"z":-0.016300641}},{"recID":8,"timestamp":0,"world2head":{"data":[0.89323175,0.0455652773,-0.447281569,0.00252134865,0.130879954,0.9254124,0.355643541,0.01846503,0.4301249,-0.376212329,0.82064414,0.013235244,0.0,0.0,0.0,1.0]},"headPose":{"x":-0.0103616593,"y":-0.01222339,"z":-0.016300641}},{"recID":9,"timestamp":0,"world2head":{"data":[0.89323175,0.0455652773,-0.447281569,0.00252134865,0.130879954,0.9254124,0.355643541,0.01846503,0.4301249,-0.376212329,0.82064414,0.013235244,0.0,0.0,0.0,1.0]},"headPose":{"x":-0.0103616593,"y":-0.01222339,"z":-0.016300641}},{"recID":10,"timestamp":0,"world2head":{"data":[0.89323175,0.0455652773,-0.447281569,0.00252134865,0.130879954,0.9254124,0.355643541,0.01846503,0.4301249,-0.376212329,0.82064414,0.013235244,0.0,0.0,0.0,1.0]},"headPose":{"x":-0.0103616593,"y":-0.01222339,"z":-0.016300641}},{"recID":11,"timestamp":0,"world2head":{"data":[0.893370152,0.04537347,-0.4470247,0.00246106274,0.131308824,0.925092936,0.35631606,0.0183786564,0.4297067,-0.3770204,0.820492446,0.0132318456,0.0,0.0,0.0,1.0]},"headPose":{"x":-0.0102977306,"y":-0.0121249538,"z":-0.0163050815}},{"recID":12,"timestamp":0,"world2head":{"data":[0.8934317,0.0451816358,-0.446921,0.00240977854,0.13099879,0.925474346,0.3554385,0.0182925556,0.4296732,-0.3761061,0.8209294,0.013157283,0.0,0.0,0.0,1.0]},"headPose":{"x":-0.0102026071,"y":-0.0120896334,"z":-0.0162260979}},{"recID":13,"timestamp":0,"world2head":{"data":[0.893486,0.0450980477,-0.4468209,0.002280794,0.131077915,0.925433755,0.355515033,0.0182848144,0.429536223,-0.376216084,0.820950747,0.013204094,0.0,0.0,0.0,1.0]},"headPose":{"x":-0.01010623,"y":-0.01205665,"z":-0.0163213313}},{"recID":14,"timestamp":0,"world2head":{"data":[0.893581569,0.0449589528,-0.44664377,0.002192176,0.130919009,0.925617,0.3550964,0.0182805769,0.429385841,-0.375781775,0.821228266,0.0132860355,0.0,0.0,0.0,1.0]},"headPose":{"x":-0.0100569986,"y":-0.01202672,"z":-0.0164231136}},{"recID":15,"timestamp":0,"world2head":{"data":[0.8934392,0.044073388,-0.4470168,0.002022387,0.13152419,0.9258895,0.3541611,0.018378526,0.4294972,-0.3752149,0.8214292,0.0131917363,0.0,0.0,0.0,1.0]},"headPose":{"x":-0.009889915,"y":-0.0121558793,"z":-0.016440995}},{"recID":16,"timestamp":0,"world2head":{"data":[0.893438,0.0440368131,-0.447022736,0.00201026071,0.131959021,0.9255389,0.354914844,0.0185113456,0.429366231,-0.376083076,0.8211006,0.0132623371,0.0,0.0,0.0,1.0]},"headPose":{"x":-0.009933183,"y":-0.0122337556,"z":-0.0165610313}},{"recID":17,"timestamp":0,"world2head":{"data":[0.893566847,0.0438899361,-0.446779579,0.00205453485,0.132331043,0.9252395,0.355556458,0.0184952039,0.42898348,-0.37683627,0.820955336,0.01335087,0.0,0.0,0.0,1.0]},"headPose":{"x":-0.010010656,"y":-0.0121715749,"z":-0.0166186318}},{"recID":18,"timestamp":0,"world2head":{"data":[0.89404887,0.0444970578,-0.445754021,0.00210484164,0.13161774,0.925044537,0.356327683,0.01840091,0.428197831,-0.3772435,0.821178436,0.0133272931,0.0,0.0,0.0,1.0]},"headPose":{"x":-0.0100104362,"y":-0.0120876841,"z":-0.016562596}},{"recID":19,"timestamp":0,"world2head":{"data":[0.894538462,0.0436000079,-0.444859475,0.00209934451,0.1314491,0.9255652,0.355035573,0.0183458626,0.427225977,-0.376069337,0.8222225,0.0132267717,0.0,0.0,0.0,1.0]},"headPose":{"x":-0.009940312,"y":-0.0120976381,"z":-0.016454868}},{"recID":20,"timestamp":0,"world2head":{"data":[0.8946957,0.0426327959,-0.444636971,0.00214429712,0.132428765,0.925363064,0.355198264,0.0184178557,0.426593751,-0.3766771,0.8222726,0.0131033082,0.0,0.0,0.0,1.0]},"headPose":{"x":-0.009947337,"y":-0.0121989064,"z":-0.0163630471}},{"recID":21,"timestamp":0,"world2head":{"data":[0.895076334,0.0435036272,-0.443785727,0.00217238348,0.131806016,0.924946666,0.356512159,0.0187282,0.42598772,-0.3775992,0.8221638,0.0132194608,0.0,0.0,0.0,1.0]},"headPose":{"x":-0.0100442655,"y":-0.0124254357,"z":-0.01658132}},{"recID":22,"timestamp":0,"world2head":{"data":[0.8949343,0.04338949,-0.4440833,0.00208412018,0.1328929,0.9241742,0.358108252,0.0187784452,0.425948471,-0.379498869,0.82130903,0.0131803555,0.0,0.0,0.0,1.0]},"headPose":{"x":-0.009974825,"y":-0.0124430554,"z":-0.0166243389}},{"recID":23,"timestamp":0,"world2head":{"data":[0.8944313,0.04305203,-0.445128322,0.002077573,0.133754164,0.924039841,0.3581343,0.0186999757,0.426734746,-0.3798643,0.820731759,0.0130834,0.0,0.0,0.0,1.0]},"headPose":{"x":-0.00994258653,"y":-0.0123990513,"z":-0.016510278}},{"recID":24,"timestamp":0,"world2head":{"data":[0.894108,0.0435746573,-0.445726544,0.00216343161,0.133849308,0.923766136,0.358804166,0.01919333,0.427381843,-0.380469859,0.820114255,0.0129119456,0.0,0.0,0.0,1.0]},"headPose":{"x":-0.0100216875,"y":-0.0129118152,"z":-0.01651162}},{"recID":25,"timestamp":0,"world2head":{"data":[0.894292951,0.04297439,-0.445413619,0.00235669734,0.135679573,0.9224795,0.3614175,0.01941113,0.4264166,-0.383646637,0.8191362,0.012557596,0.0,0.0,0.0,1.0]},"headPose":{"x":-0.0100960387,"y":-0.0131899677,"z":-0.0162521973}},{"recID":26,"timestamp":0,"world2head":{"data":[0.8951539,0.0424328037,-0.443732977,0.00260733068,0.137456819,0.920671046,0.3653361,0.0199758746,0.424034357,-0.388026148,0.8183096,0.0122563187,0.0,0.0,0.0,1.0]},"headPose":{"x":-0.010276882,"y":-0.0137460725,"z":-0.0161704123}},{"recID":27,"timestamp":0,"world2head":{"data":[0.896542668,0.04275216,-0.440889448,0.00258114934,0.138542384,0.9183319,0.370772839,0.0200635139,0.4207342,-0.39349556,0.817400753,0.0118101668,0.0,0.0,0.0,1.0]},"headPose":{"x":-0.0100626983,"y":-0.0138880676,"z":-0.0159546435}},{"recID":28,"timestamp":0,"world2head":{"data":[0.896985769,0.042003192,-0.440059423,0.00245952979,0.140085667,0.9171615,0.3730828,0.0204426032,0.419276237,-0.396296,0.8167968,0.0111424252,0.0,0.0,0.0,1.0]},"headPose":{"x":-0.009741634,"y":-0.0144367786,"z":-0.0156455413}},{"recID":29,"timestamp":0,"world2head":{"data":[0.8969623,0.0410712734,-0.4401952,0.00247062463,0.143761367,0.914469361,0.378257036,0.0211693812,0.418080568,-0.40256536,0.8143401,0.0107199755,0.0,0.0,0.0,1.0]},"headPose":{"x":-0.009741209,"y":-0.0151447337,"z":-0.0156496167}},{"recID":30,"timestamp":0,"world2head":{"data":[0.897168338,0.0406450741,-0.439814717,0.00227552652,0.146826819,0.911684752,0.383761317,0.0214293171,0.4165704,-0.408875078,0.8119669,0.0100645041,0.0,0.0,0.0,1.0]},"headPose":{"x":-0.009380504,"y":-0.0155141475,"z":-0.0153949782}},{"recID":31,"timestamp":0,"world2head":{"data":[0.8970178,0.03979916,-0.440199,0.00218434259,0.149141461,0.9102726,0.3862132,0.02208929,0.416072041,-0.41209206,0.810595036,0.009822884,0.0,0.0,0.0,1.0]},"headPose":{"x":-0.009340851,"y":-0.016146278,"z":-0.0155320093}},{"recID":32,"timestamp":0,"world2head":{"data":[0.89682585,0.0394748971,-0.440619051,0.002121468,0.1505579,0.909318447,0.3879076,0.0218219049,0.41597563,-0.414224237,0.809557,0.009830181,0.0,0.0,0.0,1.0]},"headPose":{"x":-0.009277163,"y":-0.0158549063,"z":-0.0154882148}},{"recID":33,"timestamp":0,"world2head":{"data":[0.896838546,0.0397782736,-0.4405659,0.00196371833,0.1491108,0.9104767,0.385743678,0.021527905,0.4164692,-0.4116429,0.810619235,0.009767403,0.0,0.0,0.0,1.0]},"headPose":{"x":-0.009039003,"y":-0.0156580862,"z":-0.0153567493}},{"recID":34,"timestamp":0,"world2head":{"data":[0.8964443,0.0394003,-0.4414014,0.0017274674,0.148308665,0.911932349,0.382601619,0.0214553978,0.4176028,-0.4084447,0.811653137,0.009571864,0.0,0.0,0.0,1.0]},"headPose":{"x":-0.008727837,"y":-0.0157243554,"z":-0.0152153969}},{"recID":35,"timestamp":0,"world2head":{"data":[0.8961476,0.0393304341,-0.442009717,0.00161243649,0.146908134,0.913603,0.3791405,0.0207502972,0.41873315,-0.4047007,0.812945247,0.009433597,0.0,0.0,0.0,1.0]},"headPose":{"x":-0.008443529,"y":-0.01520317,"z":-0.0148235634}},{"recID":36,"timestamp":0,"world2head":{"data":[0.8960526,0.0390501171,-0.442227125,0.00149113918,0.144705668,0.9160312,0.3740952,0.02053457,0.4197023,-0.399201751,0.815161347,0.009193488,0.0,0.0,0.0,1.0]},"headPose":{"x":-0.008166136,"y":-0.0151984775,"z":-0.0145166367}},{"recID":37,"timestamp":0,"world2head":{"data":[0.896615446,0.039570462,-0.44103846,0.00137320254,0.143415079,0.9163647,0.373775035,0.0204298366,0.418942541,-0.398384064,0.8159518,0.009115307,0.0,0.0,0.0,1.0]},"headPose":{"x":-0.007979971,"y":-0.0151441274,"z":-0.0144681782}},{"recID":38,"timestamp":0,"world2head":{"data":[0.896981239,0.039024543,-0.440342844,0.00112725142,0.141812533,0.9180503,0.3702335,0.0201964211,0.418705046,-0.3945386,0.8179397,0.008920451,0.0,0.0,0.0,1.0]},"headPose":{"x":-0.007610267,"y":-0.0150658591,"z":-0.014277406}},{"recID":39,"timestamp":0,"world2head":{"data":[0.897264659,0.03823009,-0.4398348,0.000902725849,0.142072,0.918248951,0.369640946,0.0201464668,0.418009251,-0.394153953,0.818480849,0.009028898,0.0,0.0,0.0,1.0]},"headPose":{"x":-0.0074463957,"y":-0.014975206,"z":-0.0144398883}},{"recID":40,"timestamp":0,"world2head":{"data":[0.89697206,0.0369898081,-0.440537035,0.000617068261,0.142341062,0.919263959,0.367005169,0.0198428426,0.4185453,-0.391899884,0.819288969,0.008951126,0.0,0.0,0.0,1.0]},"headPose":{"x":-0.007124395,"y":-0.01475569,"z":-0.0143441409}},{"recID":41,"timestamp":0,"world2head":{"data":[0.896492,0.03648294,-0.4415553,0.000347397756,0.142365858,0.9200332,0.365062743,0.0195219964,0.4195641,-0.390138239,0.8196085,0.00908472,0.0,0.0,0.0,1.0]},"headPose":{"x":-0.00690232776,"y":-0.0144292638,"z":-0.0144192725}},{"recID":42,"timestamp":0,"world2head":{"data":[0.895960152,0.0368082672,-0.442606539,9.490643E-05,0.140706077,0.9217018,0.361479729,0.0191723667,0.4212567,-0.38614884,0.820628941,0.009280997,0.0,0.0,0.0,1.0]},"headPose":{"x":-0.006692383,"y":-0.0140908528,"z":-0.0145046711}},{"recID":43,"timestamp":0,"world2head":{"data":[0.8954783,0.0373745933,-0.4435333,-7.906556E-05,0.139108717,0.9230536,0.358637333,0.018991068,0.422808945,-0.3828513,0.82137537,0.009597604,0.0,0.0,0.0,1.0]},"headPose":{"x":-0.006628975,"y":-0.0138523635,"z":-0.0147292092}},{"recID":44,"timestamp":0,"world2head":{"data":[0.8952391,0.0373924375,-0.4440143,-0.0002823011,0.137681067,0.924497843,0.355454177,0.0187867843,0.423781574,-0.379348844,0.822498441,0.009940695,0.0,0.0,0.0,1.0]},"headPose":{"x":-0.006546541,"y":-0.013586795,"z":-0.0149793923}},{"recID":45,"timestamp":0,"world2head":{"data":[0.89497745,0.03669122,-0.444599956,-0.00034762267,0.138374254,0.924625456,0.3548526,0.0187715217,0.424108416,-0.379106253,0.8224418,0.0100412173,0.0,0.0,0.0,1.0]},"headPose":{"x":-0.006544945,"y":-0.0135371834,"z":-0.0150739923}},{"recID":46,"timestamp":0,"world2head":{"data":[0.894414246,0.0355735272,-0.445822477,-0.000383717474,0.138643786,0.9256707,0.3520109,0.01859895,0.425207078,-0.3766541,0.823001,0.0103281364,0.0,0.0,0.0,1.0]},"headPose":{"x":-0.006627023,"y":-0.013312716,"z":-0.0152181685}},{"recID":47,"timestamp":0,"world2head":{"data":[0.8945454,0.03535065,-0.445577055,-0.000286616851,0.1389497,0.9254837,0.352381825,0.0187867153,0.424831241,-0.377134323,0.822975159,0.0104124481,0.0,0.0,0.0,1.0]},"headPose":{"x":-0.00677754963,"y":-0.0134497741,"z":-0.015316993}},{"recID":48,"timestamp":0,"world2head":{"data":[0.8947525,0.036125686,-0.445098758,-0.000185791869,0.138753772,0.924897134,0.3539953,0.0190058481,0.424458921,-0.378497332,0.8225415,0.0105053736,0.0,0.0,0.0,1.0]},"headPose":{"x":-0.006929995,"y":-0.0135954879,"z":-0.0154517815}},{"recID":49,"timestamp":0,"world2head":{"data":[0.8951039,0.03733525,-0.44429177,-0.000127765816,0.137965992,0.9243855,0.355635881,0.0186364129,0.423974633,-0.379628181,0.822270036,0.0105021959,0.0,0.0,0.0,1.0]},"headPose":{"x":-0.006909492,"y":-0.013235529,"z":-0.0153201818}},{"recID":50,"timestamp":0,"world2head":{"data":[0.8948831,0.03830965,-0.4446534,-0.000127610285,0.137141541,0.924501,0.3556545,0.0188762657,0.424707532,-0.379249662,0.8220665,0.01053118,0.0,0.0,0.0,1.0]},"headPose":{"x":-0.006947195,"y":-0.0134522915,"z":-0.0154275}},{"recID":51,"timestamp":0,"world2head":{"data":[0.8947662,0.03816749,-0.444900751,-7.812446E-05,0.137798131,0.9241114,0.3564124,0.0185731836,0.4247412,-0.380212247,0.821604252,0.0105023449,0.0,0.0,0.0,1.0]},"headPose":{"x":-0.006950226,"y":-0.01316759,"z":-0.0152832419}},{"recID":52,"timestamp":0,"world2head":{"data":[0.8943957,0.0370337777,-0.4457408,2.29985453E-05,0.138326153,0.92480886,0.354393154,0.0186262876,0.425349563,-0.3786253,0.8220223,0.0104000485,0.0,0.0,0.0,1.0]},"headPose":{"x":-0.00702072727,"y":-0.0132888863,"z":-0.015139848}},{"recID":53,"timestamp":0,"world2head":{"data":[0.8946321,0.0368882,-0.445278138,0.0001796498,0.138949692,0.924200058,0.3557348,0.0188433137,0.4246485,-0.380123049,0.8216934,0.0101895705,0.0,0.0,0.0,1.0]},"headPose":{"x":-0.007105979,"y":-0.0135483267,"z":-0.0149959326}},{"recID":54,"timestamp":0,"world2head":{"data":[0.89517957,0.0369503126,-0.444171339,0.000249377917,0.139249265,0.92348665,0.357466131,0.019035358,0.423394769,-0.381846935,0.8215411,0.00983305648,0.0,0.0,0.0,1.0]},"headPose":{"x":-0.007037163,"y":-0.0138333915,"z":-0.0147719905}},{"recID":55,"timestamp":0,"world2head":{"data":[0.89581126,0.03505012,-0.443050444,0.000181843061,0.141922072,0.9221314,0.359905332,0.0189713221,0.421165466,-0.385285884,0.8210813,0.009461934,0.0,0.0,0.0,1.0]},"headPose":{"x":-0.00684038643,"y":-0.0138548762,"z":-0.0145163313}},{"recID":56,"timestamp":0,"world2head":{"data":[0.895221949,0.0347129963,-0.4442664,7.947441E-05,0.14283967,0.922003,0.359871268,0.01942515,0.4221072,-0.3856235,0.8204389,0.009347754,0.0,0.0,0.0,1.0]},"headPose":{"x":-0.00679158326,"y":-0.0143080913,"z":-0.0146245062}},{"recID":57,"timestamp":0,"world2head":{"data":[0.894965053,0.0347343981,-0.444782019,6.62696548E-05,0.143813163,0.9212853,0.361318648,0.01954157,0.42232132,-0.3873331,0.819522858,0.009220663,0.0,0.0,0.0,1.0]},"headPose":{"x":-0.0067637274,"y":-0.014434197,"z":-0.0145878047}},{"recID":58,"timestamp":0,"world2head":{"data":[0.894299865,0.0353115648,-0.446072638,-7.497007E-05,0.1452975,0.919948161,0.3641208,0.0196540263,0.4232214,-0.390446454,0.8175789,0.009011082,0.0,0.0,0.0,1.0]},"headPose":{"x":-0.006602318,"y":-0.0145596955,"z":-0.014557153}},{"recID":59,"timestamp":0,"world2head":{"data":[0.8930369,0.03593003,-0.448546648,-0.000160561875,0.146712989,0.9190883,0.365721166,0.0197224244,0.425394356,-0.3924101,0.815508366,0.008876228,0.0,0.0,0.0,1.0]},"headPose":{"x":-0.0065260455,"y":-0.014637759,"z":-0.0145235658}},{"recID":60,"timestamp":0,"world2head":{"data":[0.892981946,0.036516495,-0.4486088,-0.000177982263,0.14619121,0.919132531,0.365819037,0.0197510645,0.425689369,-0.392252445,0.815430343,0.008784964,0.0,0.0,0.0,1.0]},"headPose":{"x":-0.00646816241,"y":-0.0147014223,"z":-0.0144686848}},{"recID":61,"timestamp":0,"world2head":{"data":[0.8930478,0.03675458,-0.4484582,-0.0003155833,0.1460061,0.919059336,0.366076678,0.0196833238,0.4256147,-0.3924016,0.8153975,0.008700636,0.0,0.0,0.0,1.0]},"headPose":{"x":-0.00629517343,"y":-0.0146644013,"z":-0.0144416094}},{"recID":62,"timestamp":0,"world2head":{"data":[0.8930782,0.035421297,-0.448504925,-0.0004480956,0.14666231,0.919518232,0.3646592,0.0198472887,0.425325155,-0.391447961,0.8160068,0.008555355,0.0,0.0,0.0,1.0]},"headPose":{"x":-0.00614947267,"y":-0.0148850968,"z":-0.0144196972}},{"recID":63,"timestamp":0,"world2head":{"data":[0.893097341,0.03480477,-0.448515058,-0.000553473365,0.147519439,0.9192155,0.365076542,0.019832246,0.4249884,-0.392213583,0.815814555,0.008487242,0.0,0.0,0.0,1.0]},"headPose":{"x":-0.00603831653,"y":-0.0148820328,"z":-0.0144125447}},{"recID":64,"timestamp":0,"world2head":{"data":[0.8929233,0.034486562,-0.448886037,-0.0007599271,0.147010237,0.9200721,0.363118857,0.0191769134,0.425530255,-0.390228122,0.816484,0.008229241,0.0,0.0,0.0,1.0]},"headPose":{"x":-0.00564243644,"y":-0.0144066559,"z":-0.0140236616}},{"recID":65,"timestamp":0,"world2head":{"data":[0.892447,0.03564738,-0.4497417,-0.000790680759,0.14458406,0.9216958,0.359961361,0.0190452542,0.42735675,-0.386271924,0.817410648,0.008152479,0.0,0.0,0.0,1.0]},"headPose":{"x":-0.00553201651,"y":-0.0143766729,"z":-0.0138750821}},{"recID":66,"timestamp":0,"world2head":{"data":[0.8927923,0.036595922,-0.448979646,-0.0006848052,0.1421275,0.9229015,0.357844323,0.0190728884,0.427459627,-0.383293,0.8187581,0.008277786,0.0,0.0,0.0,1.0]},"headPose":{"x":-0.00563781336,"y":-0.0144045195,"z":-0.0139100924}},{"recID":67,"timestamp":0,"world2head":{"data":[0.893592834,0.0364014246,-0.4474001,-0.000686172862,0.140772372,0.923699,0.35631904,0.01871649,0.42623353,-0.3813857,0.8202865,0.008569912,0.0,0.0,0.0,1.0]},"headPose":{"x":-0.00567438966,"y":-0.0139949834,"z":-0.0140058175}},{"recID":68,"timestamp":0,"world2head":{"data":[0.894023836,0.0364863127,-0.446531236,-0.000849781558,0.139834419,0.9241632,0.35548377,0.0192409046,0.42563802,-0.3802514,0.8211219,0.008792241,0.0,0.0,0.0,1.0]},"headPose":{"x":-0.005673128,"y":-0.014407469,"z":-0.0144387856}},{"recID":69,"timestamp":0,"world2head":{"data":[0.89318943,0.0363590978,-0.448208272,-0.001077556,0.140003145,0.9247028,0.354011059,0.01751308,0.427330971,-0.378949523,0.8208444,0.009032266,0.0,0.0,0.0,1.0]},"headPose":{"x":-0.005349192,"y":-0.0127324415,"z":-0.0140968785}},{"recID":70,"timestamp":0,"world2head":{"data":[0.89182955,0.0386110842,-0.450720847,-0.00112140737,0.136461854,0.926974535,0.349423,0.0183844436,0.431298316,-0.373131931,0.8214343,0.009319398,0.0,0.0,0.0,1.0]},"headPose":{"x":-0.00552811148,"y":-0.0135212457,"z":-0.0145846605}},{"recID":71,"timestamp":0,"world2head":{"data":[0.8911493,0.0398832336,-0.451953858,-0.00114607066,0.1371414,0.925855041,0.352114618,0.0185236353,0.43248722,-0.3757683,0.81960535,0.009474853,0.0,0.0,0.0,1.0]},"headPose":{"x":-0.00561678968,"y":-0.0135441413,"z":-0.0148060545}},{"recID":72,"timestamp":0,"world2head":{"data":[0.8903405,0.0395665653,-0.45357278,-0.001206344,0.140198678,0.9239844,0.355805,0.0195710473,0.433172137,-0.380377918,0.8171136,0.009794647,0.0,0.0,0.0,1.0]},"headPose":{"x":-0.005912546,"y":-0.0143099446,"z":-0.0155139789}},{"recID":73,"timestamp":0,"world2head":{"data":[0.8901699,0.0389830321,-0.453958035,-0.00119714625,0.144109666,0.9210957,0.361683667,0.0194661673,0.43223834,-0.387379646,0.8143139,0.00964359753,0.0,0.0,0.0,1.0]},"headPose":{"x":-0.00590793137,"y":-0.0141478013,"z":-0.0154369622}},{"recID":74,"timestamp":0,"world2head":{"data":[0.889823735,0.03837465,-0.454687983,-0.001196336,0.147053227,0.9191778,0.365359545,0.0197942387,0.431959659,-0.3919689,0.8122631,0.009547189,0.0,0.0,0.0,1.0]},"headPose":{"x":-0.00597027875,"y":-0.0144063151,"z":-0.0155308023}},{"recID":75,"timestamp":0,"world2head":{"data":[0.8896704,0.03819848,-0.455002725,-0.00115318084,0.148408741,0.9181982,0.367269546,0.01987059,0.4318118,-0.394275218,0.811224759,0.009586851,0.0,0.0,0.0,1.0]},"headPose":{"x":-0.006062734,"y":-0.014421232,"z":-0.0155996531}},{"recID":76,"timestamp":0,"world2head":{"data":[0.889643669,0.0385789722,-0.4550229,-0.00108905043,0.148676157,0.9176658,0.36849004,0.0202347487,0.431774944,-0.395475864,0.810659766,0.009766603,0.0,0.0,0.0,1.0]},"headPose":{"x":-0.006256532,"y":-0.0146642653,"z":-0.0158692375}},{"recID":77,"timestamp":0,"world2head":{"data":[0.8899201,0.0387031771,-0.45447138,-0.00100945169,0.149010047,0.9170522,0.36988005,0.020195907,0.43108955,-0.396884531,0.8103361,0.0100321518,0.0,0.0,0.0,1.0]},"headPose":{"x":-0.006435817,"y":-0.0145000266,"z":-0.0160582438}},{"recID":78,"timestamp":0,"world2head":{"data":[0.8899706,0.0389399379,-0.454352349,-0.00101873884,0.148066014,0.917689443,0.3686768,0.02009678,0.431310624,-0.395385653,0.8109509,0.0103179775,0.0,0.0,0.0,1.0]},"headPose":{"x":-0.00651925569,"y":-0.0143233528,"z":-0.0162394568}},{"recID":79,"timestamp":0,"world2head":{"data":[0.890110254,0.038338013,-0.454129815,-0.0009967466,0.147344619,0.918732464,0.366360724,0.0197829977,0.431269348,-0.393015027,0.8121244,0.0105037149,0.0,0.0,0.0,1.0]},"headPose":{"x":-0.006557633,"y":-0.0140089523,"z":-0.0162306875}},{"recID":80,"timestamp":0,"world2head":{"data":[0.8902283,0.03760888,-0.453959435,-0.00100455526,0.146560982,0.919944048,0.3636246,0.0196257215,0.4312928,-0.390241653,0.8134482,0.0105697019,0.0,0.0,0.0,1.0]},"headPose":{"x":-0.006540718,"y":-0.0138920471,"z":-0.0161903277}},{"recID":81,"timestamp":0,"world2head":{"data":[0.890309,0.0370936356,-0.453843653,-0.0010304735,0.146500215,0.9203528,0.362613231,0.0197384171,0.43114692,-0.389326,0.8139641,0.0106262434,0.0,0.0,0.0,1.0]},"headPose":{"x":-0.00655571558,"y":-0.0139910122,"z":-0.0162744671}},{"recID":82,"timestamp":0,"world2head":{"data":[0.8903334,0.0365061164,-0.453843236,-0.0011142334,0.147579223,0.919828653,0.3635046,0.0199881662,0.430728137,-0.390618145,0.8135667,0.0106210373,0.0,0.0,0.0,1.0]},"headPose":{"x":-0.00653257873,"y":-0.0141962422,"z":-0.0164124}},{"recID":83,"timestamp":0,"world2head":{"data":[0.8902581,0.0356680267,-0.454057634,-0.001204296,0.148962423,0.9192984,0.364281058,0.020158004,0.430407643,-0.391941667,0.8130996,0.0106701907,0.0,0.0,0.0,1.0]},"headPose":{"x":-0.006523183,"y":-0.0143061727,"z":-0.0165659264}},{"recID":84,"timestamp":0,"world2head":{"data":[0.8901454,0.03518699,-0.45431596,-0.00129169971,0.150748029,0.918135762,0.366472125,0.0203448012,0.430018783,-0.3947007,0.81197,0.0107613942,0.0,0.0,0.0,1.0]},"headPose":{"x":-0.00654474,"y":-0.0143863084,"z":-0.01678057}},{"recID":85,"timestamp":0,"world2head":{"data":[0.890121937,0.0350578725,-0.454372,-0.00135041727,0.1511031,0.9179312,0.366838,0.0202935617,0.4299428,-0.3951876,0.81177336,0.0107537024,0.0,0.0,0.0,1.0]},"headPose":{"x":-0.00648786174,"y":-0.0143310223,"z":-0.0167876109}},{"recID":86,"timestamp":0,"world2head":{"data":[0.889862,0.03382414,-0.454974264,-0.00147344824,0.151958615,0.9183316,0.365479976,0.0201492533,0.430179328,-0.39436397,0.812048554,0.010729963,0.0,0.0,0.0,1.0]},"headPose":{"x":-0.006366495,"y":-0.0142223481,"z":-0.01674778}},{"recID":87,"timestamp":0,"world2head":{"data":[0.8898964,0.03302959,-0.454965353,-0.00146556506,0.1522989,0.91863203,0.3645823,0.0200422611,0.4299878,-0.393731177,0.812456965,0.010657208,0.0,0.0,0.0,1.0]},"headPose":{"x":-0.0063306815,"y":-0.014166981,"z":-0.0166323557}},{"recID":88,"timestamp":0,"world2head":{"data":[0.890458643,0.0328425542,-0.4538775,-0.001441706,0.151720017,0.9188993,0.364149839,0.0201251041,0.429027379,-0.393122643,0.813258946,0.0105728,0.0,0.0,0.0,1.0]},"headPose":{"x":-0.006305622,"y":-0.0142891863,"z":-0.0165813342}},{"recID":89,"timestamp":0,"world2head":{"data":[0.8912033,0.0329111852,-0.4524086,-0.00145020708,0.151399612,0.918588,0.365067452,0.0200999081,0.42759192,-0.3938438,0.8136659,0.0104937162,0.0,0.0,0.0,1.0]},"headPose":{"x":-0.00623771735,"y":-0.0142829223,"z":-0.016532287}},{"recID":90,"timestamp":0,"world2head":{"data":[0.89141643,0.0324437469,-0.452022284,-0.00125772366,0.152149111,0.918114841,0.365945071,0.0199874248,0.426881,-0.394984215,0.8134864,0.01014396,0.0,0.0,0.0,1.0]},"headPose":{"x":-0.006250178,"y":-0.0143032419,"z":-0.0161347911}},{"recID":91,"timestamp":0,"world2head":{"data":[0.891644835,0.03308818,-0.4515248,-0.00135523034,0.15207088,0.91749233,0.367535472,0.02014585,0.4264316,-0.396374881,0.813045561,0.0100633129,0.0,0.0,0.0,1.0]},"headPose":{"x":-0.006146528,"y":-0.0144499764,"z":-0.0161981657}},{"recID":92,"timestamp":0,"world2head":{"data":[0.891802,0.0331707448,-0.4512082,-0.00156163936,0.1522612,0.917128563,0.3683636,0.0202512462,0.426034838,-0.3972089,0.8128465,0.0100577585,0.0,0.0,0.0,1.0]},"headPose":{"x":-0.00597576145,"y":-0.0145261651,"z":-0.01633986}},{"recID":93,"timestamp":0,"world2head":{"data":[0.891475558,0.0324893035,-0.4519024,-0.00177548453,0.1534132,0.916858435,0.36855793,0.0204309635,0.4263047,-0.397888184,0.8123726,0.0100446669,0.0,0.0,0.0,1.0]},"headPose":{"x":-0.00583366724,"y":-0.0146779632,"z":-0.0164923519}},{"recID":94,"timestamp":0,"world2head":{"data":[0.8912429,0.03158826,-0.452424854,-0.00199966878,0.154876679,0.9164029,0.369078577,0.0204550773,0.426262,-0.399008751,0.8118453,0.0101062926,0.0,0.0,0.0,1.0]},"headPose":{"x":-0.00569375232,"y":-0.0146494256,"z":-0.0166589767}},{"recID":95,"timestamp":0,"world2head":{"data":[0.891090453,0.03249565,-0.452660859,-0.0024370132,0.153806552,0.9167791,0.368591368,0.020423159,0.426967621,-0.398070455,0.811935067,0.010081118,0.0,0.0,0.0,1.0]},"headPose":{"x":-0.005273928,"y":-0.0146313366,"z":-0.0168161541}},{"recID":96,"timestamp":0,"world2head":{"data":[0.891231537,0.03281328,-0.452360034,-0.00292642647,0.1529575,0.917204261,0.367886275,0.0203207023,0.4269781,-0.3970637,0.8124224,0.0100757554,0.0,0.0,0.0,1.0]},"headPose":{"x":-0.00480220746,"y":-0.0145414928,"z":-0.0169852749}},{"recID":97,"timestamp":0,"world2head":{"data":[0.8904656,0.03044853,-0.454030722,-0.00350523042,0.155401781,0.9174258,0.3663061,0.0200811327,0.42769298,-0.396740168,0.8122044,0.009898024,0.0,0.0,0.0,1.0]},"headPose":{"x":-0.004232672,"y":-0.0143892765,"z":-0.0169865415}},{"recID":98,"timestamp":0,"world2head":{"data":[0.8893846,0.0287518054,-0.456254631,-0.00381194986,0.15750362,0.9176469,0.364851773,0.02031314,0.429170758,-0.396355331,0.811612546,0.009715589,0.0,0.0,0.0,1.0]},"headPose":{"x":-0.00397874974,"y":-0.0146798622,"z":-0.0170357972}},{"recID":99,"timestamp":0,"world2head":{"data":[0.8892858,0.0278793275,-0.456501335,-0.00407499541,0.158836424,0.917185068,0.365434825,0.0204345956,0.4288843,-0.397485077,0.8112114,0.009484167,0.0,0.0,0.0,1.0]},"headPose":{"x":-0.00368953263,"y":-0.01485888,"z":-0.0170214176}},{"recID":100,"timestamp":0,"world2head":{"data":[0.8895033,0.0264360085,-0.4561634,-0.0043531456,0.160046339,0.917055845,0.365231037,0.02046562,0.427982569,-0.3978815,0.8114932,0.009177724,0.0,0.0,0.0,1.0]},"headPose":{"x":-0.00333121652,"y":-0.0150013911,"z":-0.0169080868}},{"recID":101,"timestamp":0,"world2head":{"data":[0.8895242,0.02530846,-0.4561866,-0.00441451743,0.161480784,0.9166073,0.365725338,0.0204807986,0.427399933,-0.398986876,0.811257541,0.009056141,0.0,0.0,0.0,1.0]},"headPose":{"x":-0.00325102848,"y":-0.0150478426,"z":-0.0168510526}},{"recID":102,"timestamp":0,"world2head":{"data":[0.889584959,0.0241545439,-0.456130654,-0.004526803,0.163344249,0.915742636,0.367061377,0.0208498612,0.426564485,-0.4010386,0.8106854,0.00873128,0.0,0.0,0.0,1.0]},"headPose":{"x":-0.00310318358,"y":-0.0154821835,"z":-0.0167963132}},{"recID":103,"timestamp":0,"world2head":{"data":[0.8901508,0.0252984688,-0.4549632,-0.0045419177,0.162888438,0.9148162,0.369565517,0.02085255,0.425557137,-0.403077275,0.810203552,0.00873716548,0.0,0.0,0.0,1.0]},"headPose":{"x":-0.00307181082,"y":-0.0154395951,"z":-0.016851671}},{"recID":104,"timestamp":0,"world2head":{"data":[0.8901702,0.0262917727,-0.454869,-0.00457144575,0.1626188,0.9142484,0.37108624,0.0211274158,0.425619751,-0.404300153,0.809561133,0.008826398,0.0,0.0,0.0,1.0]},"headPose":{"x":-0.00312304031,"y":-0.015627,"z":-0.017065011}},{"recID":105,"timestamp":0,"world2head":{"data":[0.8902185,0.0262677372,-0.45477578,-0.004606287,0.162644431,0.914206147,0.371179044,0.0209990256,0.4255089,-0.4043972,0.809570968,0.008866193,0.0,0.0,0.0,1.0]},"headPose":{"x":-0.00308741676,"y":-0.01549098,"z":-0.0170670375}},{"recID":106,"timestamp":0,"world2head":{"data":[0.890197337,0.0263237283,-0.454814017,-0.00467773248,0.162077487,0.9147148,0.37017253,0.0209722538,0.425769448,-0.403241724,0.8100102,0.008990038,0.0,0.0,0.0,1.0]},"headPose":{"x":-0.00306270854,"y":-0.0154353371,"z":-0.017172873}},{"recID":107,"timestamp":0,"world2head":{"data":[0.88971585,0.0260197744,-0.455772579,-0.00473718252,0.162719816,0.9147243,0.3698672,0.0210497659,0.426530123,-0.403239965,0.8096108,0.009048199,0.0,0.0,0.0,1.0]},"headPose":{"x":-0.00306979753,"y":-0.0154828764,"z":-0.0172702149}},{"recID":108,"timestamp":0,"world2head":{"data":[0.8894963,0.0263699219,-0.456180781,-0.004679594,0.162307292,0.9149979,0.369371444,0.0208973363,0.427144736,-0.402596027,0.8096072,0.009234813,0.0,0.0,0.0,1.0]},"headPose":{"x":-0.00317390962,"y":-0.01527972,"z":-0.017330192}},{"recID":109,"timestamp":0,"world2head":{"data":[0.889408052,0.0262418911,-0.456360221,-0.004584114,0.16216442,0.9153031,0.368677258,0.02085033,0.4273827,-0.4019099,0.80982244,0.009210092,0.0,0.0,0.0,1.0]},"headPose":{"x":-0.00324026775,"y":-0.0152624492,"z":-0.0172375888}},{"recID":110,"timestamp":0,"world2head":{"data":[0.8896957,0.0262901261,-0.45579645,-0.00442699529,0.1618244,0.9153653,0.368672341,0.02102371,0.4269127,-0.4017652,0.810142159,0.009212805,0.0,0.0,0.0,1.0]},"headPose":{"x":-0.00339653366,"y":-0.0154266031,"z":-0.017232351}},{"recID":111,"timestamp":0,"world2head":{"data":[0.88999,0.0264768377,-0.455210745,-0.00440578349,0.1619536,0.914867043,0.3698504,0.0210731942,0.4262498,-0.402886152,0.8099345,0.0091085555,0.0,0.0,0.0,1.0]},"headPose":{"x":-0.003374297,"y":-0.015492809,"z":-0.0171768218}},{"recID":112,"timestamp":0,"world2head":{"data":[0.8896827,0.0269773528,-0.4557816,-0.004350277,0.162151992,0.91450876,0.3706487,0.0211748183,0.42681542,-0.403665632,0.8092482,0.00909474,0.0,0.0,0.0,1.0]},"headPose":{"x":-0.00344494823,"y":-0.015575964,"z":-0.0171910971}},{"recID":113,"timestamp":0,"world2head":{"data":[0.8892267,0.0265704468,-0.456694573,-0.00414361246,0.163414836,0.913995266,0.371360034,0.021055,0.427283853,-0.4048539,0.808406949,0.009061176,0.0,0.0,0.0,1.0]},"headPose":{"x":-0.00362778315,"y":-0.015465619,"z":-0.0170364678}},{"recID":114,"timestamp":0,"world2head":{"data":[0.889471,0.0267385989,-0.456208736,-0.0038847893,0.162968665,0.9140929,0.371315658,0.02106249,0.426945657,-0.404622257,0.8087016,0.009117374,0.0,0.0,0.0,1.0]},"headPose":{"x":-0.003869742,"y":-0.0154601065,"z":-0.0169663429}},{"recID":115,"timestamp":0,"world2head":{"data":[0.889885068,0.0271393284,-0.455376774,-0.0036748054,0.162232846,0.914144158,0.371511847,0.02100873,0.4263626,-0.4044799,0.809080362,0.009100825,0.0,0.0,0.0,1.0]},"headPose":{"x":-0.00401840266,"y":-0.0154241733,"z":-0.01684171}},{"recID":116,"timestamp":0,"world2head":{"data":[0.8902712,0.0276385471,-0.454591423,-0.00351635832,0.161312908,0.914310157,0.3715038,0.0208940674,0.425905377,-0.4040706,0.809525549,0.009015636,0.0,0.0,0.0,1.0]},"headPose":{"x":-0.00407977775,"y":-0.0153635181,"z":-0.0166591182}},{"recID":117,"timestamp":0,"world2head":{"data":[0.890212059,0.0281503722,-0.454675764,-0.00339220115,0.160787314,0.914436,0.371422,0.0209745336,0.42622754,-0.40375042,0.8095157,0.008965935,0.0,0.0,0.0,1.0]},"headPose":{"x":-0.00417418964,"y":-0.0154643757,"z":-0.0165908188}},{"recID":118,"timestamp":0,"world2head":{"data":[0.8903363,0.0290353447,-0.454376727,-0.003194586,0.160360917,0.914019644,0.372629166,0.02101148,0.426128656,-0.404629529,0.809128761,0.00895334,0.0,0.0,0.0,1.0]},"headPose":{"x":-0.004340439,"y":-0.0154893631,"z":-0.01652544}},{"recID":119,"timestamp":0,"world2head":{"data":[0.890381157,0.0292772129,-0.454273343,-0.003086213,0.160191238,0.9139474,0.372879267,0.021180477,0.426098824,-0.404775262,0.8090716,0.009011214,0.0,0.0,0.0,1.0]},"headPose":{"x":-0.0044846884,"y":-0.01561997,"z":-0.0165904611}},{"recID":120,"timestamp":0,"world2head":{"data":[0.890400469,0.029189676,-0.4542411,-0.002931164,0.160485521,0.9137244,0.373299,0.0210721437,0.425947666,-0.4052847,0.8088961,0.008999022,0.0,0.0,0.0,1.0]},"headPose":{"x":-0.004604976,"y":-0.0155214053,"z":-0.0164769366}},{"recID":121,"timestamp":0,"world2head":{"data":[0.890645862,0.029180862,-0.453760326,-0.00284111872,0.160338432,0.9136796,0.373471826,0.0211459175,0.425489783,-0.405386358,0.8090861,0.009047205,0.0,0.0,0.0,1.0]},"headPose":{"x":-0.004709566,"y":-0.0155700743,"z":-0.01650656}},{"recID":122,"timestamp":0,"world2head":{"data":[0.890812337,0.0289704874,-0.453446925,-0.00278812787,0.160461992,0.9136043,0.373602927,0.02115959,0.425094545,-0.4055711,0.80920136,0.00911548,0.0,0.0,0.0,1.0]},"headPose":{"x":-0.00478655146,"y":-0.0155537426,"z":-0.01654581}},{"recID":123,"timestamp":0,"world2head":{"data":[0.8909765,0.0291776359,-0.453111,-0.00272097066,0.159919664,0.9138218,0.373303264,0.0210965928,0.424954832,-0.4050658,0.8095277,0.009183538,0.0,0.0,0.0,1.0]},"headPose":{"x":-0.00485202856,"y":-0.0154792,"z":-0.0165426582}},{"recID":124,"timestamp":0,"world2head":{"data":[0.891000569,0.028868407,-0.453083366,-0.002740996,0.1601526,0.9138356,0.3731698,0.0210495722,0.424816519,-0.405056983,0.809604645,0.009262593,0.0,0.0,0.0,1.0]},"headPose":{"x":-0.004863818,"y":-0.0154048409,"z":-0.0165960044}},{"recID":125,"timestamp":0,"world2head":{"data":[0.8907308,0.0287847146,-0.453618854,-0.00270980457,0.160216928,0.914054453,0.372605652,0.0209967569,0.42535767,-0.404568762,0.8095647,0.00923768152,0.0,0.0,0.0,1.0]},"headPose":{"x":-0.004879648,"y":-0.0153769022,"z":-0.016531229}},{"recID":126,"timestamp":0,"world2head":{"data":[0.8907799,0.0292905644,-0.453490078,-0.00272258976,0.159858882,0.9139409,0.373037755,0.0209595244,0.425389647,-0.404788971,0.8094378,0.009214507,0.0,0.0,0.0,1.0]},"headPose":{"x":-0.004845094,"y":-0.0153460894,"z":-0.016511932}},{"recID":127,"timestamp":0,"world2head":{"data":[0.8908744,0.02848284,-0.453355849,-0.00270657148,0.159797728,0.9145884,0.37147373,0.0209236685,0.425214648,-0.403381646,0.8102319,0.009115869,0.0,0.0,0.0,1.0]},"headPose":{"x":-0.00480854046,"y":-0.0153822806,"z":-0.0163856}},{"recID":128,"timestamp":0,"world2head":{"data":[0.8909286,0.02774129,-0.4532953,-0.00267713284,0.161196858,0.913823545,0.372749358,0.021086419,0.424572468,-0.405162841,0.809679747,0.009124581,0.0,0.0,0.0,1.0]},"headPose":{"x":-0.00488797575,"y":-0.0154980579,"z":-0.01646147}},{"recID":129,"timestamp":0,"world2head":{"data":[0.8910921,0.0288738683,-0.452903,-0.00267497683,0.160634577,0.9132985,0.374275863,0.0210269447,0.42444244,-0.406266153,0.8091949,0.009125125,0.0,0.0,0.0,1.0]},"headPose":{"x":-0.004867094,"y":-0.0154194115,"z":-0.0164653882}},{"recID":130,"timestamp":0,"world2head":{"data":[0.8910107,0.0294581726,-0.4530256,-0.00268278737,0.160019189,0.9134686,0.374124378,0.0209954772,0.424845666,-0.405841619,0.809196353,0.009232371,0.0,0.0,0.0,1.0]},"headPose":{"x":-0.00489162,"y":-0.0153527986,"z":-0.0165410936}},{"recID":131,"timestamp":0,"world2head":{"data":[0.8909397,0.02907288,-0.453190058,-0.00264344783,0.16006121,0.9138021,0.373291,0.0209585186,0.424978644,-0.4051179,0.809489131,0.009244175,0.0,0.0,0.0,1.0]},"headPose":{"x":-0.00492807,"y":-0.0153301042,"z":-0.0165046677}},{"recID":132,"timestamp":0,"world2head":{"data":[0.891307354,0.0288093388,-0.452483326,-0.00257744081,0.159909874,0.913874567,0.373178333,0.02109404,0.424264044,-0.404973179,0.8099363,0.009445756,0.0,0.0,0.0,1.0]},"headPose":{"x":-0.00508334767,"y":-0.0153777748,"z":-0.016688548}},{"recID":133,"timestamp":0,"world2head":{"data":[0.8914833,0.02898866,-0.452125162,-0.00259621488,0.159671962,0.913815141,0.373425782,0.0210720617,0.4239839,-0.405094564,0.810022235,0.009466384,0.0,0.0,0.0,1.0]},"headPose":{"x":-0.00506373029,"y":-0.0153459255,"z":-0.0167106465}},{"recID":134,"timestamp":0,"world2head":{"data":[0.8914616,0.028822735,-0.4521786,-0.00265176129,0.159967571,0.9136868,0.373613238,0.0210622456,0.4239182,-0.405395746,0.809906,0.009547459,0.0,0.0,0.0,1.0]},"headPose":{"x":-0.005052674,"y":-0.0152973654,"z":-0.0168007463}},{"recID":135,"timestamp":0,"world2head":{"data":[0.8913696,0.02877359,-0.452363044,-0.00266479887,0.159579322,0.9141704,0.372594833,0.0208335984,0.424257785,-0.404307485,0.810272038,0.009442027,0.0,0.0,0.0,1.0]},"headPose":{"x":-0.0049551446,"y":-0.0151513014,"z":-0.0166185573}},{"recID":136,"timestamp":0,"world2head":{"data":[0.891235,0.0283921435,-0.452652276,-0.00276389858,0.159728646,0.9144474,0.371850342,0.0208763219,0.424484372,-0.4037076,0.8104525,0.009395901,0.0,0.0,0.0,1.0]},"headPose":{"x":-0.004859677,"y":-0.0152186286,"z":-0.0166288838}},{"recID":137,"timestamp":0,"world2head":{"data":[0.891009867,0.02870512,-0.4530755,-0.002809443,0.1599663,0.9141401,0.372503221,0.0211451109,0.424867243,-0.404380858,0.809916,0.009356778,0.0,0.0,0.0,1.0]},"headPose":{"x":-0.004854653,"y":-0.0154652465,"z":-0.0167277157}},{"recID":138,"timestamp":0,"world2head":{"data":[0.890612841,0.02856671,-0.453864247,-0.00290051475,0.1608339,0.913738549,0.373114318,0.02113999,0.425371915,-0.40529713,0.8091928,0.009245995,0.0,0.0,0.0,1.0]},"headPose":{"x":-0.00474977866,"y":-0.015486192,"z":-0.0166858658}},{"recID":139,"timestamp":0,"world2head":{"data":[0.8905046,0.0288485959,-0.454058737,-0.00286697922,0.1609515,0.913479447,0.373697639,0.0211187955,0.425554,-0.4058609,0.8088144,0.009182698,0.0,0.0,0.0,1.0]},"headPose":{"x":-0.00475377776,"y":-0.0154819787,"z":-0.01662092}},{"recID":140,"timestamp":0,"world2head":{"data":[0.890673339,0.0285168216,-0.4537486,-0.0029045376,0.160760611,0.913802,0.372990519,0.0210786331,0.4252729,-0.4051576,0.8093147,0.009038352,0.0,0.0,0.0,1.0]},"headPose":{"x":-0.004645386,"y":-0.0155169107,"z":-0.01649493}},{"recID":141,"timestamp":0,"world2head":{"data":[0.8906733,0.0284649134,-0.453752,-0.00293249264,0.16095385,0.9136605,0.373253644,0.0211654,0.425199956,-0.405480146,0.809191465,0.00893827,0.0,0.0,0.0,1.0]},"headPose":{"x":-0.004595312,"y":-0.0156302266,"z":-0.0164634585}},{"recID":142,"timestamp":0,"world2head":{"data":[0.890935063,0.0279157534,-0.453271955,-0.00294801034,0.1616399,0.9132512,0.37395823,0.02107621,0.424390525,-0.4064393,0.8091352,0.008778965,0.0,0.0,0.0,1.0]},"headPose":{"x":-0.00450598076,"y":-0.0155974627,"z":-0.0163212419}},{"recID":143,"timestamp":0,"world2head":{"data":[0.890932143,0.0278946236,-0.453279,-0.00298317848,0.161551535,0.9133556,0.3737415,0.0211212113,0.424430281,-0.40620625,0.8092314,0.008679041,0.0,0.0,0.0,1.0]},"headPose":{"x":-0.004438002,"y":-0.0156824812,"z":-0.016269438}},{"recID":144,"timestamp":0,"world2head":{"data":[0.89087677,0.0281319022,-0.4533731,-0.003016717,0.161524251,0.9132297,0.37406075,0.0211635735,0.424556822,-0.4064728,0.8090311,0.008570306,0.0,0.0,0.0,1.0]},"headPose":{"x":-0.004369489,"y":-0.0157587416,"z":-0.0162178054}},{"recID":145,"timestamp":0,"world2head":{"data":[0.8908429,0.02810