[{"recID":0,"timestamp":0,"world2head":{"data":[0.783905864,0.0169146657,-0.620649338,-0.0748247057,0.465991855,0.644557238,0.606133461,-0.1575278,0.4102966,-0.764369,0.4973901,-0.188623935,0.0,0.0,0.0,1.0]},"headPose":{"x":0.209453925,"y":-0.0413769521,"z":0.142862588}},{"recID":1,"timestamp":0,"world2head":{"data":[0.7630142,0.0235259235,-0.6459535,-0.06575313,0.480620474,0.6475824,0.5913045,-0.160564944,0.4322191,-0.761632144,0.482807517,-0.193367332,0.0,0.0,0.0,1.0]},"headPose":{"x":0.210918412,"y":-0.04174884,"z":0.145828515}},{"recID":2,"timestamp":0,"world2head":{"data":[0.7630142,0.0235259235,-0.6459535,-0.06575313,0.480620474,0.6475824,0.5913045,-0.160564944,0.4322191,-0.761632144,0.482807517,-0.193367332,0.0,0.0,0.0,1.0]},"headPose":{"x":0.210918412,"y":-0.04174884,"z":0.145828515}},{"recID":3,"timestamp":0,"world2head":{"data":[0.7630142,0.0235259235,-0.6459535,-0.06575313,0.480620474,0.6475824,0.5913045,-0.160564944,0.4322191,-0.761632144,0.482807517,-0.193367332,0.0,0.0,0.0,1.0]},"headPose":{"x":0.210918412,"y":-0.04174884,"z":0.145828515}},{"recID":4,"timestamp":0,"world2head":{"data":[0.7630142,0.0235259235,-0.6459535,-0.06575313,0.480620474,0.6475824,0.5913045,-0.160564944,0.4322191,-0.761632144,0.482807517,-0.193367332,0.0,0.0,0.0,1.0]},"headPose":{"x":0.210918412,"y":-0.04174884,"z":0.145828515}},{"recID":5,"timestamp":0,"world2head":{"data":[0.7630142,0.0235259235,-0.6459535,-0.06575313,0.480620474,0.6475824,0.5913045,-0.160564944,0.4322191,-0.761632144,0.482807517,-0.193367332,0.0,0.0,0.0,1.0]},"headPose":{"x":0.210918412,"y":-0.04174884,"z":0.145828515}},{"recID":6,"timestamp":0,"world2head":{"data":[0.7630142,0.0235259235,-0.6459535,-0.06575313,0.480620474,0.6475824,0.5913045,-0.160564944,0.4322191,-0.761632144,0.482807517,-0.193367332,0.0,0.0,0.0,1.0]},"headPose":{"x":0.210918412,"y":-0.04174884,"z":0.145828515}},{"recID":7,"timestamp":0,"world2head":{"data":[0.7630142,0.0235259235,-0.6459535,-0.06575313,0.480620474,0.6475824,0.5913045,-0.160564944,0.4322191,-0.761632144,0.482807517,-0.193367332,0.0,0.0,0.0,1.0]},"headPose":{"x":0.210918412,"y":-0.04174884,"z":0.145828515}},{"recID":8,"timestamp":0,"world2head":{"data":[0.7630142,0.0235259235,-0.6459535,-0.06575313,0.480620474,0.6475824,0.5913045,-0.160564944,0.4322191,-0.761632144,0.482807517,-0.193367332,0.0,0.0,0.0,1.0]},"headPose":{"x":0.210918412,"y":-0.04174884,"z":0.145828515}},{"recID":9,"timestamp":0,"world2head":{"data":[0.7630142,0.0235259235,-0.6459535,-0.06575313,0.480620474,0.6475824,0.5913045,-0.160564944,0.4322191,-0.761632144,0.482807517,-0.193367332,0.0,0.0,0.0,1.0]},"headPose":{"x":0.210918412,"y":-0.04174884,"z":0.145828515}},{"recID":10,"timestamp":0,"world2head":{"data":[0.7630142,0.0235259235,-0.6459535,-0.06575313,0.480620474,0.6475824,0.5913045,-0.160564944,0.4322191,-0.761632144,0.482807517,-0.193367332,0.0,0.0,0.0,1.0]},"headPose":{"x":0.210918412,"y":-0.04174884,"z":0.145828515}},{"recID":11,"timestamp":0,"world2head":{"data":[0.7630142,0.0235259235,-0.6459535,-0.06575313,0.480620474,0.6475824,0.5913045,-0.160564944,0.4322191,-0.761632144,0.482807517,-0.193367332,0.0,0.0,0.0,1.0]},"headPose":{"x":0.210918412,"y":-0.04174884,"z":0.145828515}},{"recID":12,"timestamp":0,"world2head":{"data":[0.7630142,0.0235259235,-0.6459535,-0.06575313,0.480620474,0.6475824,0.5913045,-0.160564944,0.4322191,-0.761632144,0.482807517,-0.193367332,0.0,0.0,0.0,1.0]},"headPose":{"x":0.210918412,"y":-0.04174884,"z":0.145828515}},{"recID":13,"timestamp":0,"world2head":{"data":[0.7630142,0.0235259235,-0.6459535,-0.06575313,0.480620474,0.6475824,0.5913045,-0.160564944,0.4322191,-0.761632144,0.482807517,-0.193367332,0.0,0.0,0.0,1.0]},"headPose":{"x":0.210918412,"y":-0.04174884,"z":0.145828515}},{"recID":14,"timestamp":0,"world2head":{"data":[0.7630142,0.0235259235,-0.6459535,-0.06575313,0.480620474,0.6475824,0.5913045,-0.160564944,0.4322191,-0.761632144,0.482807517,-0.193367332,0.0,0.0,0.0,1.0]},"headPose":{"x":0.210918412,"y":-0.04174884,"z":0.145828515}},{"recID":15,"timestamp":0,"world2head":{"data":[0.7630142,0.0235259235,-0.6459535,-0.06575313,0.480620474,0.6475824,0.5913045,-0.160564944,0.4322191,-0.761632144,0.482807517,-0.193367332,0.0,0.0,0.0,1.0]},"headPose":{"x":0.210918412,"y":-0.04174884,"z":0.145828515}},{"recID":16,"timestamp":0,"world2head":{"data":[0.7630142,0.0235259235,-0.6459535,-0.06575313,0.480620474,0.6475824,0.5913045,-0.160564944,0.4322191,-0.761632144,0.482807517,-0.193367332,0.0,0.0,0.0,1.0]},"headPose":{"x":0.210918412,"y":-0.04174884,"z":0.145828515}},{"recID":17,"timestamp":0,"world2head":{"data":[0.7630142,0.0235259235,-0.6459535,-0.06575313,0.480620474,0.6475824,0.5913045,-0.160564944,0.4322191,-0.761632144,0.482807517,-0.193367332,0.0,0.0,0.0,1.0]},"headPose":{"x":0.210918412,"y":-0.04174884,"z":0.145828515}},{"recID":18,"timestamp":0,"world2head":{"data":[0.763027668,0.0240723938,-0.6459174,-0.06562196,0.4805727,0.6471443,0.5918227,-0.160748079,0.432248354,-0.7619874,0.482220471,-0.193422347,0.0,0.0,0.0,1.0]},"headPose":{"x":0.210929,"y":-0.0417784974,"z":0.146020219}},{"recID":19,"timestamp":0,"world2head":{"data":[0.763244331,0.025251478,-0.645616353,-0.0653151348,0.4801022,0.646541953,0.59286207,-0.161063269,0.432388723,-0.7624604,0.4813462,-0.193506986,0.0,0.0,0.0,1.0]},"headPose":{"x":0.210848466,"y":-0.041757945,"z":0.146463618}},{"recID":20,"timestamp":0,"world2head":{"data":[0.7636963,0.025777936,-0.6450608,-0.06522662,0.479048133,0.6471837,0.5930144,-0.160865813,0.432759523,-0.7618981,0.481902957,-0.1937859,0.0,0.0,0.0,1.0]},"headPose":{"x":0.2107385,"y":-0.0418539569,"z":0.146706611}},{"recID":21,"timestamp":0,"world2head":{"data":[0.764236,0.0257432014,-0.6444228,-0.06533055,0.478584826,0.647157252,0.593417346,-0.160670757,0.432319432,-0.7619218,0.482260466,-0.193707153,0.0,0.0,0.0,1.0]},"headPose":{"x":0.21056588,"y":-0.0419286229,"z":0.146661609}},{"recID":22,"timestamp":0,"world2head":{"data":[0.764416,0.0255890787,-0.6442154,-0.0653563738,0.478719741,0.6467687,0.593732,-0.160918161,0.431851447,-0.762256861,0.482150316,-0.193711057,0.0,0.0,0.0,1.0]},"headPose":{"x":0.210648537,"y":-0.0419083238,"z":0.146836519}},{"recID":23,"timestamp":0,"world2head":{"data":[0.7646793,0.0255019218,-0.6439062,-0.06541955,0.478374422,0.647030056,0.5937256,-0.160789788,0.431767762,-0.762037933,0.482571065,-0.193857342,0.0,0.0,0.0,1.0]},"headPose":{"x":0.210644051,"y":-0.0420225,"z":0.146890879}},{"recID":24,"timestamp":0,"world2head":{"data":[0.7648367,0.0254243463,-0.6437223,-0.06537813,0.478399754,0.646800458,0.5939552,-0.16062589,0.431460857,-0.762235343,0.482533753,-0.193744957,0.0,0.0,0.0,1.0]},"headPose":{"x":0.210440338,"y":-0.04212415,"z":0.1468077}},{"recID":25,"timestamp":0,"world2head":{"data":[0.764847,0.0250415057,-0.6437251,-0.065272294,0.478853881,0.646334052,0.594097,-0.160868526,0.430938542,-0.7626436,0.482355475,-0.193599671,0.0,0.0,0.0,1.0]},"headPose":{"x":0.2103854,"y":-0.04203822,"z":0.146937937}},{"recID":26,"timestamp":0,"world2head":{"data":[0.765221953,0.0250174552,-0.643280268,-0.06533135,0.4787612,0.645907044,0.594635963,-0.160856754,0.430375576,-0.7630061,0.482284844,-0.193371668,0.0,0.0,0.0,1.0]},"headPose":{"x":0.21022737,"y":-0.0420108251,"z":0.146885037}},{"recID":27,"timestamp":0,"world2head":{"data":[0.765220463,0.02505666,-0.6432805,-0.06528946,0.4787103,0.64596343,0.594615638,-0.160907418,0.4304348,-0.762957036,0.48230958,-0.1932407,0.0,0.0,0.0,1.0]},"headPose":{"x":0.21016638,"y":-0.0418581031,"z":0.146880448}},{"recID":28,"timestamp":0,"world2head":{"data":[0.765006661,0.025259003,-0.643526852,-0.06523167,0.478505015,0.646489739,0.594208658,-0.160805866,0.4310426,-0.7625044,0.482482433,-0.19338721,0.0,0.0,0.0,1.0]},"headPose":{"x":0.210207209,"y":-0.04185157,"z":0.146879837}},{"recID":29,"timestamp":0,"world2head":{"data":[0.7646586,0.0257061124,-0.643922746,-0.06503676,0.478431821,0.6467743,0.5939579,-0.160614133,0.431741059,-0.762248158,0.48226285,-0.193448246,0.0,0.0,0.0,1.0]},"headPose":{"x":0.210093364,"y":-0.04190263,"z":0.14681229}},{"recID":30,"timestamp":0,"world2head":{"data":[0.764296532,0.0259336084,-0.644343257,-0.06487131,0.478594065,0.646867156,0.593726039,-0.160555393,0.432201952,-0.7621616,0.481986642,-0.193359971,0.0,0.0,0.0,1.0]},"headPose":{"x":0.209992334,"y":-0.0418311842,"z":0.146723449}},{"recID":31,"timestamp":0,"world2head":{"data":[0.7634211,0.0267612785,-0.6453465,-0.06450582,0.4787953,0.6471695,0.5932342,-0.16038242,0.433524281,-0.761876345,0.4812497,-0.193301678,0.0,0.0,0.0,1.0]},"headPose":{"x":0.209836408,"y":-0.04175111,"z":0.146542072}},{"recID":32,"timestamp":0,"world2head":{"data":[0.763044834,0.02720882,-0.645772636,-0.06433826,0.478726864,0.6474853,0.5929447,-0.160132349,0.43426165,-0.7615921,0.481034756,-0.193360865,0.0,0.0,0.0,1.0]},"headPose":{"x":0.209721833,"y":-0.04182818,"z":0.14641501}},{"recID":33,"timestamp":0,"world2head":{"data":[0.762777567,0.0275490582,-0.6460738,-0.0642790645,0.478931457,0.647244453,0.5930424,-0.160034478,0.434505463,-0.761784554,0.48050946,-0.19325462,0.0,0.0,0.0,1.0]},"headPose":{"x":0.209646359,"y":-0.0418661125,"z":0.146238863}},{"recID":34,"timestamp":0,"world2head":{"data":[0.7624643,0.0278129429,-0.6464323,-0.06410763,0.479036331,0.6473223,0.5928727,-0.16004777,0.434939533,-0.7617088,0.4802367,-0.193114921,0.0,0.0,0.0,1.0]},"headPose":{"x":0.2095418,"y":-0.0417118222,"z":0.146187589}},{"recID":35,"timestamp":0,"world2head":{"data":[0.7620477,0.0281624049,-0.646908164,-0.0640401,0.479187131,0.6474063,0.592659,-0.159962237,0.435503125,-0.7616246,0.4798594,-0.193184689,0.0,0.0,0.0,1.0]},"headPose":{"x":0.209586009,"y":-0.041770108,"z":0.1460765}},{"recID":36,"timestamp":0,"world2head":{"data":[0.761299968,0.0283359587,-0.647780359,-0.0637496859,0.4798458,0.6472923,0.5922505,-0.1598272,0.436085254,-0.761715,0.4791867,-0.192926809,0.0,0.0,0.0,1.0]},"headPose":{"x":0.209357589,"y":-0.0416939147,"z":0.145809919}},{"recID":37,"timestamp":0,"world2head":{"data":[0.761040449,0.0284250379,-0.6480814,-0.06361279,0.480143666,0.647105,0.592213869,-0.1597385,0.436210424,-0.761870861,0.478824973,-0.192641169,0.0,0.0,0.0,1.0]},"headPose":{"x":0.2091414,"y":-0.04159191,"z":0.14561446}},{"recID":38,"timestamp":0,"world2head":{"data":[0.7608402,0.02829364,-0.6483222,-0.0635350347,0.48048082,0.646955669,0.592103541,-0.159556225,0.436188549,-0.7620025,0.4786353,-0.192579463,0.0,0.0,0.0,1.0]},"headPose":{"x":0.209004655,"y":-0.041722592,"z":0.145457953}},{"recID":39,"timestamp":0,"world2head":{"data":[0.7608526,0.0284339488,-0.648301542,-0.06356661,0.480628461,0.6465497,0.592427,-0.15962629,0.436004221,-0.762341738,0.478262782,-0.192352951,0.0,0.0,0.0,1.0]},"headPose":{"x":0.208952457,"y":-0.0416249149,"z":0.145351857}},{"recID":40,"timestamp":0,"world2head":{"data":[0.7607653,0.0284114778,-0.6484049,-0.06345648,0.480530947,0.6468799,0.5921456,-0.159464568,0.436263859,-0.7620625,0.47847116,-0.192375392,0.0,0.0,0.0,1.0]},"headPose":{"x":0.208829567,"y":-0.0416447446,"z":0.145326823}},{"recID":41,"timestamp":0,"world2head":{"data":[0.7616194,0.0273660272,-0.6474465,-0.0636353046,0.479806721,0.647737,0.591795862,-0.1590227,0.4355702,-0.7613724,0.480198622,-0.1919819,0.0,0.0,0.0,1.0]},"headPose":{"x":0.208387628,"y":-0.0414233729,"z":0.145097956}},{"recID":42,"timestamp":0,"world2head":{"data":[0.761882961,0.0266990811,-0.6471642,-0.06377737,0.4794783,0.648499548,0.591226637,-0.1587215,0.435470939,-0.760746658,0.481279135,-0.191937178,0.0,0.0,0.0,1.0]},"headPose":{"x":0.208277479,"y":-0.04138195,"z":0.1449413}},{"recID":43,"timestamp":0,"world2head":{"data":[0.7619638,0.02617234,-0.6470906,-0.06386257,0.479656458,0.6485404,0.591037333,-0.158564746,0.435133278,-0.7607302,0.481610537,-0.191714048,0.0,0.0,0.0,1.0]},"headPose":{"x":0.2081387,"y":-0.0413355827,"z":0.144724309}},{"recID":44,"timestamp":0,"world2head":{"data":[0.761777937,0.0261005312,-0.6473123,-0.06381621,0.4797578,0.6487254,0.590751946,-0.15839386,0.435346872,-0.7605749,0.48166275,-0.191614,0.0,0.0,0.0,1.0]},"headPose":{"x":0.208023012,"y":-0.04131705,"z":0.144555777}},{"recID":45,"timestamp":0,"world2head":{"data":[0.7618251,0.0264949054,-0.647240758,-0.06387963,0.479175031,0.64930737,0.5905855,-0.157987624,0.435905725,-0.7600645,0.481962979,-0.191618621,0.0,0.0,0.0,1.0]},"headPose":{"x":0.207896486,"y":-0.0413674749,"z":0.144312769}},{"recID":46,"timestamp":0,"world2head":{"data":[0.7609033,0.0273312479,-0.648289442,-0.06348229,0.4796402,0.6491984,0.5903277,-0.157856062,0.4370029,-0.760127962,0.480868042,-0.19126308,0.0,0.0,0.0,1.0]},"headPose":{"x":0.207600489,"y":-0.04116945,"z":0.1440042}},{"recID":47,"timestamp":0,"world2head":{"data":[0.7611869,0.0284751058,-0.6479072,-0.06362178,0.4785583,0.6495869,0.5907781,-0.157684326,0.43769452,-0.759753942,0.480830073,-0.191221282,0.0,0.0,0.0,1.0]},"headPose":{"x":0.2075857,"y":-0.0410397835,"z":0.143880382}},{"recID":48,"timestamp":0,"world2head":{"data":[0.7613398,0.0290455818,-0.647702157,-0.06376521,0.477283657,0.651033461,0.5902167,-0.157260314,0.438818961,-0.7584931,0.481794715,-0.191388384,0.0,0.0,0.0,1.0]},"headPose":{"x":0.207589611,"y":-0.0409329534,"z":0.1437267}},{"recID":49,"timestamp":0,"world2head":{"data":[0.759667635,0.0283023864,-0.649695337,-0.06326066,0.478796,0.6517196,0.588231266,-0.15715155,0.4400676,-0.757931769,0.481539249,-0.1913879,0.0,0.0,0.0,1.0]},"headPose":{"x":0.20752421,"y":-0.0408497863,"z":0.143502071}},{"recID":50,"timestamp":0,"world2head":{"data":[0.758649468,0.0288258642,-0.6508611,-0.06291582,0.479169846,0.652186036,0.5874093,-0.156915456,0.441415131,-0.7575107,0.480968118,-0.191293865,0.0,0.0,0.0,1.0]},"headPose":{"x":0.2073602,"y":-0.04075547,"z":0.143230364}},{"recID":51,"timestamp":0,"world2head":{"data":[0.7583836,0.0292205065,-0.6511532,-0.06295387,0.478866518,0.652761,0.587017834,-0.156827,0.442200422,-0.757000148,0.4810505,-0.19094339,0.0,0.0,0.0,1.0]},"headPose":{"x":0.207277626,"y":-0.0403340757,"z":0.142921031}},{"recID":52,"timestamp":0,"world2head":{"data":[0.7558102,0.0303920954,-0.6540851,-0.0628237,0.479189217,0.6550902,0.584152937,-0.156494468,0.446238339,-0.7549392,0.4805603,-0.19096002,0.0,0.0,0.0,1.0]},"headPose":{"x":0.207686931,"y":-0.0397358872,"z":0.142092437}},{"recID":53,"timestamp":0,"world2head":{"data":[0.7532946,0.0319371074,-0.6569073,-0.0622746274,0.479898334,0.656290233,0.582220435,-0.156577557,0.44971633,-0.7538322,0.479053319,-0.191091865,0.0,0.0,0.0,1.0]},"headPose":{"x":0.2079896,"y":-0.0393020138,"z":0.1417972}},{"recID":54,"timestamp":0,"world2head":{"data":[0.750578642,0.0329965353,-0.6599568,-0.0615114048,0.480205476,0.6588346,0.57908535,-0.156371146,0.4539102,-0.7515639,0.478662,-0.191359043,0.0,0.0,0.0,1.0]},"headPose":{"x":0.208119228,"y":-0.03876616,"z":0.14155364}},{"recID":55,"timestamp":0,"world2head":{"data":[0.747922242,0.03424065,-0.662902653,-0.06087838,0.4799664,0.661954641,0.5757156,-0.155966729,0.458524376,-0.7487615,0.478656232,-0.1919392,0.0,0.0,0.0,1.0]},"headPose":{"x":0.208399877,"y":-0.0383892581,"z":0.1413089}},{"recID":56,"timestamp":0,"world2head":{"data":[0.742637634,0.036964938,-0.668672442,-0.05968336,0.478459656,0.6693381,0.5683861,-0.154522717,0.468578249,-0.7420378,0.479389429,-0.193260446,0.0,0.0,0.0,1.0]},"headPose":{"x":0.208813667,"y":-0.0377724357,"z":0.14056699}},{"recID":57,"timestamp":0,"world2head":{"data":[0.739975452,0.0384521931,-0.6715339,-0.0589996055,0.4791116,0.6706043,0.5663409,-0.154192939,0.472110569,-0.740818,0.47780782,-0.193483174,0.0,0.0,0.0,1.0]},"headPose":{"x":0.208879322,"y":-0.03766471,"z":0.140153289}},{"recID":58,"timestamp":0,"world2head":{"data":[0.738012254,0.04004413,-0.673598051,-0.0586614534,0.4786746,0.672525346,0.5644291,-0.153854162,0.475613832,-0.7389899,0.477163851,-0.193910584,0.0,0.0,0.0,1.0]},"headPose":{"x":0.209165514,"y":-0.0374780968,"z":0.139852673}},{"recID":59,"timestamp":0,"world2head":{"data":[0.7361421,0.0414124429,-0.6755589,-0.0582715645,0.478279978,0.674408555,0.5625135,-0.153723523,0.4788978,-0.7371961,0.4766538,-0.194188759,0.0,0.0,0.0,1.0]},"headPose":{"x":0.209415585,"y":-0.0370695628,"z":0.139666468}},{"recID":60,"timestamp":0,"world2head":{"data":[0.7342602,0.04228778,-0.677549839,-0.0579205155,0.477828264,0.6767657,0.5600611,-0.153073162,0.482226253,-0.734982967,0.476715863,-0.194794,0.0,0.0,0.0,1.0]},"headPose":{"x":0.209606171,"y":-0.03712625,"z":0.139347628}},{"recID":61,"timestamp":0,"world2head":{"data":[0.7308283,0.0426802337,-0.6812257,-0.0572165549,0.4801484,0.6772065,0.5575383,-0.153035432,0.485126317,-0.7345542,0.474428773,-0.194669843,0.0,0.0,0.0,1.0]},"headPose":{"x":0.209734663,"y":-0.0369169451,"z":0.138702691}},{"recID":62,"timestamp":0,"world2head":{"data":[0.729811668,0.0427922,-0.6823077,-0.0570958257,0.4805631,0.6777438,0.556527138,-0.152942955,0.486244917,-0.734051943,0.474061,-0.194741726,0.0,0.0,0.0,1.0]},"headPose":{"x":0.209860086,"y":-0.0368511043,"z":0.138479412}},{"recID":63,"timestamp":0,"world2head":{"data":[0.728861451,0.042490676,-0.6833415,-0.0570552126,0.481326222,0.6780056,0.5555481,-0.1529492,0.486914963,-0.7338277,0.4737202,-0.194646865,0.0,0.0,0.0,1.0]},"headPose":{"x":0.209980249,"y":-0.0367125422,"z":0.138190567}},{"recID":64,"timestamp":0,"world2head":{"data":[0.7279444,0.04228957,-0.6843308,-0.0570973158,0.482189536,0.677989841,0.554818153,-0.152930111,0.4874324,-0.7338538,0.473147333,-0.194528311,0.0,0.0,0.0,1.0]},"headPose":{"x":0.210124329,"y":-0.0366556533,"z":0.137815446}},{"recID":65,"timestamp":0,"world2head":{"data":[0.7266321,0.04232891,-0.6857215,-0.0568947122,0.483520567,0.6775534,0.554192364,-0.153031528,0.488071322,-0.7342544,0.471865177,-0.1944443,0.0,0.0,0.0,1.0]},"headPose":{"x":0.210238114,"y":-0.0366762839,"z":0.13754648}},{"recID":66,"timestamp":0,"world2head":{"data":[0.7243396,0.0421354324,-0.6881547,-0.05639863,0.48633945,0.67624867,0.5533189,-0.153458238,0.488678,-0.7354675,0.469341516,-0.194104478,0.0,0.0,0.0,1.0]},"headPose":{"x":0.210339114,"y":-0.03660523,"z":0.137201637}},{"recID":67,"timestamp":0,"world2head":{"data":[0.723512948,0.0420086831,-0.6890314,-0.0563113168,0.487246275,0.675984859,0.552843153,-0.153569743,0.488999069,-0.735717237,0.468615234,-0.194072068,0.0,0.0,0.0,1.0]},"headPose":{"x":0.2104693,"y":-0.03660576,"z":0.137044817}},{"recID":68,"timestamp":0,"world2head":{"data":[0.72274965,0.0421927869,-0.6898207,-0.0561684668,0.487601966,0.676222265,0.5522388,-0.153466016,0.4897726,-0.7354884,0.4681661,-0.194106132,0.0,0.0,0.0,1.0]},"headPose":{"x":0.210493952,"y":-0.03661579,"z":0.136877656}},{"recID":69,"timestamp":0,"world2head":{"data":[0.722056866,0.0422661155,-0.690541446,-0.05607576,0.488044143,0.6763315,0.5517143,-0.153382033,0.490353763,-0.735383868,0.467722058,-0.194156826,0.0,0.0,0.0,1.0]},"headPose":{"x":0.2105526,"y":-0.03667258,"z":0.136711851}},{"recID":70,"timestamp":0,"world2head":{"data":[0.721333265,0.0423456728,-0.6912924,-0.0559328645,0.488824576,0.675964,0.551473737,-0.153495446,0.490641326,-0.735717058,0.4668957,-0.193988413,0.0,0.0,0.0,1.0]},"headPose":{"x":0.2105573,"y":-0.0365946554,"z":0.136555076}},{"recID":71,"timestamp":0,"world2head":{"data":[0.7207167,0.0426607132,-0.6919158,-0.0558420569,0.489204645,0.675879836,0.5512398,-0.15350163,0.4911682,-0.7357761,0.466248035,-0.194013879,0.0,0.0,0.0,1.0]},"headPose":{"x":0.210633472,"y":-0.03661987,"z":0.1364368}},{"recID":72,"timestamp":0,"world2head":{"data":[0.7196687,0.04301721,-0.6929838,-0.05554972,0.489665329,0.6761544,0.5504935,-0.153236538,0.49224478,-0.7355031,0.4655431,-0.1941258,0.0,0.0,0.0,1.0]},"headPose":{"x":0.210569412,"y":-0.0367789455,"z":0.136234581}},{"recID":73,"timestamp":0,"world2head":{"data":[0.719455838,0.04310216,-0.6931995,-0.0554661751,0.4901132,0.675670266,0.5506894,-0.153082386,0.492110223,-0.7359429,0.46498996,-0.194090486,0.0,0.0,0.0,1.0]},"headPose":{"x":0.210447043,"y":-0.0370155834,"z":0.136101842}},{"recID":74,"timestamp":0,"world2head":{"data":[0.7192613,0.0430290848,-0.693405867,-0.055452466,0.491051137,0.6745552,0.551220655,-0.1531897,0.491459,-0.736969352,0.464051962,-0.1939576,0.0,0.0,0.0,1.0]},"headPose":{"x":0.210431,"y":-0.03721983,"z":0.13599664}},{"recID":75,"timestamp":0,"world2head":{"data":[0.719023943,0.0431504846,-0.693644464,-0.0553670526,0.4919362,0.6734132,0.5518274,-0.153374091,0.490920961,-0.738005936,0.462972939,-0.193826884,0.0,0.0,0.0,1.0]},"headPose":{"x":0.210414171,"y":-0.03737213,"z":0.135967568}},{"recID":76,"timestamp":0,"world2head":{"data":[0.718832254,0.0432116836,-0.693839252,-0.0553605631,0.493367255,0.671438,0.5529555,-0.153551489,0.489764154,-0.739799857,0.461332023,-0.193686739,0.0,0.0,0.0,1.0]},"headPose":{"x":0.210413054,"y":-0.037796896,"z":0.135849714}},{"recID":77,"timestamp":0,"world2head":{"data":[0.7184015,0.0431476831,-0.694289267,-0.05518481,0.4950626,0.669442236,0.553859353,-0.153668672,0.488684326,-0.74161005,0.4595675,-0.193540126,0.0,0.0,0.0,1.0]},"headPose":{"x":0.210300475,"y":-0.0382778868,"z":0.135741353}},{"recID":78,"timestamp":0,"world2head":{"data":[0.718393266,0.043181777,-0.694295645,-0.05503901,0.4965828,0.6671111,0.555309236,-0.153843075,0.4871516,-0.7437057,0.4578048,-0.193291157,0.0,0.0,0.0,1.0]},"headPose":{"x":0.210097566,"y":-0.03874462,"z":0.135706738}},{"recID":79,"timestamp":0,"world2head":{"data":[0.718394458,0.0430837721,-0.694300532,-0.0549647957,0.498410523,0.6643878,0.5569343,-0.154206246,0.485279679,-0.7461452,0.45581913,-0.193121523,0.0,0.0,0.0,1.0]},"headPose":{"x":0.21006237,"y":-0.0392758362,"z":0.135749117}},{"recID":80,"timestamp":0,"world2head":{"data":[0.718809,0.0432682931,-0.693859935,-0.0550362319,0.5001886,0.6609783,0.5593918,-0.1543117,0.4828303,-0.749156654,0.45347482,-0.192836046,0.0,0.0,0.0,1.0]},"headPose":{"x":0.209852546,"y":-0.04008638,"z":0.135579526}},{"recID":81,"timestamp":0,"world2head":{"data":[0.7196516,0.04414001,-0.6929309,-0.0552398637,0.5059246,0.6501702,0.566850066,-0.155200541,0.4755438,-0.758505344,0.4455645,-0.191920683,0.0,0.0,0.0,1.0]},"headPose":{"x":0.2095399,"y":-0.04222782,"z":0.13521108}},{"recID":82,"timestamp":0,"world2head":{"data":[0.7199882,0.0447797477,-0.6925401,-0.0553107858,0.510041356,0.642570436,0.5718051,-0.1558823,0.470611125,-0.764917,0.4398036,-0.1912305,0.0,0.0,0.0,1.0]},"headPose":{"x":0.209324718,"y":-0.0436332934,"z":0.1349332}},{"recID":83,"timestamp":0,"world2head":{"data":[0.720259249,0.045575127,-0.6922063,-0.05527831,0.515283763,0.632918358,0.5778383,-0.157337755,0.464445174,-0.772876,0.432381153,-0.190210283,0.0,0.0,0.0,1.0]},"headPose":{"x":0.209230527,"y":-0.0449076779,"z":0.1348951}},{"recID":84,"timestamp":0,"world2head":{"data":[0.720858634,0.04658279,-0.6915149,-0.055441767,0.519373655,0.6243497,0.58347106,-0.158141673,0.458926857,-0.779754758,0.425874054,-0.189736873,0.0,0.0,0.0,1.0]},"headPose":{"x":0.209175631,"y":-0.0466298871,"z":0.13473627}},{"recID":85,"timestamp":0,"world2head":{"data":[0.721092343,0.04737942,-0.6912171,-0.0554839373,0.5245234,0.6144794,0.589313447,-0.159295961,0.452660024,-0.7875089,0.418244779,-0.188728392,0.0,0.0,0.0,1.0]},"headPose":{"x":0.208993286,"y":-0.0481124,"z":0.134458452}},{"recID":86,"timestamp":0,"world2head":{"data":[0.7211442,0.04933667,-0.691026032,-0.055481717,0.535857856,0.592483759,0.6015143,-0.162666589,0.439098418,-0.8040703,0.400828779,-0.1864442,0.0,0.0,0.0,1.0]},"headPose":{"x":0.209043831,"y":-0.05079963,"z":0.134239137}},{"recID":87,"timestamp":0,"world2head":{"data":[0.7221658,0.0504338741,-0.689878941,-0.0558093265,0.5391948,0.583693147,0.6071008,-0.1637558,0.433296084,-0.8104066,0.394329548,-0.18546471,0.0,0.0,0.0,1.0]},"headPose":{"x":0.20896098,"y":-0.051903978,"z":0.13404879}},{"recID":88,"timestamp":0,"world2head":{"data":[0.721836269,0.0494782776,-0.6902929,-0.0557574853,0.54410547,0.575808167,0.6102411,-0.165783182,0.427669942,-0.816086352,0.388717771,-0.184114128,0.0,0.0,0.0,1.0]},"headPose":{"x":0.209191412,"y":-0.0520349368,"z":0.134247154}},{"recID":89,"timestamp":0,"world2head":{"data":[0.7207873,0.04859355,-0.691450953,-0.0556568727,0.546707034,0.5733841,0.610198438,-0.167156458,0.426118731,-0.817844331,0.3867215,-0.184021726,0.0,0.0,0.0,1.0]},"headPose":{"x":0.209917471,"y":-0.0519517064,"z":0.134679765}},{"recID":90,"timestamp":0,"world2head":{"data":[0.720121145,0.0487026721,-0.692137,-0.055477418,0.5467894,0.5742552,0.6093048,-0.167327166,0.4271381,-0.8172264,0.386903167,-0.184631214,0.0,0.0,0.0,1.0]},"headPose":{"x":0.2103062,"y":-0.0520951077,"z":0.134989679}},{"recID":91,"timestamp":0,"world2head":{"data":[0.7197614,0.0484492779,-0.692528844,-0.05538124,0.5462665,0.576079845,0.6080501,-0.16742903,0.428411573,-0.815956354,0.388173819,-0.185237259,0.0,0.0,0.0,1.0]},"headPose":{"x":0.210679919,"y":-0.0520098358,"z":0.135356367}},{"recID":92,"timestamp":0,"world2head":{"data":[0.7199065,0.04748854,-0.692444563,-0.0554844141,0.544563651,0.579911351,0.6059317,-0.16666007,0.43033132,-0.813294351,0.3916214,-0.186240971,0.0,0.0,0.0,1.0]},"headPose":{"x":0.210845932,"y":-0.0521857627,"z":0.135500684}},{"recID":93,"timestamp":0,"world2head":{"data":[0.7210942,0.0465605259,-0.6912708,-0.0562912,0.5417304,0.584102035,0.6044444,-0.165116683,0.431916,-0.810343742,0.395969331,-0.1876376,0.0,0.0,0.0,1.0]},"headPose":{"x":0.211083636,"y":-0.0529849939,"z":0.135190114}},{"recID":94,"timestamp":0,"world2head":{"data":[0.7212236,0.04571122,-0.691192448,-0.0566179454,0.5420077,0.5841116,0.604186535,-0.165142685,0.4313516,-0.8103852,0.396499217,-0.187611908,0.0,0.0,0.0,1.0]},"headPose":{"x":0.2112695,"y":-0.0529880933,"z":0.135031044}},{"recID":95,"timestamp":0,"world2head":{"data":[0.721832037,0.0451634228,-0.690593064,-0.0570817962,0.5421343,0.5833508,0.6048078,-0.165314674,0.430173218,-0.8109638,0.3965966,-0.187302381,0.0,0.0,0.0,1.0]},"headPose":{"x":0.211398661,"y":-0.052881,"z":0.134846777}},{"recID":96,"timestamp":0,"world2head":{"data":[0.721215,0.0435549468,-0.691340744,-0.0574646965,0.5432533,0.583664238,0.60349977,-0.165354162,0.429796278,-0.8108262,0.397286057,-0.187485367,0.0,0.0,0.0,1.0]},"headPose":{"x":0.211854085,"y":-0.05300384,"z":0.134548813}},{"recID":97,"timestamp":0,"world2head":{"data":[0.7199596,0.0431127846,-0.692675531,-0.0572553426,0.5445298,0.5837048,0.6023088,-0.165359139,0.430285275,-0.8108205,0.396767735,-0.1875869,0.0,0.0,0.0,1.0]},"headPose":{"x":0.2119804,"y":-0.05310994,"z":0.134366333}},{"recID":98,"timestamp":0,"world2head":{"data":[0.7196132,0.04407108,-0.6929751,-0.0571607351,0.544370949,0.583737731,0.602420568,-0.165106788,0.431065023,-0.810745358,0.396074355,-0.187653691,0.0,0.0,0.0,1.0]},"headPose":{"x":0.211903915,"y":-0.05324118,"z":0.13417758}},{"recID":99,"timestamp":0,"world2head":{"data":[0.719048,0.0444723368,-0.6935359,-0.0570579842,0.54449594,0.584076762,0.601978838,-0.16521138,0.4318496,-0.8104792,0.395764232,-0.1877389,0.0,0.0,0.0,1.0]},"headPose":{"x":0.212059334,"y":-0.0531248562,"z":0.134182334}},{"recID":100,"timestamp":0,"world2head":{"data":[0.718885,0.04515846,-0.6936607,-0.0571010262,0.5438433,0.584969163,0.6017023,-0.164924368,0.4329421,-0.809797466,0.3959664,-0.1880404,0.0,0.0,0.0,1.0]},"headPose":{"x":0.212152675,"y":-0.053220354,"z":0.134084284}},{"recID":101,"timestamp":0,"world2head":{"data":[0.718423843,0.0459974259,-0.694083154,-0.0570107549,0.543658733,0.585333347,0.601514757,-0.164659262,0.4339382,-0.8094869,0.395510554,-0.188210934,0.0,0.0,0.0,1.0]},"headPose":{"x":0.212148249,"y":-0.0533513725,"z":0.133914173}},{"recID":102,"timestamp":0,"world2head":{"data":[0.716953337,0.0468737036,-0.6955435,-0.0565591678,0.543447137,0.5873309,0.5997564,-0.164295241,0.43662703,-0.807988465,0.395615458,-0.188802749,0.0,0.0,0.0,1.0]},"headPose":{"x":0.212272421,"y":-0.0534036234,"z":0.133891016}},{"recID":103,"timestamp":0,"world2head":{"data":[0.716687858,0.0473683327,-0.695783556,-0.0563909337,0.5426739,0.5887547,0.59906,-0.1637831,0.438022316,-0.8069226,0.3962478,-0.1889024,0.0,0.0,0.0,1.0]},"headPose":{"x":0.212038979,"y":-0.05333039,"z":0.1337322}},{"recID":104,"timestamp":0,"world2head":{"data":[0.716565847,0.047655046,-0.6958896,-0.05632861,0.542559862,0.5889113,0.599009454,-0.163887084,0.438363045,-0.8067915,0.396137953,-0.188824773,0.0,0.0,0.0,1.0]},"headPose":{"x":0.212055519,"y":-0.0531429425,"z":0.13377209}},{"recID":105,"timestamp":0,"world2head":{"data":[0.7164227,0.0479566157,-0.6960164,-0.0562207475,0.541839838,0.5902009,0.598391652,-0.163933948,0.439486325,-0.8058307,0.3968485,-0.189006165,0.0,0.0,0.0,1.0]},"headPose":{"x":0.212169364,"y":-0.05285684,"z":0.133972943}},{"recID":106,"timestamp":0,"world2head":{"data":[0.7166825,0.04897505,-0.6956779,-0.0561740473,0.5380366,0.5958426,0.596228361,-0.163152635,0.443714857,-0.801606536,0.4006796,-0.1898675,0.0,0.0,0.0,1.0]},"headPose":{"x":0.212288052,"y":-0.0522345938,"z":0.1342732}},{"recID":107,"timestamp":0,"world2head":{"data":[0.717172444,0.0494700372,-0.695137739,-0.056158565,0.536210656,0.5979519,0.5957615,-0.162795156,0.4451313,-0.800003946,0.402308226,-0.190063685,0.0,0.0,0.0,1.0]},"headPose":{"x":0.212171152,"y":-0.0519298539,"z":0.1344133}},{"recID":108,"timestamp":0,"world2head":{"data":[0.7179458,0.04959698,-0.694329858,-0.056318976,0.5342299,0.600206137,0.5952739,-0.16299957,0.446264774,-0.798306167,0.4044193,-0.190293282,0.0,0.0,0.0,1.0]},"headPose":{"x":0.212434411,"y":-0.0512857176,"z":0.134883732}},{"recID":109,"timestamp":0,"world2head":{"data":[0.7192565,0.0500624478,-0.692938447,-0.0567528158,0.530038953,0.605263233,0.5938982,-0.162230551,0.4491422,-0.794449568,0.408804536,-0.191122174,0.0,0.0,0.0,1.0]},"headPose":{"x":0.21264939,"y":-0.050803557,"z":0.135153845}},{"recID":110,"timestamp":0,"world2head":{"data":[0.720765948,0.0506042242,-0.691328943,-0.05722133,0.5252356,0.610968,0.59232235,-0.160882831,0.4523539,-0.7900363,0.413785815,-0.19189401,0.0,0.0,0.0,1.0]},"headPose":{"x":0.212548554,"y":-0.05041332,"z":0.13513872}},{"recID":111,"timestamp":0,"world2head":{"data":[0.7230024,0.0500686467,-0.6890289,-0.0580611,0.518753648,0.6193366,0.589336038,-0.1592493,0.4562481,-0.7835275,0.421808541,-0.192941085,0.0,0.0,0.0,1.0]},"headPose":{"x":0.212618455,"y":-0.0496386737,"z":0.135229737}},{"recID":112,"timestamp":0,"world2head":{"data":[0.7226057,0.0480407178,-0.689589143,-0.05791925,0.5163276,0.6257774,0.58464396,-0.158111811,0.459616065,-0.778520942,0.427385569,-0.1940507,0.0,0.0,0.0,1.0]},"headPose":{"x":0.212679043,"y":-0.04934723,"z":0.135433063}},{"recID":113,"timestamp":0,"world2head":{"data":[0.7231343,0.0477375239,-0.6890558,-0.0581431,0.5135441,0.6299725,0.5825865,-0.156603888,0.461897463,-0.775148869,0.4310394,-0.194687665,0.0,0.0,0.0,1.0]},"headPose":{"x":0.212394014,"y":-0.04948017,"z":0.135089546}},{"recID":114,"timestamp":0,"world2head":{"data":[0.7244495,0.0477111638,-0.687674761,-0.0586104169,0.5126077,0.629696131,0.583709,-0.156411141,0.46087563,-0.775375,0.431725919,-0.194044173,0.0,0.0,0.0,1.0]},"headPose":{"x":0.212068051,"y":-0.0491691381,"z":0.134767577}},{"recID":115,"timestamp":0,"world2head":{"data":[0.7247064,0.0474583358,-0.6874215,-0.0588066578,0.512311041,0.630042851,0.5835952,-0.157200187,0.460801452,-0.7751089,0.4322827,-0.194015592,0.0,0.0,0.0,1.0]},"headPose":{"x":0.212555632,"y":-0.0485494621,"z":0.1351859}},{"recID":116,"timestamp":0,"world2head":{"data":[0.7253692,0.0502436,-0.6865239,-0.0595893562,0.5058357,0.6375233,0.581114769,-0.153906643,0.4668723,-0.7687911,0.4370247,-0.1958206,0.0,0.0,0.0,1.0]},"headPose":{"x":0.212498963,"y":-0.04943206,"z":0.134106338}},{"recID":117,"timestamp":0,"world2head":{"data":[0.7244984,0.0514386445,-0.6873545,-0.059380725,0.509370744,0.631878853,0.584183753,-0.154752031,0.464374453,-0.7733584,0.4315939,-0.194307715,0.0,0.0,0.0,1.0]},"headPose":{"x":0.2120789,"y":-0.04943049,"z":0.13345}},{"recID":118,"timestamp":0,"world2head":{"data":[0.722442746,0.0518595725,-0.6894833,-0.0586919338,0.5136928,0.627213955,0.5854251,-0.156985655,0.4628135,-0.7771186,0.426486254,-0.193212628,0.0,0.0,0.0,1.0]},"headPose":{"x":0.212465331,"y":-0.0486417674,"z":0.133838713}},{"recID":119,"timestamp":0,"world2head":{"data":[0.721886337,0.05287905,-0.6899884,-0.05851365,0.5125216,0.629098952,0.5844281,-0.15696609,0.464975,-0.7755246,0.4270363,-0.1935721,0.0,0.0,0.0,1.0]},"headPose":{"x":0.212694883,"y":-0.0482785664,"z":0.134023935}},{"recID":120,"timestamp":0,"world2head":{"data":[0.7217371,0.05372797,-0.690079,-0.058586508,0.510070264,0.6326585,0.58272773,-0.155388817,0.467893124,-0.772564948,0.42920804,-0.194451123,0.0,0.0,0.0,1.0]},"headPose":{"x":0.212525591,"y":-0.0487703234,"z":0.133580029}},{"recID":121,"timestamp":0,"world2head":{"data":[0.7209557,0.0539031178,-0.6908815,-0.0584706962,0.511760533,0.6308062,0.583253562,-0.155329466,0.467251539,-0.7740659,0.427197874,-0.193643138,0.0,0.0,0.0,1.0]},"headPose":{"x":0.21212633,"y":-0.0487579964,"z":0.13292408}},{"recID":122,"timestamp":0,"world2head":{"data":[0.7200724,0.05430007,-0.69177103,-0.05826635,0.5142313,0.6276047,0.584532738,-0.156283289,0.465898961,-0.776636243,0.423998058,-0.1928278,0.0,0.0,0.0,1.0]},"headPose":{"x":0.212160036,"y":-0.0485090539,"z":0.132804319}},{"recID":123,"timestamp":0,"world2head":{"data":[0.720134258,0.0557029843,-0.6915952,-0.0584063753,0.5126113,0.629025936,0.584427953,-0.155841947,0.467585683,-0.7753861,0.424429119,-0.192832753,0.0,0.0,0.0,1.0]},"headPose":{"x":0.2121126,"y":-0.0482377969,"z":0.132528663}},{"recID":124,"timestamp":0,"world2head":{"data":[0.719220042,0.0542457253,-0.6926615,-0.05828286,0.5143036,0.628726542,0.5832622,-0.155837089,0.467134148,-0.77573216,0.424294,-0.192447752,0.0,0.0,0.0,1.0]},"headPose":{"x":0.211964682,"y":-0.0481474,"z":0.132177979}},{"recID":125,"timestamp":0,"world2head":{"data":[0.7190294,0.05420591,-0.692862451,-0.0583834425,0.5149463,0.627958834,0.583522141,-0.1556456,0.466719449,-0.7763565,0.423607767,-0.192205325,0.0,0.0,0.0,1.0]},"headPose":{"x":0.21183449,"y":-0.04831611,"z":0.131790608}},{"recID":126,"timestamp":0,"world2head":{"data":[0.7183479,0.05279067,-0.69367826,-0.05833959,0.51672256,0.627145231,0.582826436,-0.1556066,0.465804815,-0.777111351,0.4232303,-0.191551983,0.0,0.0,0.0,1.0]},"headPose":{"x":0.211539388,"y":-0.0481894873,"z":0.131293342}},{"recID":127,"timestamp":0,"world2head":{"data":[0.718358636,0.0519311279,-0.693731964,-0.0585007146,0.5167535,0.6278002,0.5820934,-0.155418709,0.465753883,-0.776640236,0.424150169,-0.191509128,0.0,0.0,0.0,1.0]},"headPose":{"x":0.21153377,"y":-0.04812377,"z":0.131113}},{"recID":128,"timestamp":0,"world2head":{"data":[0.718016267,0.0514074862,-0.694125354,-0.0585515425,0.51707375,0.628184,0.5813946,-0.155023113,0.465926468,-0.776364744,0.424464822,-0.191580474,0.0,0.0,0.0,1.0]},"headPose":{"x":0.211461738,"y":-0.04834329,"z":0.130806655}},{"recID":129,"timestamp":0,"world2head":{"data":[0.717602968,0.0506086349,-0.6946112,-0.0584897846,0.518785954,0.626571536,0.581609249,-0.155098855,0.464658022,-0.777719,0.423374534,-0.190993756,0.0,0.0,0.0,1.0]},"headPose":{"x":0.211182341,"y":-0.0483988859,"z":0.130441159}},{"recID":130,"timestamp":0,"world2head":{"data":[0.716928959,0.04976882,-0.6953675,-0.0583201051,0.520748138,0.6249293,0.58162266,-0.155734986,0.463502228,-0.779093444,0.422112882,-0.190477461,0.0,0.0,0.0,1.0]},"headPose":{"x":0.21119678,"y":-0.0481738523,"z":0.130428046}},{"recID":131,"timestamp":0,"world2head":{"data":[0.7165544,0.0494353473,-0.6957773,-0.0583522767,0.520421267,0.6262815,0.580459535,-0.155498028,0.464447647,-0.7780281,0.423037529,-0.190761864,0.0,0.0,0.0,1.0]},"headPose":{"x":0.211335942,"y":-0.048147887,"z":0.13035956}},{"recID":132,"timestamp":0,"world2head":{"data":[0.7159846,0.04878834,-0.696409166,-0.05816038,0.521266341,0.6262002,0.5797884,-0.15539743,0.4643785,-0.7781343,0.422918022,-0.190713376,0.0,0.0,0.0,1.0]},"headPose":{"x":0.2112086,"y":-0.0482531525,"z":0.130250335}},{"recID":133,"timestamp":0,"world2head":{"data":[0.7157738,0.0486667454,-0.696634352,-0.058127813,0.52147615,0.626243949,0.5795526,-0.155297861,0.464467973,-0.778106749,0.422870457,-0.190731421,0.0,0.0,0.0,1.0]},"headPose":{"x":0.211179122,"y":-0.04832617,"z":0.130164117}},{"recID":134,"timestamp":0,"world2head":{"data":[0.715977669,0.0490425676,-0.6963983,-0.0582487,0.5215138,0.625583231,0.5802317,-0.155338481,0.46411112,-0.778614342,0.42232728,-0.190656245,0.0,0.0,0.0,1.0]},"headPose":{"x":0.211201653,"y":-0.0484138951,"z":0.130087376}},{"recID":135,"timestamp":0,"world2head":{"data":[0.7162094,0.0491385,-0.696153343,-0.05833569,0.5214961,0.6252088,0.5806512,-0.15541625,0.463773549,-0.778909147,0.4221549,-0.19042933,0.0,0.0,0.0,1.0]},"headPose":{"x":0.21114561,"y":-0.0482930057,"z":0.1300227}},{"recID":136,"timestamp":0,"world2head":{"data":[0.715502143,0.0486656874,-0.6969135,-0.05816576,0.5219081,0.6258997,0.579535663,-0.15575695,0.4644014,-0.7783838,0.4224335,-0.190782458,0.0,0.0,0.0,1.0]},"headPose":{"x":0.21150817,"y":-0.0481830761,"z":0.130323112}},{"recID":137,"timestamp":0,"world2head":{"data":[0.7153814,0.04919547,-0.6970003,-0.0582745671,0.5211757,0.6268529,0.579164445,-0.155378252,0.465408981,-0.777583063,0.4227994,-0.191183314,0.0,0.0,0.0,1.0]},"headPose":{"x":0.2116463,"y":-0.0483947173,"z":0.13020432}},{"recID":138,"timestamp":0,"world2head":{"data":[0.714817047,0.04916142,-0.6975814,-0.0579222739,0.5218248,0.6265796,0.578875542,-0.155480564,0.465548635,-0.7778053,0.422236085,-0.191119671,0.0,0.0,0.0,1.0]},"headPose":{"x":0.211512938,"y":-0.0483854,"z":0.130296022}},{"recID":139,"timestamp":0,"world2head":{"data":[0.714925945,0.0488854647,-0.697489142,-0.05799467,0.5218572,0.626603365,0.578820646,-0.155509576,0.465345025,-0.7778036,0.422463775,-0.191152275,0.0,0.0,0.0,1.0]},"headPose":{"x":0.211567432,"y":-0.0484009944,"z":0.130316392}},{"recID":140,"timestamp":0,"world2head":{"data":[0.7150881,0.0490124971,-0.697313964,-0.0580833778,0.5213574,0.627108037,0.578724444,-0.155304313,0.465655982,-0.777388752,0.422884464,-0.191337571,0.0,0.0,0.0,1.0]},"headPose":{"x":0.211601257,"y":-0.0485042669,"z":0.130289733}},{"recID":141,"timestamp":0,"world2head":{"data":[0.714677632,0.04914421,-0.6977254,-0.05801054,0.5216751,0.62703687,0.5785153,-0.1556207,0.465930223,-0.7774379,0.4224919,-0.19137466,0.0,0.0,0.0,1.0]},"headPose":{"x":0.2118095,"y":-0.0483511165,"z":0.130407751}},{"recID":142,"timestamp":0,"world2head":{"data":[0.7145885,0.0492084324,-0.69781214,-0.058067508,0.521012068,0.6282114,0.5778381,-0.155515239,0.466808021,-0.776485,0.4232744,-0.191643625,0.0,0.0,0.0,1.0]},"headPose":{"x":0.211980462,"y":-0.0482545756,"z":0.130460292}},{"recID":143,"timestamp":0,"world2head":{"data":[0.7144292,0.04952097,-0.697953165,-0.0580845922,0.520753,0.628602266,0.5776465,-0.1553365,0.467340618,-0.7761487,0.4233036,-0.191670209,0.0,0.0,0.0,1.0]},"headPose":{"x":0.211964548,"y":-0.0482433066,"z":0.130323946}},{"recID":144,"timestamp":0,"world2head":{"data":[0.7141638,0.04973936,-0.6982092,-0.0580495372,0.5209049,0.6285341,0.5775838,-0.155424476,0.467576951,-0.776190042,0.422966838,-0.191558659,0.0,0.0,0.0,1.0]},"headPose":{"x":0.211986646,"y":-0.04810898,"z":0.130262882}},{"recID":145,"timestamp":0,"world2head":{"data":[0.7138388,0.0497826934,-0.6985384,-0.0580302626,0.52097106,0.628834248,0.5771974,-0.155517966,0.467999339,-0.7759442,0.422950923,-0.191611513,0.0,0.0,0.0,1.0]},"headPose":{"x":0.212118641,"y":-0.0479958877,"z":0.130270422}},{"recID":146,"timestamp":0,"world2head":{"data":[0.7134609,0.0499193668,-0.6989145,-0.0580783561,0.52066493,0.629744649,0.5764803,-0.155304953,0.468915224,-0.7751965,0.423306942,-0.191605538,0.0,0.0,0.0,1.0]},"headPose":{"x":0.212145254,"y":-0.0478302538,"z":0.130046427}},{"recID":147,"timestamp":0,"world2head":{"data":[0.7132029,0.05000326,-0.69917196,-0.0581129566,0.5209031,0.6296336,0.5763867,-0.155329466,0.469043434,-0.7752814,0.423009634,-0.191469669,0.0,0.0,0.0,1.0]},"headPose":{"x":0.212165475,"y":-0.0477363728,"z":0.129892364}},{"recID":148,"timestamp":0,"world2head":{"data":[0.712569058,0.0497292578,-0.699837446,-0.05799059,0.5215924,0.6295828,0.5758185,-0.155653834,0.4692407,-0.775340259,0.422682822,-0.1913274,0.0,0.0,0.0,1.0]},"headPose":{"x":0.212288722,"