[{"recID":0,"timestamp":0,"world2head":{"data":[0.971786141,0.09801978,0.21453172,-0.017019961,-0.23066321,0.584895849,0.777619064,-0.082646884,-0.0492566526,-0.805164039,0.5910032,-0.09178782,0.0,0.0,0.0,1.0]},"headPose":{"x":-0.00704499474,"y":-0.023896141,"z":0.122166008}},{"recID":1,"timestamp":0,"world2head":{"data":[0.9719644,0.08922505,0.217541054,-0.014623451,-0.2286464,0.574407458,0.785987854,-0.08816881,-0.054827407,-0.8136922,0.5787046,-0.09480995,0.0,0.0,0.0,1.0]},"headPose":{"x":-0.0111441892,"y":-0.0251965132,"z":0.127347767}},{"recID":2,"timestamp":0,"world2head":{"data":[0.9719644,0.08922505,0.217541054,-0.014623451,-0.2286464,0.574407458,0.785987854,-0.08816881,-0.054827407,-0.8136922,0.5787046,-0.09480995,0.0,0.0,0.0,1.0]},"headPose":{"x":-0.0111441892,"y":-0.0251965132,"z":0.127347767}},{"recID":3,"timestamp":0,"world2head":{"data":[0.9719644,0.08922505,0.217541054,-0.014623451,-0.2286464,0.574407458,0.785987854,-0.08816881,-0.054827407,-0.8136922,0.5787046,-0.09480995,0.0,0.0,0.0,1.0]},"headPose":{"x":-0.0111441892,"y":-0.0251965132,"z":0.127347767}},{"recID":4,"timestamp":0,"world2head":{"data":[0.9719644,0.08922505,0.217541054,-0.014623451,-0.2286464,0.574407458,0.785987854,-0.08816881,-0.054827407,-0.8136922,0.5787046,-0.09480995,0.0,0.0,0.0,1.0]},"headPose":{"x":-0.0111441892,"y":-0.0251965132,"z":0.127347767}},{"recID":5,"timestamp":0,"world2head":{"data":[0.9719644,0.08922505,0.217541054,-0.014623451,-0.2286464,0.574407458,0.785987854,-0.08816881,-0.054827407,-0.8136922,0.5787046,-0.09480995,0.0,0.0,0.0,1.0]},"headPose":{"x":-0.0111441892,"y":-0.0251965132,"z":0.127347767}},{"recID":6,"timestamp":0,"world2head":{"data":[0.9719644,0.08922505,0.217541054,-0.014623451,-0.2286464,0.574407458,0.785987854,-0.08816881,-0.054827407,-0.8136922,0.5787046,-0.09480995,0.0,0.0,0.0,1.0]},"headPose":{"x":-0.0111441892,"y":-0.0251965132,"z":0.127347767}},{"recID":7,"timestamp":0,"world2head":{"data":[0.9719644,0.08922505,0.217541054,-0.014623451,-0.2286464,0.574407458,0.785987854,-0.08816881,-0.054827407,-0.8136922,0.5787046,-0.09480995,0.0,0.0,0.0,1.0]},"headPose":{"x":-0.0111441892,"y":-0.0251965132,"z":0.127347767}},{"recID":8,"timestamp":0,"world2head":{"data":[0.9719644,0.08922505,0.217541054,-0.014623451,-0.2286464,0.574407458,0.785987854,-0.08816881,-0.054827407,-0.8136922,0.5787046,-0.09480995,0.0,0.0,0.0,1.0]},"headPose":{"x":-0.0111441892,"y":-0.0251965132,"z":0.127347767}},{"recID":9,"timestamp":0,"world2head":{"data":[0.9719644,0.08922505,0.217541054,-0.014623451,-0.2286464,0.574407458,0.785987854,-0.08816881,-0.054827407,-0.8136922,0.5787046,-0.09480995,0.0,0.0,0.0,1.0]},"headPose":{"x":-0.0111441892,"y":-0.0251965132,"z":0.127347767}},{"recID":10,"timestamp":0,"world2head":{"data":[0.9719644,0.08922505,0.217541054,-0.014623451,-0.2286464,0.574407458,0.785987854,-0.08816881,-0.054827407,-0.8136922,0.5787046,-0.09480995,0.0,0.0,0.0,1.0]},"headPose":{"x":-0.0111441892,"y":-0.0251965132,"z":0.127347767}},{"recID":11,"timestamp":0,"world2head":{"data":[0.9719644,0.08922505,0.217541054,-0.014623451,-0.2286464,0.574407458,0.785987854,-0.08816881,-0.054827407,-0.8136922,0.5787046,-0.09480995,0.0,0.0,0.0,1.0]},"headPose":{"x":-0.0111441892,"y":-0.0251965132,"z":0.127347767}},{"recID":12,"timestamp":0,"world2head":{"data":[0.9719644,0.08922505,0.217541054,-0.014623451,-0.2286464,0.574407458,0.785987854,-0.08816881,-0.054827407,-0.8136922,0.5787046,-0.09480995,0.0,0.0,0.0,1.0]},"headPose":{"x":-0.0111441892,"y":-0.0251965132,"z":0.127347767}},{"recID":13,"timestamp":0,"world2head":{"data":[0.9719644,0.08922505,0.217541054,-0.014623451,-0.2286464,0.574407458,0.785987854,-0.08816881,-0.054827407,-0.8136922,0.5787046,-0.09480995,0.0,0.0,0.0,1.0]},"headPose":{"x":-0.0111441892,"y":-0.0251965132,"z":0.127347767}},{"recID":14,"timestamp":0,"world2head":{"data":[0.9719644,0.08922505,0.217541054,-0.014623451,-0.2286464,0.574407458,0.785987854,-0.08816881,-0.054827407,-0.8136922,0.5787046,-0.09480995,0.0,0.0,0.0,1.0]},"headPose":{"x":-0.0111441892,"y":-0.0251965132,"z":0.127347767}},{"recID":15,"timestamp":0,"world2head":{"data":[0.9719644,0.08922505,0.217541054,-0.014623451,-0.2286464,0.574407458,0.785987854,-0.08816881,-0.054827407,-0.8136922,0.5787046,-0.09480995,0.0,0.0,0.0,1.0]},"headPose":{"x":-0.0111441892,"y":-0.0251965132,"z":0.127347767}},{"recID":16,"timestamp":0,"world2head":{"data":[0.9719644,0.08922505,0.217541054,-0.014623451,-0.2286464,0.574407458,0.785987854,-0.08816881,-0.054827407,-0.8136922,0.5787046,-0.09480995,0.0,0.0,0.0,1.0]},"headPose":{"x":-0.0111441892,"y":-0.0251965132,"z":0.127347767}},{"recID":17,"timestamp":0,"world2head":{"data":[0.9719644,0.08922505,0.217541054,-0.014623451,-0.2286464,0.574407458,0.785987854,-0.08816881,-0.054827407,-0.8136922,0.5787046,-0.09480995,0.0,0.0,0.0,1.0]},"headPose":{"x":-0.0111441892,"y":-0.0251965132,"z":0.127347767}},{"recID":18,"timestamp":0,"world2head":{"data":[0.972115159,0.08922011,0.216868371,-0.0145128174,-0.22813791,0.573833346,0.7865548,-0.0883296,-0.0542697981,-0.814097762,0.5781865,-0.09483765,0.0,0.0,0.0,1.0]},"headPose":{"x":-0.0111900186,"y":-0.0252258182,"z":0.127457291}},{"recID":19,"timestamp":0,"world2head":{"data":[0.9724824,0.08927638,0.2151924,-0.0143134575,-0.2267943,0.5741363,0.7867223,-0.08862698,-0.05331409,-0.81387794,0.5785848,-0.0950255,0.0,0.0,0.0,1.0]},"headPose":{"x":-0.0112467017,"y":-0.025177341,"z":0.127785265}},{"recID":20,"timestamp":0,"world2head":{"data":[0.972563863,0.0890101,0.214934349,-0.0142872911,-0.226433456,0.5741201,0.786838055,-0.08861853,-0.0533616245,-0.8139186,0.5785233,-0.09496662,0.0,0.0,0.0,1.0]},"headPose":{"x":-0.0112384669,"y":-0.0251457,"z":0.127739653}},{"recID":21,"timestamp":0,"world2head":{"data":[0.972647965,0.0888136253,0.214634851,-0.0142710386,-0.226098508,0.573809147,0.7871612,-0.0886616558,-0.0532488376,-0.814159334,0.5781949,-0.09499019,0.0,0.0,0.0,1.0]},"headPose":{"x":-0.011223685,"y":-0.025194807,"z":0.127776891}},{"recID":22,"timestamp":0,"world2head":{"data":[0.9727393,0.08861344,0.214303434,-0.0142318709,-0.22573477,0.5735098,0.7874835,-0.0888076052,-0.05312351,-0.8143919,0.5778787,-0.094990246,0.0,0.0,0.0,1.0]},"headPose":{"x":-0.01124928,"y":-0.0251661055,"z":0.1278773}},{"recID":23,"timestamp":0,"world2head":{"data":[0.972763,0.08844672,0.214264512,-0.0142967245,-0.225576177,0.5739886,0.787180066,-0.08873703,-0.0533619,-0.8140726,0.5783064,-0.0950534642,0.0,0.0,0.0,1.0]},"headPose":{"x":-0.0111818686,"y":-0.02518188,"z":0.127885327}},{"recID":24,"timestamp":0,"world2head":{"data":[0.972900152,0.0882302,0.213730544,-0.0142681105,-0.22504741,0.5735625,0.7876419,-0.08911258,-0.0530940369,-0.8143964,0.577875,-0.09512487,0.0,0.0,0.0,1.0]},"headPose":{"x":-0.0112236682,"y":-0.0250988379,"z":0.1282086}},{"recID":25,"timestamp":0,"world2head":{"data":[0.9727917,0.08847588,0.21412237,-0.0143957231,-0.225447476,0.5744533,0.78687793,-0.0889043137,-0.0533835739,-0.8137416,0.578770041,-0.095282875,0.0,0.0,0.0,1.0]},"headPose":{"x":-0.0111257564,"y":-0.0251905937,"z":0.128186166}},{"recID":26,"timestamp":0,"world2head":{"data":[0.9730584,0.08773481,0.213213414,-0.0143489325,-0.224284083,0.5744804,0.787190557,-0.0889989957,-0.05342295,-0.8138027,0.5786805,-0.09536955,0.0,0.0,0.0,1.0]},"headPose":{"x":-0.0110936267,"y":-0.0252249222,"z":0.128307045}},{"recID":27,"timestamp":0,"world2head":{"data":[0.973312259,0.0874073654,0.212186769,-0.0142386444,-0.223251179,0.574694037,0.7873283,-0.08890762,-0.0531242043,-0.813687265,0.578870535,-0.09556984,0.0,0.0,0.0,1.0]},"headPose":{"x":-0.0110671539,"y":-0.0254247133,"z":0.128343284}},{"recID":28,"timestamp":0,"world2head":{"data":[0.973077953,0.08753862,0.213204756,-0.0142178768,-0.224248409,0.573196232,0.7881363,-0.08887079,-0.0532158166,-0.8147289,0.577395,-0.09538862,0.0,0.0,0.0,1.0]},"headPose":{"x":-0.011170214,"y":-0.0255308449,"z":0.128150523}},{"recID":29,"timestamp":0,"world2head":{"data":[0.972981036,0.0871894,0.213789538,-0.0144040445,-0.2245506,0.5727571,0.7883695,-0.0889528841,-0.0537120253,-0.8150751,0.5768602,-0.09539969,0.0,0.0,0.0,1.0]},"headPose":{"x":-0.0110836718,"y":-0.02555364,"z":0.128239453}},{"recID":30,"timestamp":0,"world2head":{"data":[0.9729089,0.08697765,0.214203551,-0.0145817436,-0.224832714,0.5717286,0.7890353,-0.08898603,-0.05383788,-0.8158195,0.5757953,-0.0952896,0.0,0.0,0.0,1.0]},"headPose":{"x":-0.01095045,"y":-0.0255949683,"z":0.128203869}},{"recID":31,"timestamp":0,"world2head":{"data":[0.9728977,0.0865258947,0.214437351,-0.0146337049,-0.224784136,0.5714229,0.789270639,-0.08915118,-0.05424209,-0.816081643,0.57538563,-0.09532275,0.0,0.0,0.0,1.0]},"headPose":{"x":-0.0109731741,"y":-0.0255819354,"z":0.128349751}},{"recID":32,"timestamp":0,"world2head":{"data":[0.9730082,0.0856135041,0.214301884,-0.0147647755,-0.224153683,0.571404338,0.7894633,-0.089311026,-0.0548642948,-0.816190839,0.5751717,-0.09524879,0.0,0.0,0.0,1.0]},"headPose":{"x":-0.0108789075,"y":-0.0254444089,"z":0.1284563}},{"recID":33,"timestamp":0,"world2head":{"data":[0.9731438,0.08424338,0.21422933,-0.0148958424,-0.223273724,0.5719572,0.7893123,-0.08929755,-0.0560356826,-0.815946162,0.5754059,-0.09527071,0.0,0.0,0.0,1.0]},"headPose":{"x":-0.0107805561,"y":-0.02540652,"z":0.1284941}},{"recID":34,"timestamp":0,"world2head":{"data":[0.973166049,0.08395525,0.2142413,-0.0150441509,-0.223090112,0.572370052,0.7890649,-0.089166604,-0.0563791767,-0.8156862,0.5757407,-0.0954036638,0.0,0.0,0.0,1.0]},"headPose":{"x":-0.0106305089,"y":-0.0255201329,"z":0.128509074}},{"recID":35,"timestamp":0,"world2head":{"data":[0.9732265,0.0837666541,0.214040533,-0.0150892083,-0.222840324,0.5720674,0.789354861,-0.08919432,-0.05632399,-0.8159179,0.5754177,-0.09535326,0.0,0.0,0.0,1.0]},"headPose":{"x":-0.01056155,"y":-0.0255113058,"z":0.128503621}},{"recID":36,"timestamp":0,"world2head":{"data":[0.9732989,0.0837241858,0.213727564,-0.0152263669,-0.222570583,0.5719455,0.78951937,-0.08928704,-0.0561386868,-0.8160078,0.575308442,-0.09536585,0.0,0.0,0.0,1.0]},"headPose":{"x":-0.0104065705,"y":-0.025477143,"z":0.1286129}},{"recID":37,"timestamp":0,"world2head":{"data":[0.9734251,0.08386645,0.213096231,-0.0152027486,-0.222136289,0.571997046,0.789604247,-0.08943406,-0.0556691065,-0.815957,0.575426,-0.09542081,0.0,0.0,0.0,1.0]},"headPose":{"x":-0.0103798043,"y":-0.0254282635,"z":0.128764778}},{"recID":38,"timestamp":0,"world2head":{"data":[0.973605454,0.0844031349,0.212057739,-0.0152432881,-0.221575022,0.5723845,0.789481163,-0.08927764,-0.0547438562,-0.81562984,0.5759783,-0.09570911,0.0,0.0,0.0,1.0]},"headPose":{"x":-0.0101802321,"y":-0.02567549,"z":0.128841847}},{"recID":39,"timestamp":0,"world2head":{"data":[0.973676443,0.0845353454,0.211679,-0.0152605455,-0.221394166,0.5716248,0.790082157,-0.0892292559,-0.0542111248,-0.8161488,0.575293243,-0.09570353,0.0,0.0,0.0,1.0]},"headPose":{"x":-0.010084196,"y":-0.0258126073,"z":0.128786355}},{"recID":40,"timestamp":0,"world2head":{"data":[0.9737166,0.08451254,0.211503074,-0.0153094158,-0.221274823,0.571074247,0.7905135,-0.089440465,-0.0539756566,-0.8165364,0.574765,-0.09569023,0.0,0.0,0.0,1.0]},"headPose":{"x":-0.0100488346,"y":-0.0257635731,"z":0.128941283}},{"recID":41,"timestamp":0,"world2head":{"data":[0.9737804,0.08439328,0.2112571,-0.0154289147,-0.221015617,0.570943236,0.790680766,-0.08943836,-0.0538876727,-0.8166405,0.5746255,-0.09576376,0.0,0.0,0.0,1.0]},"headPose":{"x":-0.00990338251,"y":-0.02583825,"z":0.12900494}},{"recID":42,"timestamp":0,"world2head":{"data":[0.9738384,0.0845177248,0.210939735,-0.0155017683,-0.220858783,0.570489347,0.791052043,-0.08943613,-0.05348096,-0.8169448,0.5742309,-0.09581294,0.0,0.0,0.0,1.0]},"headPose":{"x":-0.009780706,"y":-0.02594134,"z":0.129037321}},{"recID":43,"timestamp":0,"world2head":{"data":[0.974033952,0.08456841,0.210014343,-0.0156781934,-0.2201803,0.569803834,0.7917349,-0.08970226,-0.05271122,-0.8174177,0.573628664,-0.0957919,0.0,0.0,0.0,1.0]},"headPose":{"x":-0.009528886,"y":-0.0258634072,"z":0.12926203}},{"recID":44,"timestamp":0,"world2head":{"data":[0.974175,0.08469784,0.209306881,-0.0157377161,-0.219649643,0.5702641,0.791551,-0.0897651538,-0.0523175448,-0.817083359,0.574140847,-0.09580125,0.0,0.0,0.0,1.0]},"headPose":{"x":-0.009397679,"y":-0.0257548187,"z":0.129351109}},{"recID":45,"timestamp":0,"world2head":{"data":[0.9743887,0.08485773,0.208244562,-0.0157364868,-0.218812644,0.5712925,0.791041,-0.08978795,-0.0518426076,-0.816347957,0.5752289,-0.0959363,0.0,0.0,0.0,1.0]},"headPose":{"x":-0.009286872,"y":-0.02568686,"z":0.129488319}},{"recID":46,"timestamp":0,"world2head":{"data":[0.9745345,0.0850814953,0.207469463,-0.0157669727,-0.218225718,0.5726528,0.7902191,-0.0896994844,-0.0515749529,-0.815371,0.57663697,-0.09605886,0.0,0.0,0.0,1.0]},"headPose":{"x":-0.009163505,"y":-0.0256154686,"z":0.1295445}},{"recID":47,"timestamp":0,"world2head":{"data":[0.974651635,0.0855983943,0.206705481,-0.0158059932,-0.217837945,0.5736904,0.7895733,-0.0895764157,-0.0509987473,-0.814587235,0.57779485,-0.09602058,0.0,0.0,0.0,1.0]},"headPose":{"x":-0.009004733,"y":-0.0254750382,"z":0.129474521}},{"recID":48,"timestamp":0,"world2head":{"data":[0.974912047,0.08695952,0.204901427,-0.01577402,-0.216882735,0.5782279,0.786520541,-0.0899182558,-0.0500842631,-0.811227858,0.5825813,-0.09633473,0.0,0.0,0.0,1.0]},"headPose":{"x":-0.008948288,"y":-0.0247844812,"z":0.130077481}},{"recID":49,"timestamp":0,"world2head":{"data":[0.9748283,0.08792808,0.204886422,-0.0159420948,-0.2172853,0.58062,0.784644842,-0.08928941,-0.0499688536,-0.809412837,0.5851103,-0.09639749,0.0,0.0,0.0,1.0]},"headPose":{"x":-0.008677345,"y":-0.02478038,"z":0.129729956}},{"recID":50,"timestamp":0,"world2head":{"data":[0.9748426,0.08889529,0.204400256,-0.0159075372,-0.217452854,0.580687165,0.7845487,-0.08924444,-0.0489499122,-0.809259,0.585409164,-0.0962132141,0.0,0.0,0.0,1.0]},"headPose":{"x":-0.008608742,"y":-0.0246241949,"z":0.12959221}},{"recID":51,"timestamp":0,"world2head":{"data":[0.97489053,0.0893806741,0.203959554,-0.0159488525,-0.217336565,0.581426144,0.7840334,-0.08940548,-0.0485099852,-0.8086747,0.58625257,-0.0960521,0.0,0.0,0.0,1.0]},"headPose":{"x":-0.00854218,"y":-0.0242666975,"z":0.129660591}},{"recID":52,"timestamp":0,"world2head":{"data":[0.974909842,0.09014689,0.20352979,-0.0159612335,-0.21735236,0.582868,0.7829578,-0.08937545,-0.0480497926,-0.8075509,0.587837338,-0.09613688,0.0,0.0,0.0,1.0]},"headPose":{"x":-0.008484559,"y":-0.0241024923,"z":0.129738644}},{"recID":53,"timestamp":0,"world2head":{"data":[0.9749767,0.0903153047,0.203134179,-0.0158934239,-0.217040718,0.584424853,0.7818829,-0.0893284753,-0.0481006578,-0.806406,0.589402735,-0.0961602554,0.0,0.0,0.0,1.0]},"headPose":{"x":-0.008517572,"y":-0.0239030086,"z":0.129750028}},{"recID":54,"timestamp":0,"world2head":{"data":[0.9749185,0.09021613,0.203457624,-0.016008256,-0.217219383,0.584801137,0.781551957,-0.0891563445,-0.048473686,-0.806144357,0.589730144,-0.09626811,0.0,0.0,0.0,1.0]},"headPose":{"x":-0.008426207,"y":-0.0240230579,"z":0.129709512}},{"recID":55,"timestamp":0,"world2head":{"data":[0.9750002,0.0899084955,0.20320192,-0.0159494057,-0.216850623,0.5845245,0.7818611,-0.0890306756,-0.04848054,-0.806379259,0.5894083,-0.0961870849,0.0,0.0,0.0,1.0]},"headPose":{"x":-0.00841889,"y":-0.0240886714,"z":0.12954405}},{"recID":56,"timestamp":0,"world2head":{"data":[0.9751384,0.08955082,0.202695966,-0.015871102,-0.216236383,0.584505558,0.7820455,-0.0891250744,-0.0484441146,-0.806432843,0.589337945,-0.09622983,0.0,0.0,0.0,1.0]},"headPose":{"x":-0.008457329,"y":-0.0240875278,"z":0.129628763}},{"recID":57,"timestamp":0,"world2head":{"data":[0.97513485,0.08925557,0.202843532,-0.0158678871,-0.216177791,0.5845701,0.7820135,-0.08916699,-0.0487772375,-0.806418836,0.5893297,-0.0963439941,0.0,0.0,0.0,1.0]},"headPose":{"x":-0.008501982,"y":-0.0241529569,"z":0.129726857}},{"recID":58,"timestamp":0,"world2head":{"data":[0.9750111,0.08868214,0.203688025,-0.0159538575,-0.216454625,0.5856111,0.7811575,-0.08913473,-0.05000726,-0.8057264,0.590173,-0.09652543,0.0,0.0,0.0,1.0]},"headPose":{"x":-0.008565409,"y":-0.0241599847,"z":0.129844576}},{"recID":59,"timestamp":0,"world2head":{"data":[0.974954,0.0887006447,0.203953,-0.0160299689,-0.216678143,0.585605145,0.7811,-0.08885207,-0.0501518548,-0.805728734,0.5901576,-0.0966259241,0.0,0.0,0.0,1.0]},"headPose":{"x":-0.008469789,"y":-0.0244001839,"z":0.129696235}},{"recID":60,"timestamp":0,"world2head":{"data":[0.975011349,0.0886787847,0.203688234,-0.0159723982,-0.216560781,0.5838623,0.7824361,-0.08924819,-0.049540408,-0.806995,0.5884768,-0.0963925645,0.0,0.0,0.0,1.0]},"headPose":{"x":-0.008529713,"y":-0.0242632385,"z":0.129809171}},{"recID":61,"timestamp":0,"world2head":{"data":[0.9749471,0.08875396,0.203963116,-0.0160269663,-0.216822833,0.5839033,0.782332957,-0.08943647,-0.0496595949,-0.806957066,0.5885187,-0.09633257,0.0,0.0,0.0,1.0]},"headPose":{"x":-0.00855026,"y":-0.0240915474,"z":0.129931524}},{"recID":62,"timestamp":0,"world2head":{"data":[0.974897444,0.0892383158,0.203989059,-0.01607212,-0.217061132,0.58498,0.781462,-0.0893611,-0.049593173,-0.806123435,0.589665651,-0.0966078341,0.0,0.0,0.0,1.0]},"headPose":{"x":-0.008519242,"y":-0.024169134,"z":0.130077168}},{"recID":63,"timestamp":0,"world2head":{"data":[0.9749072,0.08992248,0.203641579,-0.01609349,-0.217197239,0.5847583,0.7815901,-0.08946339,-0.0487986058,-0.806208253,0.589616,-0.0965397656,0.0,0.0,0.0,1.0]},"headPose":{"x":-0.008452544,"y":-0.0240695253,"z":0.1301224}},{"recID":64,"timestamp":0,"world2head":{"data":[0.9749925,0.09036742,0.203035414,-0.0160631426,-0.21692957,0.5854713,0.781130552,-0.08958181,-0.0482826456,-0.8056408,0.5904335,-0.0966476649,0.0,0.0,0.0,1.0]},"headPose":{"x":-0.008437907,"y":-0.0239641368,"z":0.130300492}},{"recID":65,"timestamp":0,"world2head":{"data":[0.9750556,0.09058125,0.202636659,-0.0159473941,-0.216730431,0.5855593,0.7811198,-0.08948482,-0.0479009748,-0.80555284,0.590584636,-0.09657976,0.0,0.0,0.0,1.0]},"headPose":{"x":-0.00847074948,"y":-0.02395689,"z":0.130168408}},{"recID":66,"timestamp":0,"world2head":{"data":[0.9751083,0.0906705558,0.202342868,-0.0158580728,-0.216571659,0.5851506,0.78147006,-0.08972436,-0.0475447178,-0.805839658,0.5902219,-0.0966807753,0.0,0.0,0.0,1.0]},"headPose":{"x":-0.008565076,"y":-0.0239690822,"z":0.130388781}},{"recID":67,"timestamp":0,"world2head":{"data":[0.9750163,0.09099901,0.202638537,-0.0158615857,-0.21697551,0.585589647,0.781029046,-0.08969625,-0.0475901738,-0.805483639,0.590704,-0.09679039,0.0,0.0,0.0,1.0]},"headPose":{"x":-0.008602856,"y":-0.0239944868,"z":0.13044402}},{"recID":68,"timestamp":0,"world2head":{"data":[0.97522527,0.08982447,0.202156544,-0.0157855414,-0.2158829,0.5858675,0.781123459,-0.089754045,-0.0482729375,-0.8054134,0.5907444,-0.09696352,0.0,0.0,0.0,1.0]},"headPose":{"x":-0.008662617,"y":-0.0240938161,"z":0.130580783}},{"recID":69,"timestamp":0,"world2head":{"data":[0.97527647,0.08983335,0.20190537,-0.0156892277,-0.215686053,0.5858821,0.781166852,-0.08990017,-0.0481179059,-0.805401862,0.590772867,-0.09706434,0.0,0.0,0.0,1.0]},"headPose":{"x":-0.008759413,"y":-0.0240954719,"z":0.130737752}},{"recID":70,"timestamp":0,"world2head":{"data":[0.9749354,0.09033871,0.203322053,-0.0157696363,-0.217115819,0.5859116,0.7807486,-0.08993949,-0.04859694,-0.805323958,0.5908399,-0.0970229357,0.0,0.0,0.0,1.0]},"headPose":{"x":-0.008867925,"y":-0.0240136851,"z":0.130751461}},{"recID":71,"timestamp":0,"world2head":{"data":[0.9747155,0.09036939,0.204360366,-0.01585048,-0.217952892,0.5861149,0.780362666,-0.08989161,-0.0492577776,-0.8051725,0.5909915,-0.09709241,0.0,0.0,0.0,1.0]},"headPose":{"x":-0.008924983,"y":-0.024056932,"z":0.130768061}},{"recID":72,"timestamp":0,"world2head":{"data":[0.974611342,0.08994262,0.20504415,-0.0160957072,-0.218262479,0.585906863,0.7804324,-0.09004902,-0.0499426425,-0.8053717,0.590662539,-0.09706118,0.0,0.0,0.0,1.0]},"headPose":{"x":-0.008814754,"y":-0.0239622984,"z":0.1309079}},{"recID":73,"timestamp":0,"world2head":{"data":[0.9745326,0.08961209,0.205562323,-0.0162501261,-0.218433172,0.5867046,0.779785,-0.0904163048,-0.0507261977,-0.8048275,0.591336966,-0.0971546546,0.0,0.0,0.0,1.0]},"headPose":{"x":-0.008841928,"y":-0.0236888751,"z":0.131296843}},{"recID":74,"timestamp":0,"world2head":{"data":[0.9746355,0.08938001,0.205175161,-0.0163164921,-0.217920259,0.58776,0.7791335,-0.09053683,-0.05095479,-0.804083049,0.592329443,-0.09740903,0.0,0.0,0.0,1.0]},"headPose":{"x":-0.008790634,"y":-0.023652656,"z":0.131586254}},{"recID":75,"timestamp":0,"world2head":{"data":[0.974783,0.08912365,0.2045851,-0.0163233727,-0.217218265,0.589010954,0.778384447,-0.09063876,-0.05113039,-0.8031956,0.5935171,-0.09751886,0.0,0.0,0.0,1.0]},"headPose":{"x":-0.008762825,"y":-0.0234846938,"z":0.131770432}},{"recID":76,"timestamp":0,"world2head":{"data":[0.974831,0.0897423,0.204085588,-0.0163245648,-0.21710667,0.5902474,0.7774784,-0.090313904,-0.05068829,-0.8022184,0.5948751,-0.0978942,0.0,0.0,0.0,1.0]},"headPose":{"x":-0.008656152,"y":-0.02375997,"z":0.131783545}},{"recID":77,"timestamp":0,"world2head":{"data":[0.974872231,0.0901257843,0.203719169,-0.016334217,-0.217046633,0.5901613,0.777560532,-0.09056721,-0.0501489341,-0.802238762,0.5948934,-0.0977879539,0.0,0.0,0.0,1.0]},"headPose":{"x":-0.00863749348,"y":-0.0235278867,"z":0.131922483}},{"recID":78,"timestamp":0,"world2head":{"data":[0.974817634,0.09388168,0.202279046,-0.0165319331,-0.217920467,0.5935948,0.7746973,-0.09059786,-0.047341913,-0.7992693,0.5991054,-0.0986861438,0.0,0.0,0.0,1.0]},"headPose":{"x":-0.008299498,"y":-0.0235463474,"z":0.132653385}},{"recID":79,"timestamp":0,"world2head":{"data":[0.9748058,0.09647846,0.201111019,-0.016470015,-0.218588471,0.592726946,0.7751735,-0.0909199342,-0.0444163829,-0.7996041,0.598882735,-0.0987676457,0.0,0.0,0.0,1.0]},"headPose":{"x":-0.008205884,"y":-0.02349531,"z":0.132941246}},{"recID":80,"timestamp":0,"world2head":{"data":[0.9747254,0.09939731,0.200076208,-0.01651695,-0.219479054,0.593230367,0.7745365,-0.09144422,-0.04170446,-0.798872948,0.600052357,-0.09929697,0.0,0.0,0.0,1.0]},"headPose":{"x":-0.008111723,"y":-0.0234364346,"z":0.1337149}},{"recID":81,"timestamp":0,"world2head":{"data":[0.9743974,0.105027854,0.198793381,-0.01664567,-0.221744984,0.59495616,0.772564769,-0.09120908,-0.0371325463,-0.796866536,0.603013158,-0.100419767,0.0,0.0,0.0,1.0]},"headPose":{"x":-0.00773449568,"y":-0.0240074936,"z":0.13432841}},{"recID":82,"timestamp":0,"world2head":{"data":[0.9741848,0.109845892,0.197225451,-0.0166462138,-0.223399535,0.594872236,0.772152662,-0.0909741446,-0.0325061679,-0.79627943,0.604055047,-0.101260945,0.0,0.0,0.0,1.0]},"headPose":{"x":-0.00739869568,"y":-0.0246854927,"z":0.134696156}},{"recID":83,"timestamp":0,"world2head":{"data":[0.973976731,0.120890364,0.191715449,-0.01646937,-0.225820139,0.5898355,0.7753059,-0.0903718546,-0.0193535686,-0.7984231,0.6017856,-0.102202311,0.0,0.0,0.0,1.0]},"headPose":{"x":-0.006344982,"y":-0.0263051651,"z":0.13472715}},{"recID":84,"timestamp":0,"world2head":{"data":[0.974136055,0.124958433,0.188266754,-0.0163124781,-0.225579113,0.5862938,0.7780576,-0.09057344,-0.01315476,-0.800403,0.5993179,-0.102017991,0.0,0.0,0.0,1.0]},"headPose":{"x":-0.005882926,"y":-0.0265144873,"z":0.134683669}},{"recID":85,"timestamp":0,"world2head":{"data":[0.9746565,0.128024578,0.183451325,-0.0158416461,-0.223610818,0.58155,0.782175064,-0.09119675,-0.006548494,-0.8033737,0.5954392,-0.101710021,0.0,0.0,0.0,1.0]},"headPose":{"x":-0.00561846327,"y":-0.0266475622,"z":0.134800121}},{"recID":86,"timestamp":0,"world2head":{"data":[0.975194335,0.129665315,0.179395944,-0.0154624851,-0.221340358,0.578959,0.784738839,-0.09249804,-0.00210949779,-0.804980457,0.5932977,-0.100776024,0.0,0.0,0.0,1.0]},"headPose":{"x":-0.00560720451,"y":-0.0255652014,"z":0.13515088}},{"recID":87,"timestamp":0,"world2head":{"data":[0.9755789,0.13146995,0.175958484,-0.0151296668,-0.219647542,0.5808765,0.7837968,-0.0931099355,0.000835575163,-0.803304434,0.595567942,-0.100903377,0.0,0.0,0.0,1.0]},"headPose":{"x":-0.0056068725,"y":-0.02498167,"z":0.135736287}},{"recID":88,"timestamp":0,"world2head":{"data":[0.9756458,0.1346691,0.173146054,-0.0150115509,-0.2193192,0.585235834,0.7806396,-0.09308591,0.00379672647,-0.799602,0.6005184,-0.100668639,0.0,0.0,0.0,1.0]},"headPose":{"x":-0.00538735325,"y":-0.0239960365,"z":0.135719091}},{"recID":89,"timestamp":0,"world2head":{"data":[0.9755531,0.136598483,0.172154069,-0.0150048258,-0.219707236,0.5884313,0.7781243,-0.0933813453,0.004989736,-0.796925,0.60405767,-0.100932762,0.0,0.0,0.0,1.0]},"headPose":{"x":-0.00537492428,"y":-0.0234376974,"z":0.136214629}},{"recID":90,"timestamp":0,"world2head":{"data":[0.975248,0.139130175,0.171855241,-0.0148042087,-0.221044332,0.593937159,0.773549,-0.09261667,0.00555279851,-0.7923897,0.6099899,-0.101640634,0.0,0.0,0.0,1.0]},"headPose":{"x":-0.00547022372,"y":-0.0234708115,"z":0.136187479}},{"recID":91,"timestamp":0,"world2head":{"data":[0.9752492,0.140196979,0.170979083,-0.0144708753,-0.221021414,0.596404552,0.7716549,-0.09213413,0.006210953,-0.790345848,0.612629533,-0.10177502,0.0,0.0,0.0,1.0]},"headPose":{"x":-0.005618784,"y":-0.0234594774,"z":0.135920346}},{"recID":92,"timestamp":0,"world2head":{"data":[0.9751351,0.1403591,0.171496,-0.01440894,-0.221521646,0.595351458,0.772324264,-0.0920556039,0.00630231947,-0.7911106,0.6116407,-0.101367682,0.0,0.0,0.0,1.0]},"headPose":{"x":-0.00570279034,"y":-0.0233651865,"z":0.135568455}},{"recID":93,"timestamp":0,"world2head":{"data":[0.9746947,0.138741046,0.175274432,-0.0146644693,-0.223522186,0.594952345,0.7720554,-0.0931684,0.00283583254,-0.7916961,0.6109086,-0.101104714,0.0,0.0,0.0,1.0]},"headPose":{"x":-0.006245109,"y":-0.0225788672,"z":0.136267215}},{"recID":94,"timestamp":0,"world2head":{"data":[0.9742561,0.137896672,0.17835243,-0.0150999809,-0.225444183,0.595845461,0.770806849,-0.09250308,2.12043524E-05,-0.7911717,0.6115941,-0.101204626,0.0,0.0,0.0,1.0]},"headPose":{"x":-0.006140883,"y":-0.022870468,"z":0.135891259}},{"recID":95,"timestamp":0,"world2head":{"data":[0.974144757,0.136026412,0.180385321,-0.0154262818,-0.2259166,0.5933348,0.7726031,-0.09308392,-0.0019344613,-0.793379247,0.6087246,-0.101073846,0.0,0.0,0.0,1.0]},"headPose":{"x":-0.00619729329,"y":-0.022861585,"z":0.13622573}},{"recID":96,"timestamp":0,"world2head":{"data":[0.9741516,0.1340439,0.181826383,-0.0155745465,-0.225852758,0.59353137,0.772470832,-0.09328606,-0.004374668,-0.7935697,0.608463764,-0.101086259,0.0,0.0,0.0,1.0]},"headPose":{"x":-0.006339159,"y":-0.0227631126,"z":0.136399925}},{"recID":97,"timestamp":0,"world2head":{"data":[0.974198759,0.1325618,0.182658613,-0.0156093547,-0.225612909,0.5934019,0.772640347,-0.0933795,-0.00596740842,-0.7939154,0.6079991,-0.1011058,0.0,0.0,0.0,1.0]},"headPose":{"x":-0.006464342,"y":-0.0227886736,"z":0.136472166}},{"recID":98,"timestamp":0,"world2head":{"data":[0.9744481,0.128881037,0.183958292,-0.0156931765,-0.224428326,0.5918697,0.7741591,-0.09329311,-0.00910493,-0.795663238,0.6056708,-0.101091594,0.0,0.0,0.0,1.0]},"headPose":{"x":-0.00656586047,"y":-0.0231949482,"z":0.136338815}},{"recID":99,"timestamp":0,"world2head":{"data":[0.974545956,0.127533585,0.184378371,-0.0156693179,-0.2239646,0.5905318,0.775314152,-0.09345532,-0.0100027174,-0.7968735,0.6040634,-0.101063035,0.0,0.0,0.0,1.0]},"headPose":{"x":-0.00667111576,"y":-0.0233477484,"z":0.1363948}},{"recID":100,"timestamp":0,"world2head":{"data":[0.9746641,0.126507565,0.184460759,-0.0155098848,-0.223436669,0.588633537,0.776908457,-0.09378298,-0.0102950111,-0.798440039,0.6019864,-0.100842752,0.0,0.0,0.0,1.0]},"headPose":{"x":-0.00687580463,"y":-0.0233509634,"z":0.1364277}},{"recID":101,"timestamp":0,"world2head":{"data":[0.9747866,0.125391185,0.1845756,-0.0153423753,-0.222869039,0.587801337,0.7777011,-0.09396629,-0.01097694,-0.7992287,0.6009267,-0.100960687,0.0,0.0,0.0,1.0]},"headPose":{"x":-0.007094872,"y":-0.0235333778,"z":0.136579484}},{"recID":102,"timestamp":0,"world2head":{"data":[0.9747145,0.12491589,0.185277328,-0.0153224468,-0.223158777,0.5867716,0.778395355,-0.093927294,-0.0114815384,-0.8000595,0.599810839,-0.100863084,0.0,0.0,0.0,1.0]},"headPose":{"x":-0.00718375,"y":-0.02366859,"z":0.136450231}},{"recID":103,"timestamp":0,"world2head":{"data":[0.9746235,0.124015473,0.186357558,-0.0151935779,-0.2235195,0.584398746,0.7800751,-0.09428348,-0.012165755,-0.8019341,0.5972886,-0.100746825,0.0,0.0,0.0,1.0]},"headPose":{"x":-0.00749183865,"y":-0.0238089282,"z":0.136554569}},{"recID":104,"timestamp":0,"world2head":{"data":[0.974610746,0.123613745,0.186691076,-0.0151963178,-0.223561347,0.5834805,0.7807502,-0.09458311,-0.0124191418,-0.802664459,0.596301556,-0.100747645,0.0,0.0,0.0,1.0]},"headPose":{"x":-0.00758583145,"y":-0.0238006786,"z":0.136758775}},{"recID":105,"timestamp":0,"world2head":{"data":[0.9745202,0.123796776,0.187042028,-0.0151518183,-0.223963425,0.58270216,0.781216,-0.09480348,-0.0122777745,-0.803201437,0.595581055,-0.100730076,0.0,0.0,0.0,1.0]},"headPose":{"x":-0.00770350266,"y":-0.0237885881,"z":0.136888951}},{"recID":106,"timestamp":0,"world2head":{"data":[0.974411368,0.123560533,0.187764049,-0.0151675269,-0.224407539,0.5823436,0.781356,-0.09502262,-0.0127984509,-0.8034978,0.59517014,-0.100637853,0.0,0.0,0.0,1.0]},"headPose":{"x":-0.007832389,"y":-0.0236523729,"z":0.136991054}},{"recID":107,"timestamp":0,"world2head":{"data":[0.97434324,0.12343505,0.188199639,-0.01526251,-0.224669755,0.583102465,0.7807146,-0.09477076,-0.0133721605,-0.802966654,0.595874,-0.1010647,0.0,0.0,0.0,1.0]},"headPose":{"x":-0.00777264824,"y":-0.0240066033,"z":0.137083113}},{"recID":108,"timestamp":0,"world2head":{"data":[0.974564254,0.122408241,0.187725246,-0.0151451658,-0.223690689,0.5824311,0.781496346,-0.0947658345,-0.013675414,-0.803610742,0.594998062,-0.101089239,0.0,0.0,0.0,1.0]},"headPose":{"x":-0.007820737,"y":-0.024187943,"z":0.137050182}},{"recID":109,"timestamp":0,"world2head":{"data":[0.9751098,0.119731873,0.18661496,-0.0149814021,-0.221254051,0.5801369,0.783892751,-0.0949978158,-0.0144052655,-0.805670857,0.5921883,-0.1009913,0.0,0.0,0.0,1.0]},"headPose":{"x":-0.0078649465,"y":-0.0244602636,"z":0.137069732}},{"recID":110,"timestamp":0,"world2head":{"data":[0.9751329,0.118914746,0.1870165,-0.0150237922,-0.221113622,0.5790976,0.784700453,-0.0952632353,-0.0149883926,-0.8065391,0.5909908,-0.100793965,0.0,0.0,0.0,1.0]},"headPose":{"x":-0.00792454,"y":-0.02434101,"z":0.1371311}},{"recID":111,"timestamp":0,"world2head":{"data":[0.9750379,0.118010774,0.188081533,-0.01529728,-0.221441522,0.578912139,0.7847448,-0.09524557,-0.0162743628,-0.806804955,0.590593755,-0.100715958,0.0,0.0,0.0,1.0]},"headPose":{"x":-0.007814986,"y":-0.0243140664,"z":0.137102813}},{"recID":112,"timestamp":0,"world2head":{"data":[0.975140035,0.1168434,0.188280568,-0.0155330878,-0.220926315,0.5783419,0.785310268,-0.09538893,-0.0171322227,-0.807383657,0.589778066,-0.100517191,0.0,0.0,0.0,1.0]},"headPose":{"x":-0.007649071,"y":-0.024173582,"z":0.137117326}},{"recID":113,"timestamp":0,"world2head":{"data":[0.9755878,0.115203388,0.18696703,-0.015717648,-0.218881845,0.579344451,0.7851438,-0.09579667,-0.0178670883,-0.8069003,0.590417266,-0.100408629,0.0,0.0,0.0,1.0]},"headPose":{"x":-0.007428216,"y":-0.0237097722,"z":0.137435839}},{"recID":114,"timestamp":0,"world2head":{"data":[0.975879252,0.114476129,0.185889632,-0.0156740211,-0.217548087,0.581063867,0.7842434,-0.0958199948,-0.0182366,-0.805766761,0.5919522,-0.100627095,0.0,0.0,0.0,1.0]},"headPose":{"x":-0.00738459826,"y":-0.02361013,"z":0.137626261}},{"recID":115,"timestamp":0,"world2head":{"data":[0.9759643,0.114050448,0.185704455,-0.0157437064,-0.217115015,0.5824876,0.783306658,-0.09546292,-0.01883407,-0.804798543,0.5932492,-0.100541651,0.0,0.0,0.0,1.0]},"headPose":{"x":-0.00725474348,"y":-0.0235142317,"z":0.137346655}},{"recID":116,"timestamp":0,"world2head":{"data":[0.9761593,0.113663852,0.184914991,-0.015781939,-0.216230035,0.5834559,0.782830656,-0.09547447,-0.01891023,-0.8041516,0.5941235,-0.100685351,0.0,0.0,0.0,1.0]},"headPose":{"x":-0.0071427417,"y":-0.023467306,"z":0.137478173}},{"recID":117,"timestamp":0,"world2head":{"data":[0.97626245,0.11411275,0.184092075,-0.0157140587,-0.215835556,0.5834805,0.782921135,-0.0953393653,-0.0180728436,-0.8040702,0.5942597,-0.100776754,0.0,0.0,0.0,1.0]},"headPose":{"x":-0.00705790333,"y":-0.0236097481,"z":0.1374236}},{"recID":118,"timestamp":0,"world2head":{"data":[0.9764108,0.11408937,0.183318257,-0.015758425,-0.215199411,0.5835575,0.783039,-0.09537369,-0.0176403448,-0.804017663,0.5943438,-0.100506127,0.0,0.0,0.0,1.0]},"headPose":{"x":-0.00691062352,"y":-0.0233548041,"z":0.13730529}},{"recID":119,"timestamp":0,"world2head":{"data":[0.976594567,0.114197478,0.182269126,-0.0156991128,-0.214424983,0.58342123,0.7833528,-0.09537812,-0.0168827847,-0.804101169,0.5942528,-0.100545041,0.0,0.0,0.0,1.0]},"headPose":{"x":-0.006817264,"y":-0.0234099459,"z":0.137325346}},{"recID":120,"timestamp":0,"world2head":{"data":[0.976808846,0.114070743,0.181196868,-0.0155210737,-0.213482857,0.583758,0.7833593,-0.09544126,-0.0164167956,-0.803874731,0.5945722,-0.10057231,0.0,0.0,0.0,1.0]},"headPose":{"x":-0.00686502131,"y":-0.0233624242,"z":0.13737464}},{"recID":121,"timestamp":0,"world2head":{"data":[0.9769051,0.114157021,0.180622861,-0.0153815364,-0.213076174,0.5836337,0.7835625,-0.09537259,-0.0159684271,-0.803952634,0.5944789,-0.100547247,0.0,0.0,0.0,1.0]},"headPose":{"x":-0.006900908,"y":-0.0234166551,"z":0.137281865}},{"recID":122,"timestamp":0,"world2head":{"data":[0.9769368,0.114156187,0.180451587,-0.0153577747,-0.2129466,0.5832114,0.7839122,-0.0954489559,-0.0157530159,-0.8042593,0.594069839,-0.100526333,0.0,0.0,0.0,1.0]},"headPose":{"x":-0.006905546,"y":-0.0234291255,"z":0.137314588}},{"recID":123,"timestamp":0,"world2head":{"data":[0.9769794,0.114541605,0.1799764,-0.0152522344,-0.2127939,0.58320415,0.783959,-0.09557202,-0.01516708,-0.80420965,0.5941522,-0.100560851,0.0,0.0,0.0,1.0]},"headPose":{"x":-0.00696123671,"y":-0.0233869888,"z":0.137418032}},{"recID":124,"timestamp":0,"world2head":{"data":[0.976915836,0.1150175,0.18001771,-0.0151745146,-0.213111043,0.583104,0.7839474,-0.09545928,-0.0148014054,-0.8042144,0.5941551,-0.100524,0.0,0.0,0.0,1.0]},"headPose":{"x":-0.007007096,"y":-0.0234348252,"z":0.137293562}},{"recID":125,"timestamp":0,"world2head":{"data":[0.9769306,0.11521174,0.179813325,-0.0151133556,-0.2130682,0.5827707,0.784206748,-0.095505245,-0.0144401342,-0.8044281,0.5938746,-0.100534476,0.0,0.0,0.0,1.0]},"headPose":{"x":-0.00703615975,"y":-0.0234738514,"z":0.1373183}},{"recID":126,"timestamp":0,"world2head":{"data":[0.976934433,0.115264878,0.179758608,-0.0150513975,-0.213054225,0.5828575,0.78414613,-0.09574176,-0.0143891647,-0.8043577,0.5939712,-0.10054598,0.0,0.0,0.0,1.0]},"headPose":{"x":-0.00714072725,"y":-0.0233362243,"z":0.137502551}},{"recID":127,"timestamp":0,"world2head":{"data":[0.976900339,0.115500182,0.179792911,-0.0150209013,-0.213208854,0.583552241,0.783587158,-0.09556703,-0.0144141093,-0.803819954,0.5946981,-0.100607753,0.0,0.0,0.0,1.0]},"headPose":{"x":-0.007151985,"y":-0.0233672448,"z":0.137416974}},{"recID":128,"timestamp":0,"world2head":{"data":[0.9768401,0.115542546,0.180092648,-0.014915619,-0.213474527,0.5835458,0.7835196,-0.0954678953,-0.0145624727,-0.8038186,0.594696343,-0.100589588,0.0,0.0,0.0,1.0]},"headPose":{"x":-0.00727462023,"y":-0.0234224964,"z":0.1373074}},{"recID":129,"timestamp":0,"world2head":{"data":[0.976728737,0.115717277,0.180583864,-0.0149483532,-0.213972017,0.583556652,0.7833758,-0.09548479,-0.0147307888,-0.8037855,0.5947368,-0.10047581,0.0,0.0,0.0,1.0]},"headPose":{"x":-0.007310678,"y":-0.0233104285,"z":0.137256563}},{"recID":130,"timestamp":0,"world2head":{"data":[0.9766787,0.115659587,0.180891037,-0.0149178468,-0.214181244,0.583711565,0.7832032,-0.09551296,-0.0150032267,-0.8036813,0.5948708,-0.100476153,0.0,0.0,0.0,1.0]},"headPose":{"x":-0.00739460671,"y":-0.0232733972,"z":0.137274876}},{"recID":131,"timestamp":0,"world2head":{"data":[0.976599038,0.1156237,0.181343526,-0.0149622923,-0.214517429,0.583992362,0.782901764,-0.09540049,-0.0153812319,-0.8034824,0.595129669,-0.100399129,0.0,0.0,0.0,1.0]},"headPose":{"x":-0.00739716971,"y":-0.023225788,"z":0.137153029}},{"recID":132,"timestamp":0,"world2head":{"data":[0.9765648,0.115739837,0.181453556,-0.0149262249,-0.214672789,0.584087431,0.7827883,-0.0954237953,-0.01538498,-0.8033967,0.5952455,-0.100517772,0.0,0.0,0.0,1.0]},"headPose":{"x":-0.007454927,"y":-0.0232922416,"z":0.137237787}},{"recID":133,"timestamp":0,"world2head":{"data":[0.9764502,0.115552753,0.182188258,-0.0149695314,-0.215141,0.584567547,0.782301247,-0.09519334,-0.0161042958,-0.8030744,0.5956612,-0.100541629,0.0,0.0,0.0,1.0]},"headPose":{"x":-0.007482138,"y":-0.0233656913,"z":0.13708587}},{"recID":134,"timestamp":0,"world2head":{"data":[0.976492345,0.115334153,0.182100847,-0.014917749,-0.21494633,0.5843073,0.7825492,-0.09515953,-0.0161482245,-0.8032952,0.595362246,-0.100457504,0.0,0.0,0.0,1.0]},"headPose":{"x":-0.00750932936,"y":-0.0233740937,"z":0.136992127}},{"recID":135,"timestamp":0,"world2head":{"data":[0.976461232,0.11555133,0.182129949,-0.0148933819,-0.215107858,0.5838432,0.78285104,-0.0950102657,-0.0158758685,-0.8036013,0.5949562,-0.100504354,0.0,0.0,0.0,1.0]},"headPose":{"x":-0.007490234,"y":-0.0235733856,"z":0.1368871}},{"recID":136,"timestamp":0,"world2head":{"data":[0.9764121,0.115625814,0.182346076,-0.01486186,-0.215339616,0.583119,0.783327,-0.0950690061,-0.0157566443,-0.804116249,0.5942632,-0.100328282,0.0,0.0,0.0,1.0]},"headPose":{"x":-0.00754165743,"y":-0.02352066,"z":0.136801526}},{"recID":137,"timestamp":0,"world2head":{"data":[0.9764073,0.115706891,0.182320267,-0.0148781361,-0.215368181,0.583057642,0.783364832,-0.09498104,-0.0156625435,-0.8041491,0.594221354,-0.100401811,0.0,0.0,0.0,1.0]},"headPose":{"x":-0.00750131346,"y":-0.0236371085,"z":0.136778265}},{"recID":138,"timestamp":0,"world2head":{"data":[0.9764016,0.115751229,0.182322457,-0.0148207769,-0.2154066,0.582520366,0.7837539,-0.09498159,-0.0154860914,-0.804532051,0.593707442,-0.1001118,0.0,0.0,0.0,1.0]},"headPose":{"x":-0.00753896777,"y":-0.02349891,"z":0.136581451}},{"recID":139,"timestamp":0,"world2head":{"data":[0.9764311,0.115884244,0.182080179,-0.0147700571,-0.215284944,0.582834661,0.78355366,-0.0949064642,-0.015321143,-0.8042852,0.594046,-0.10006848,0.0,0.0,0.0,1.0]},"headPose":{"x":-0.00754315034,"y":-0.0234572068,"z":0.1364989}},{"recID":140,"timestamp":0,"world2head":{"data":[0.9764212,0.116088852,0.182002857,-0.0147359213,-0.215342149,0.582942665,0.7834575,-0.09474009,-0.0151465684,-0.8041774,0.5941964,-0.10001722,0.0,0.0,0.0,1.0]},"headPose":{"x":-0.007527988,"y":-0.0234928653,"z":0.136336684}},{"recID":141,"timestamp":0,"world2head":{"data":[0.976386368,0.11628902,0.182061851,-0.0147492941,-0.215505868,0.5830656,0.783320963,-0.09469846,-0.0150623918,-0.8040593,0.5943583,-0.099945724,0.0,0.0,0.0,1.0]},"headPose":{"x":-0.00751248654,"y":-0.0234316811,"z":0.136268139}},{"recID":142,"timestamp":0,"world2head":{"data":[0.9763596,0.116440982,0.1821082,-0.0147619415,-0.215628743,0.5833019,0.7831113,-0.0946184248,-0.0150378421,-0.803865969,0.594620466,-0.100013018,0.0,0.0,0.0,1.0]},"headPose":{"x":-0.00749346334,"y":-0.023487065,"z":0.136254787}},{"recID":143,"timestamp":0,"world2head":{"data":[0.976391733,0.116509832,0.181891918,-0.0147812441,-0.215508759,0.582614,0.7836561,-0.09456389,-0.0146691278,-0.804354668,0.5939684,-0.09971414,0.0,0.0,0.0,1.0]},"headPose":{"x":-0.007409781,"y":-0.02338912,"z":0.1360212}},{"recID":144,"timestamp":0,"world2head":{"data":[0.9763892,0.116479054,0.181925058,-0.0147873722,-0.215518162,0.5825565,0.783696353,-0.09468634,-0.0146974176,-0.804400861,0.5939052,-0.09959812,0.0,0.0,0.0,1.0]},"headPose":{"x":-0.00743223028,"y":-0.0232342463,"z":0.136047363}},{"recID":145,"timestamp":0,"world2head":{"data":[0.9763271,0.116562344,0.182204664,-0.0149202142,-0.215765834,0.583958149,0.7825842,-0.09448093,-0.0151800737,-0.803371668,0.595284343,-0.09980459,0.0,0.0,0.0,1.0]},"headPose":{"x":-0.007333783,"y":-0.0232681353,"z":0.136069924}},{"recID":146,"timestamp":0,"world2head":{"