[{"recID":0,"timestamp":0,"world2head":{"data":[0.987549245,0.0122293532,0.156834245,-0.07428173,-0.145458832,0.450625777,0.880782664,-0.474375784,-0.0599021465,-0.8926292,0.446793973,0.0684283748,0.0,0.0,0.0,1.0]},"headPose":{"x":0.008453722,"y":0.275755525,"z":0.398898542}},{"recID":1,"timestamp":0,"world2head":{"data":[0.987549245,0.0122293532,0.156834245,-0.07428173,-0.145458832,0.450625777,0.880782664,-0.474375784,-0.0599021465,-0.8926292,0.446793973,0.0684283748,0.0,0.0,0.0,1.0]},"headPose":{"x":0.008453722,"y":0.275755525,"z":0.398898542}},{"recID":2,"timestamp":0,"world2head":{"data":[0.987549245,0.0122293532,0.156834245,-0.07428173,-0.145458832,0.450625777,0.880782664,-0.474375784,-0.0599021465,-0.8926292,0.446793973,0.0684283748,0.0,0.0,0.0,1.0]},"headPose":{"x":0.008453722,"y":0.275755525,"z":0.398898542}},{"recID":3,"timestamp":0,"world2head":{"data":[0.987549245,0.0122293532,0.156834245,-0.07428173,-0.145458832,0.450625777,0.880782664,-0.474375784,-0.0599021465,-0.8926292,0.446793973,0.0684283748,0.0,0.0,0.0,1.0]},"headPose":{"x":0.008453722,"y":0.275755525,"z":0.398898542}},{"recID":4,"timestamp":0,"world2head":{"data":[0.987549245,0.0122293532,0.156834245,-0.07428173,-0.145458832,0.450625777,0.880782664,-0.474375784,-0.0599021465,-0.8926292,0.446793973,0.0684283748,0.0,0.0,0.0,1.0]},"headPose":{"x":0.008453722,"y":0.275755525,"z":0.398898542}},{"recID":5,"timestamp":0,"world2head":{"data":[0.987549245,0.0122293532,0.156834245,-0.07428173,-0.145458832,0.450625777,0.880782664,-0.474375784,-0.0599021465,-0.8926292,0.446793973,0.0684283748,0.0,0.0,0.0,1.0]},"headPose":{"x":0.008453722,"y":0.275755525,"z":0.398898542}},{"recID":6,"timestamp":0,"world2head":{"data":[0.987549245,0.0122293532,0.156834245,-0.07428173,-0.145458832,0.450625777,0.880782664,-0.474375784,-0.0599021465,-0.8926292,0.446793973,0.0684283748,0.0,0.0,0.0,1.0]},"headPose":{"x":0.008453722,"y":0.275755525,"z":0.398898542}},{"recID":7,"timestamp":0,"world2head":{"data":[0.987549245,0.0122293532,0.156834245,-0.07428173,-0.145458832,0.450625777,0.880782664,-0.474375784,-0.0599021465,-0.8926292,0.446793973,0.0684283748,0.0,0.0,0.0,1.0]},"headPose":{"x":0.008453722,"y":0.275755525,"z":0.398898542}},{"recID":8,"timestamp":0,"world2head":{"data":[0.987549245,0.0122293532,0.156834245,-0.07428173,-0.145458832,0.450625777,0.880782664,-0.474375784,-0.0599021465,-0.8926292,0.446793973,0.0684283748,0.0,0.0,0.0,1.0]},"headPose":{"x":0.008453722,"y":0.275755525,"z":0.398898542}},{"recID":9,"timestamp":0,"world2head":{"data":[0.987549245,0.0122293532,0.156834245,-0.07428173,-0.145458832,0.450625777,0.880782664,-0.474375784,-0.0599021465,-0.8926292,0.446793973,0.0684283748,0.0,0.0,0.0,1.0]},"headPose":{"x":0.008453722,"y":0.275755525,"z":0.398898542}},{"recID":10,"timestamp":0,"world2head":{"data":[0.987549245,0.0122293532,0.156834245,-0.07428173,-0.145458832,0.450625777,0.880782664,-0.474375784,-0.0599021465,-0.8926292,0.446793973,0.0684283748,0.0,0.0,0.0,1.0]},"headPose":{"x":0.008453722,"y":0.275755525,"z":0.398898542}},{"recID":11,"timestamp":0,"world2head":{"data":[0.987549245,0.0122293532,0.156834245,-0.07428173,-0.145458832,0.450625777,0.880782664,-0.474375784,-0.0599021465,-0.8926292,0.446793973,0.0684283748,0.0,0.0,0.0,1.0]},"headPose":{"x":0.008453722,"y":0.275755525,"z":0.398898542}},{"recID":12,"timestamp":0,"world2head":{"data":[0.987549245,0.0122293532,0.156834245,-0.07428173,-0.145458832,0.450625777,0.880782664,-0.474375784,-0.0599021465,-0.8926292,0.446793973,0.0684283748,0.0,0.0,0.0,1.0]},"headPose":{"x":0.008453722,"y":0.275755525,"z":0.398898542}},{"recID":13,"timestamp":0,"world2head":{"data":[0.987549245,0.0122293532,0.156834245,-0.07428173,-0.145458832,0.450625777,0.880782664,-0.474375784,-0.0599021465,-0.8926292,0.446793973,0.0684283748,0.0,0.0,0.0,1.0]},"headPose":{"x":0.008453722,"y":0.275755525,"z":0.398898542}},{"recID":14,"timestamp":0,"world2head":{"data":[0.9879226,0.0114226416,0.1545264,-0.07412794,-0.14293465,0.4522041,0.880386949,-0.474612236,-0.05982113,-0.8918414,0.448375344,0.06754553,0.0,0.0,0.0,1.0]},"headPose":{"x":0.009434781,"y":0.2757082,"z":0.399011374}},{"recID":15,"timestamp":0,"world2head":{"data":[0.9886535,0.009849355,0.149891,-0.07376229,-0.137957931,0.4543193,0.880091846,-0.474794179,-0.0594300479,-0.890784562,0.450523138,0.06609078,0.0,0.0,0.0,1.0]},"headPose":{"x":0.0113515,"y":0.275307268,"z":0.399143338}},{"recID":16,"timestamp":0,"world2head":{"data":[0.988927364,0.009214826,0.148113936,-0.07359459,-0.13625735,0.4517941,0.881655335,-0.4743909,-0.0587927029,-0.8920747,0.4480471,0.06736207,0.0,0.0,0.0,1.0]},"headPose":{"x":0.0121008512,"y":0.275097132,"z":0.39896825}},{"recID":17,"timestamp":0,"world2head":{"data":[0.9890033,0.008906215,0.147625029,-0.0736143,-0.135739446,0.4509418,0.8821713,-0.474274129,-0.05871348,-0.892508864,0.447191834,0.06777705,0.0,0.0,0.0,1.0]},"headPose":{"x":0.0124065084,"y":0.2750173,"z":0.398949027}},{"recID":18,"timestamp":0,"world2head":{"data":[0.9890416,0.00808201,0.147415608,-0.07397418,-0.135286033,0.449408472,0.8830231,-0.474140972,-0.05911322,-0.893289864,0.445577025,0.0687030852,0.0,0.0,0.0,1.0]},"headPose":{"x":0.0130801555,"y":0.275052577,"z":0.398969859}},{"recID":19,"timestamp":0,"world2head":{"data":[0.9890911,0.00759141147,0.14710924,-0.0740632862,-0.134772643,0.449729383,0.882938266,-0.474352568,-0.05945661,-0.8931327,0.445846438,0.06838463,0.0,0.0,0.0,1.0]},"headPose":{"x":0.013391505,"y":0.274969041,"z":0.3992303}},{"recID":20,"timestamp":0,"world2head":{"data":[0.989177048,0.00708954036,0.146555528,-0.07425612,-0.133975625,0.4509117,0.882456362,-0.474231184,-0.0598273873,-0.8925404,0.4469813,0.06774788,0.0,0.0,0.0,1.0]},"headPose":{"x":0.01397021,"y":0.27483055,"z":0.399088919}},{"recID":21,"timestamp":0,"world2head":{"data":[0.9892664,0.00670066476,0.145969719,-0.0740994141,-0.13327989,0.450902522,0.8825665,-0.474207073,-0.05990434,-0.892548144,0.44695574,0.06785351,0.0,0.0,0.0,1.0]},"headPose":{"x":0.0141665181,"y":0.274880141,"z":0.399007916}},{"recID":22,"timestamp":0,"world2head":{"data":[0.989295959,0.006428033,0.145781323,-0.07426985,-0.133115932,0.449025929,0.8835473,-0.474282622,-0.0597801171,-0.89349556,0.4450752,0.0689248,0.0,0.0,0.0,1.0]},"headPose":{"x":0.014460627,"y":0.275026619,"z":0.399201572}},{"recID":23,"timestamp":0,"world2head":{"data":[0.9893383,0.00634319335,0.145497441,-0.0742735863,-0.132765621,0.449908018,0.8831513,-0.4747141,-0.05985848,-0.893052459,0.445953369,0.06846403,0.0,0.0,0.0,1.0]},"headPose":{"x":0.01455415,"y":0.275190741,"z":0.399519175}},{"recID":24,"timestamp":0,"world2head":{"data":[0.9893349,0.0055757314,0.145552039,-0.07404727,-0.132289439,0.452593267,0.881849647,-0.474718034,-0.0609589219,-0.8916997,0.448503971,0.0670908,0.0,0.0,0.0,1.0]},"headPose":{"x":0.0145471469,"y":0.275091916,"z":0.399317175}},{"recID":25,"timestamp":0,"world2head":{"data":[0.9892806,0.00534869,0.145929068,-0.07413955,-0.132585019,0.451700747,0.8822628,-0.474626869,-0.06119731,-0.8921535,0.44756794,0.06755941,0.0,0.0,0.0,1.0]},"headPose":{"x":0.014550861,"y":0.275059223,"z":0.3993273}},{"recID":26,"timestamp":0,"world2head":{"data":[0.988951445,0.00436976552,0.148175254,-0.0749319047,-0.134086043,0.4526103,0.881569564,-0.474669069,-0.06321339,-0.8916977,0.448195577,0.06709832,0.0,0.0,0.0,1.0]},"headPose":{"x":0.0146990316,"y":0.274999,"z":0.399483681}},{"recID":27,"timestamp":0,"world2head":{"data":[0.988934159,0.00401967764,0.148300469,-0.07496285,-0.134057567,0.4523753,0.881694555,-0.4746656,-0.0635433644,-0.891818643,0.447908282,0.0672362,0.0,0.0,0.0,1.0]},"headPose":{"x":0.0147732208,"y":0.2749908,"z":0.3995114}},{"recID":28,"timestamp":0,"world2head":{"data":[0.989049733,0.00396768,0.147529453,-0.074782,-0.133305371,0.452960134,0.881508231,-0.4746872,-0.06332742,-0.891521931,0.448529,0.06675807,0.0,0.0,0.0,1.0]},"headPose":{"x":0.0149123855,"y":0.274827361,"z":0.3995303}},{"recID":29,"timestamp":0,"world2head":{"data":[0.9891154,0.00361464918,0.147097468,-0.07451671,-0.1327337,0.4533581,0.8813899,-0.474531561,-0.06350191,-0.8913211,0.448903263,0.06659619,0.0,0.0,0.0,1.0]},"headPose":{"x":0.0149482815,"y":0.2747607,"z":0.399313331}},{"recID":30,"timestamp":0,"world2head":{"data":[0.9893367,0.00427366048,0.1455836,-0.07407836,-0.131723523,0.4527421,0.881858,-0.474111974,-0.06214307,-0.891631246,0.448477328,0.06675274,0.0,0.0,0.0,1.0]},"headPose":{"x":0.0149849514,"y":0.2744859,"z":0.398946941}},{"recID":31,"timestamp":0,"world2head":{"data":[0.989446163,0.00475101173,0.144823238,-0.07391902,-0.131271735,0.452569,0.8820142,-0.473897219,-0.0613520555,-0.8917168,0.448416352,0.06665266,0.0,0.0,0.0,1.0]},"headPose":{"x":0.0150188636,"y":0.27425766,"z":0.3988011}},{"recID":32,"timestamp":0,"world2head":{"data":[0.9894613,0.00606055558,0.144670516,-0.07425877,-0.13172783,0.4524933,0.881985068,-0.473456,-0.06011712,-0.891747236,0.448522985,0.06687301,0.0,0.0,0.0,1.0]},"headPose":{"x":0.0151290633,"y":0.27431953,"z":0.398330063}},{"recID":33,"timestamp":0,"world2head":{"data":[0.989529669,0.00656169653,0.144180432,-0.07430775,-0.131544426,0.4520617,0.8822338,-0.4735561,-0.05938952,-0.8919626,0.448191643,0.06716811,0.0,0.0,0.0,1.0]},"headPose":{"x":0.0152251367,"y":0.274475574,"z":0.398396641}},{"recID":34,"timestamp":0,"world2head":{"data":[0.9897061,0.007881355,0.14289768,-0.07433127,-0.130944848,0.452793062,0.881947756,-0.4734446,-0.05775212,-0.8915808,0.449164033,0.0669378042,0.0,0.0,0.0,1.0]},"headPose":{"x":0.015436776,"y":0.2746387,"z":0.398109138}},{"recID":35,"timestamp":0,"world2head":{"data":[0.989738047,0.008575574,0.142635927,-0.07459276,-0.131074786,0.451986849,0.882342,-0.473467,-0.056902986,-0.8919834,0.448472619,0.06751826,0.0,0.0,0.0,1.0]},"headPose":{"x":0.015609704,"y":0.2748657,"z":0.3981193}},{"recID":36,"timestamp":0,"world2head":{"data":[0.990044236,0.009902004,0.14040783,-0.0744703338,-0.129546687,0.454204857,0.881428242,-0.474100143,-0.0550460257,-0.8908423,0.4509657,0.06648985,0.0,0.0,0.0,1.0]},"headPose":{"x":0.0159708224,"y":0.275307953,"z":0.3983568}},{"recID":37,"timestamp":0,"world2head":{"data":[0.990167439,0.0106323622,0.1394826,-0.07449577,-0.1289823,0.455355823,0.880917,-0.474283218,-0.0541479923,-0.8902461,0.452249885,0.0659811944,0.0,0.0,0.0,1.0]},"headPose":{"x":0.01616189,"y":0.275499165,"z":0.398354977}},{"recID":38,"timestamp":0,"world2head":{"data":[0.990470052,0.0119887963,0.137205541,-0.07447398,-0.127429217,0.457757115,0.879897833,-0.474954665,-0.0522578955,-0.8889965,0.454922438,0.06488846,0.0,0.0,0.0,1.0]},"headPose":{"x":0.01663208,"y":0.275992334,"z":0.398610622}},{"recID":39,"timestamp":0,"world2head":{"data":[0.9907168,0.0128794611,0.135330409,-0.07430881,-0.126029417,0.4601888,0.8788303,-0.4754501,-0.050958667,-0.8877276,0.457539976,0.06371967,0.0,0.0,0.0,1.0]},"headPose":{"x":0.0169453584,"y":0.2763196,"z":0.398741961}},{"recID":40,"timestamp":0,"world2head":{"data":[0.9912307,0.0155781545,0.131220877,-0.0742978,-0.123323277,0.465751052,0.8762803,-0.477080435,-0.04746542,-0.8847786,0.46358788,0.06098324,0.0,0.0,0.0,1.0]},"headPose":{"x":0.01770574,"y":0.2773148,"z":0.399534583}},{"recID":41,"timestamp":0,"world2head":{"data":[0.991561055,0.01773639,0.1284216,-0.07431118,-0.12160252,0.470629871,0.873911,-0.4779451,-0.0449390262,-0.882152557,0.468815029,0.05837304,0.0,0.0,0.0,1.0]},"headPose":{"x":0.0181879774,"y":0.277747124,"z":0.399858445}},{"recID":42,"timestamp":0,"world2head":{"data":[0.99224937,0.0229057074,0.122133031,-0.07400959,-0.11822325,0.4766963,0.871082067,-0.478815436,-0.03826763,-0.878769636,0.475709617,0.0549895354,0.0,0.0,0.0,1.0]},"headPose":{"x":0.01893317,"y":0.2782679,"z":0.399967462}},{"recID":43,"timestamp":0,"world2head":{"data":[0.992545843,0.0252706558,0.119223006,-0.07389299,-0.116719738,0.4785388,0.8702742,-0.479197532,-0.035060443,-0.8777027,0.4779213,0.0539351627,0.0,0.0,0.0,1.0]},"headPose":{"x":0.0193013661,"y":0.278520972,"z":0.4000662}},{"recID":44,"timestamp":0,"world2head":{"data":[0.9931446,0.0297910161,0.113032423,-0.07327342,-0.113356292,0.481497824,0.8690859,-0.479837626,-0.0285339281,-0.8759409,0.481573939,0.05202465,0.0,0.0,0.0,1.0]},"headPose":{"x":0.0198629517,"y":0.27879414,"z":0.400248617}},{"recID":45,"timestamp":0,"world2head":{"data":[0.993400037,0.03179335,0.110206842,-0.07283658,-0.111840554,0.4817325,0.8691523,-0.479960442,-0.0254569761,-0.8757415,0.4821089,0.05171504,0.0,0.0,0.0,1.0]},"headPose":{"x":0.019993335,"y":0.278817236,"z":0.400253445}},{"recID":46,"timestamp":0,"world2head":{"data":[0.9937098,0.0342860445,0.106607988,-0.0720045,-0.109948896,0.479443967,0.870657742,-0.47950846,-0.0212611556,-0.8769025,0.4801979,0.0528141446,0.0,0.0,0.0,1.0]},"headPose":{"x":0.0199530441,"y":0.278679,"z":0.399802685}},{"recID":47,"timestamp":0,"world2head":{"data":[0.993781269,0.0346338637,0.105826542,-0.071622625,-0.109495685,0.476667047,0.87223804,-0.479225755,-0.02023505,-0.8784014,0.477495,0.0542086624,0.0,0.0,0.0,1.0]},"headPose":{"x":0.0198009927,"y":0.278528631,"z":0.399694145}},{"recID":48,"timestamp":0,"world2head":{"data":[0.993658841,0.034354277,0.107060462,-0.07159331,-0.110566594,0.471523821,0.8748945,-0.478642642,-0.0204251967,-0.881184,0.472332239,0.05689339,0.0,0.0,0.0,1.0]},"headPose":{"x":0.0193794966,"y":0.27828446,"z":0.399554044}},{"recID":49,"timestamp":0,"world2head":{"data":[0.993573248,0.0333950445,0.108152643,-0.0714319348,-0.111112662,0.470016778,0.875635862,-0.478527784,-0.02159166,-0.8820255,0.4707067,0.0577269569,0.0,0.0,0.0,1.0]},"headPose":{"x":0.01904879,"y":0.2782182,"z":0.399569184}},{"recID":50,"timestamp":0,"world2head":{"data":[0.9931274,0.0313125029,0.112771943,-0.0721610561,-0.114298321,0.4667564,0.8769689,-0.4779956,-0.0251769423,-0.883831441,0.467127562,0.05995339,0.0,0.0,0.0,1.0]},"headPose":{"x":0.0185404774,"y":0.278355718,"z":0.399319082}},{"recID":51,"timestamp":0,"world2head":{"data":[0.9928395,0.0297550261,0.115690708,-0.07263354,-0.116163239,0.4663062,0.8769634,-0.478021562,-0.02785324,-0.884122849,0.4664237,0.06052498,0.0,0.0,0.0,1.0]},"headPose":{"x":0.018270731,"y":0.278577149,"z":0.3993801}},{"recID":52,"timestamp":0,"world2head":{"data":[0.9924141,0.02699706,0.119939245,-0.07331138,-0.118604839,0.4670356,0.876248062,-0.478112221,-0.03235977,-0.8838263,0.466694653,0.0606910139,0.0,0.0,0.0,1.0]},"headPose":{"x":0.01801277,"y":0.278914928,"z":0.399413675}},{"recID":53,"timestamp":0,"world2head":{"data":[0.9922818,0.0259746127,0.121252656,-0.07342291,-0.119258091,0.467812479,0.8757448,-0.47839126,-0.0339763761,-0.883446,0.467299461,0.0605215728,0.0,0.0,0.0,1.0]},"headPose":{"x":0.017860489,"y":0.279172063,"z":0.3995697}},{"recID":54,"timestamp":0,"world2head":{"data":[0.9921332,0.0247234218,0.122721151,-0.0733449,-0.119830817,0.471229553,0.8738326,-0.478622735,-0.03622571,-0.881664038,0.470485151,0.0587312,0.0,0.0,0.0,1.0]},"headPose":{"x":0.0175417364,"y":0.2791357,"z":0.399604917}},{"recID":55,"timestamp":0,"world2head":{"data":[0.9920596,0.0242612138,0.12340641,-0.0733412653,-0.120187707,0.471931279,0.8734048,-0.47841078,-0.0370495,-0.8813016,0.471099854,0.0585623533,0.0,0.0,0.0,1.0]},"headPose":{"x":0.0174295232,"y":0.279167384,"z":0.399308264}},{"recID":56,"timestamp":0,"world2head":{"data":[0.991872132,0.0247797519,0.124802589,-0.0737937,-0.12173593,0.470149636,0.8741509,-0.478082716,-0.037014652,-0.882238865,0.4693449,0.05949079,0.0,0.0,0.0,1.0]},"headPose":{"x":0.0171961039,"y":0.279084057,"z":0.3992043}},{"recID":57,"timestamp":0,"world2head":{"data":[0.9918355,0.0251962319,0.125010192,-0.07394687,-0.122079037,0.4709916,0.873649657,-0.478205264,-0.03686608,-0.8817778,0.470222116,0.05898767,0.0,0.0,0.0,1.0]},"headPose":{"x":0.01713894,"y":0.279107839,"z":0.399290621}},{"recID":58,"timestamp":0,"world2head":{"data":[0.9918982,0.0259814709,0.124350309,-0.07380263,-0.121900722,0.470153153,0.874126,-0.478011,-0.03575261,-0.8822023,0.4695112,0.0592960678,0.0,0.0,0.0,1.0]},"headPose":{"x":0.0170547944,"y":0.278967023,"z":0.399179041}},{"recID":59,"timestamp":0,"world2head":{"data":[0.9919571,0.0266464576,0.123737752,-0.0735978,-0.1216945,0.469604552,0.8744496,-0.477819979,-0.0348068438,-0.8824748,0.469070315,0.0594779,0.0,0.0,0.0,1.0]},"headPose":{"x":0.0169280376,"y":0.278835267,"z":0.399036974}},{"recID":60,"timestamp":0,"world2head":{"data":[0.9918559,0.027528774,0.124354273,-0.07394219,-0.122724012,0.4677304,0.875309646,-0.4774119,-0.0340680666,-0.883442342,0.46729964,0.06021183,0.0,0.0,0.0,1.0]},"headPose":{"x":0.0168013927,"y":0.278529316,"z":0.398941338}},{"recID":61,"timestamp":0,"world2head":{"data":[0.9918471,0.02765844,0.12439613,-0.0740062147,-0.122856475,0.466818571,0.875777841,-0.477319539,-0.0338477828,-0.88392055,0.466410637,0.0605667569,0.0,0.0,0.0,1.0]},"headPose":{"x":0.0168110989,"y":0.278404683,"z":0.398982942}},{"recID":62,"timestamp":0,"world2head":{"data":[0.9918544,0.02780798,0.124303974,-0.0739953,-0.12284337,0.466855764,0.8757598,-0.477555931,-0.03367891,-0.8838962,0.466469,0.0601427779,0.0,0.0,0.0,1.0]},"headPose":{"x":0.0167535339,"y":0.278167367,"z":0.399367452}},{"recID":63,"timestamp":0,"world2head":{"data":[0.9918503,0.02741275,0.124424674,-0.07398002,-0.1227491,0.467288077,0.8755424,-0.476960272,-0.03414113,-0.88368,0.466844678,0.0596269332,0.0,0.0,0.0,1.0]},"headPose":{"x":0.0168663971,"y":0.27759698,"z":0.3989674}},{"recID":64,"timestamp":0,"world2head":{"data":[0.991914749,0.026668556,0.124072053,-0.07381719,-0.122290082,0.462141335,0.878334,-0.4761907,-0.03391493,-0.8864053,0.4616661,0.0621472225,0.0,0.0,0.0,1.0]},"headPose":{"x":0.01709469,"y":0.2771236,"z":0.398721844}},{"recID":65,"timestamp":0,"world2head":{"data":[0.991954148,0.02632701,0.123829849,-0.07370405,-0.121983975,0.46042192,0.879279,-0.476079017,-0.0338652059,-0.8873098,0.45992893,0.06300259,0.0,0.0,0.0,1.0]},"headPose":{"x":0.0171706211,"y":0.277040422,"z":0.398756325}},{"recID":66,"timestamp":0,"world2head":{"data":[0.992169142,0.0252596773,0.122320876,-0.07303624,-0.120175213,0.4599216,0.8797898,-0.476139069,-0.0340348035,-0.8876002,0.4593556,0.06319453,0.0,0.0,0.0,1.0]},"headPose":{"x":0.0173950028,"y":0.276922971,"z":0.398807347}},{"recID":67,"timestamp":0,"world2head":{"data":[0.9922018,0.0250876881,0.122091047,-0.07299024,-0.119941726,0.458635271,0.880492866,-0.4757649,-0.0339057371,-0.888270438,0.458067834,0.06390737,0.0,0.0,0.0,1.0]},"headPose":{"x":0.01752381,"y":0.276800752,"z":0.398545146}},{"recID":68,"timestamp":0,"world2head":{"data":[0.9923058,0.0244550519,0.121371731,-0.07297465,-0.119122744,0.455783725,0.8820834,-0.4755145,-0.0337478779,-0.889754653,0.45519,0.06536129,0.0,0.0,0.0,1.0]},"headPose":{"x":0.01797439,"y":0.276671827,"z":0.398548633}},{"recID":69,"timestamp":0,"world2head":{"data":[0.9923857,0.0244312063,0.120721705,-0.07301384,-0.118549056,0.4553851,0.882366538,-0.475478858,-0.0334176049,-0.889959335,0.454813957,0.06542166,0.0,0.0,0.0,1.0]},"headPose":{"x":0.0182765666,"y":0.276532382,"z":0.3986062}},{"recID":70,"timestamp":0,"world2head":{"data":[0.992587864,0.0245387256,0.119026162,-0.0730068,-0.117078826,0.455699682,0.882400334,-0.4753695,-0.0325872079,-0.889795244,0.45519495,0.0649826452,0.0,0.0,0.0,1.0]},"headPose":{"x":0.0189275667,"y":0.2762385,"z":0.39857614}},{"recID":71,"timestamp":0,"world2head":{"data":[0.992771447,0.024517335,0.1174894,-0.07273826,-0.115741871,0.4546101,0.8831385,-0.475151,-0.03175967,-0.890353143,0.454161584,0.0655083358,0.0,0.0,0.0,1.0]},"headPose":{"x":0.0192981213,"y":0.2761173,"z":0.3984187}},{"recID":72,"timestamp":0,"world2head":{"data":[0.992964,0.0247039348,0.115811065,-0.07265725,-0.114411354,0.4523509,0.8844709,-0.4751787,-0.0305373371,-0.8914978,0.4519946,0.06629736,0.0,0.0,0.0,1.0]},"headPose":{"x":0.0198047422,"y":0.2758464,"z":0.398730159}},{"recID":73,"timestamp":0,"world2head":{"data":[0.993068457,0.024307441,0.1149963,-0.07248511,-0.11348331,0.453028381,0.884243667,-0.47533378,-0.0306028873,-0.8911647,0.452646673,0.06572262,0.0,0.0,0.0,1.0]},"headPose":{"x":0.020051524,"y":0.275671273,"z":0.3988973}},{"recID":74,"timestamp":0,"world2head":{"data":[0.9933971,0.0228407532,0.1124299,-0.07150877,-0.110521138,0.45342344,0.884416461,-0.475127369,-0.03077763,-0.891002655,0.452953875,0.06542777,0.0,0.0,0.0,1.0]},"headPose":{"x":0.0205387045,"y":0.275363445,"z":0.398614347}},{"recID":75,"timestamp":0,"world2head":{"data":[0.993354,0.0225894786,0.112860531,-0.07182189,-0.110857174,0.451519728,0.8853478,-0.474730819,-0.030959215,-0.8919752,0.451023161,0.06654836,0.0,0.0,0.0,1.0]},"headPose":{"x":0.0207775384,"y":0.2753322,"z":0.398392856}},{"recID":76,"timestamp":0,"world2head":{"data":[0.9933704,0.021699369,0.112890944,-0.07211949,-0.11048454,0.4514811,0.885414,-0.475265831,-0.0317551978,-0.892016768,0.450885415,0.06643408,0.0,0.0,0.0,1.0]},"headPose":{"x":0.0212414674,"y":0.275398821,"z":0.3989945}},{"recID":77,"timestamp":0,"world2head":{"data":[0.9933626,0.0215158314,0.11299485,-0.07238702,-0.110465229,0.45229584,0.885000467,-0.4749579,-0.03206558,-0.891608357,0.451670527,0.066148214,0.0,0.0,0.0,1.0]},"headPose":{"x":0.0215613022,"y":0.275357276,"z":0.398640156}},{"recID":78,"timestamp":0,"world2head":{"data":[0.9933387,0.0211684741,0.11327,-0.07281941,-0.110606715,0.450833678,0.885728657,-0.475008726,-0.0323164053,-0.892356932,0.450171947,0.0668765455,0.0,0.0,0.0,1.0]},"headPose":{"x":0.0219563916,"y":0.275369167,"z":0.398871124}},{"recID":79,"timestamp":0,"world2head":{"data":[0.993344665,0.0212148987,0.113209233,-0.07305468,-0.11050719,0.4526589,0.8848097,-0.475144863,-0.0324740224,-0.8914314,0.451990724,0.065702334,0.0,0.0,0.0,1.0]},"headPose":{"x":0.0221951734,"y":0.2751975,"z":0.39898634}},{"recID":80,"timestamp":0,"world2head":{"data":[0.9933122,0.020397678,0.113643765,-0.07342799,-0.11056307,0.4516461,0.885320067,-0.4747698,-0.0332683,-0.891963959,0.450880766,0.06620424,0.0,0.0,0.0,1.0]},"headPose":{"x":0.0226474144,"y":0.274977475,"z":0.398817629}},{"recID":81,"timestamp":0,"world2head":{"data":[0.9932798,0.0199915655,0.113998212,-0.07376757,-0.110696346,0.451637626,0.8853077,-0.47486347,-0.0337872,-0.8919775,0.4508155,0.06614606,0.0,0.0,0.0,1.0]},"headPose":{"x":0.0229410715,"y":0.2749417,"z":0.39899}},{"recID":82,"timestamp":0,"world2head":{"data":[0.993340731,0.0188842453,0.113655724,-0.07407894,-0.10987936,0.451971233,0.885239363,-0.4746999,-0.0346520469,-0.8918327,0.4510364,0.06590958,0.0,0.0,0.0,1.0]},"headPose":{"x":0.0237098057,"y":0.2747299,"z":0.398914874}},{"recID":83,"timestamp":0,"world2head":{"data":[0.993532,0.017965287,0.112122171,-0.07357753,-0.108127549,0.451224983,0.885835469,-0.474824339,-0.0346780345,-0.8922294,0.450249016,0.06630424,0.0,0.0,0.0,1.0]},"headPose":{"x":0.02405934,"y":0.274733037,"z":0.3990125}},{"recID":84,"timestamp":0,"world2head":{"data":[0.9938706,0.0182458572,0.109033525,-0.07313124,-0.105545282,0.449996948,0.8867711,-0.47450766,-0.0328848623,-0.8928437,0.4491645,0.06669158,0.0,0.0,0.0,1.0]},"headPose":{"x":0.024794085,"y":0.2744065,"z":0.398797959}},{"recID":85,"timestamp":0,"world2head":{"data":[0.9939872,0.0185652077,0.1079108,-0.073065944,-0.104715675,0.4491951,0.8872759,-0.474569738,-0.03200054,-0.893240869,0.448438227,0.06704871,0.0,0.0,0.0,1.0]},"headPose":{"x":0.02507732,"y":0.274421483,"z":0.398891658}},{"recID":86,"timestamp":0,"world2head":{"data":[0.99424,0.019352302,0.105415255,-0.07291079,-0.102840714,0.449198842,0.887493253,-0.474749357,-0.0301773734,-0.8932222,0.448601663,0.06699905,0.0,0.0,0.0,1.0]},"headPose":{"x":0.02568911,"y":0.2745129,"z":0.398966849}},{"recID":87,"timestamp":0,"world2head":{"data":[0.9943345,0.0197201967,0.104450591,-0.07286024,-0.102137752,0.449405968,0.88746953,-0.474903852,-0.0294396356,-0.8931099,0.448874056,0.06690892,0.0,0.0,0.0,1.0]},"headPose":{"x":0.0259116217,"y":0.274618477,"z":0.399039328}},{"recID":88,"timestamp":0,"world2head":{"data":[0.9943881,0.0196812823,0.103946611,-0.07298988,-0.101636551,0.450439453,0.887003064,-0.474873,-0.0293643028,-0.892590046,0.449911952,0.0663126558,0.0,0.0,0.0,1.0]},"headPose":{"x":0.0262630414,"y":0.274528056,"z":0.398965955}},{"recID":89,"timestamp":0,"world2head":{"data":[0.994398534,0.0194183327,0.103896633,-0.07312005,-0.101467192,0.4506374,0.886921942,-0.4747868,-0.0295971744,-0.89249593,0.4500835,0.0661712959,0.0,0.0,0.0,1.0]},"headPose":{"x":0.0264936741,"y":0.274434119,"z":0.398913056}},{"recID":90,"timestamp":0,"world2head":{"data":[0.9944642,0.0179618746,0.103529289,-0.07306879,-0.100506209,0.450006545,0.887351453,-0.474752456,-0.0306503624,-0.8928446,0.449320674,0.0667035654,0.0,0.0,0.0,1.0]},"headPose":{"x":0.0269932169,"y":0.2745101,"z":0.398865759}},{"recID":91,"timestamp":0,"world2head":{"data":[0.9944955,0.0175185725,0.1033041,-0.07304853,-0.100098863,0.450218737,0.887289941,-0.4746914,-0.030965399,-0.8927465,0.449494123,0.06656162,0.0,0.0,0.0,1.0]},"headPose":{"x":0.027191475,"y":0.274417281,"z":0.398816019}},{"recID":92,"timestamp":0,"world2head":{"data":[0.9945113,0.0168144181,0.103269048,-0.0733580142,-0.09977204,0.4496311,0.8876245,-0.474643648,-0.03150808,-0.893056035,0.4488408,0.0668220147,0.0,0.0,0.0,1.0]},"headPose":{"x":0.0277046412,"y":0.274323821,"z":0.398888558}},{"recID":93,"timestamp":0,"world2head":{"data":[0.994597256,0.0166433454,0.102466114,-0.07330855,-0.0989622846,0.450098038,0.8874786,-0.4747975,-0.03134919,-0.892824054,0.449313343,0.0663903952,0.0,0.0,0.0,1.0]},"headPose":{"x":0.0280067176,"y":0.274200469,"z":0.39905417}},{"recID":94,"timestamp":0,"world2head":{"data":[0.9947606,0.0168351643,0.100836128,-0.07329513,-0.09760256,0.4498465,0.8877566,-0.474523664,-0.0304152556,-0.8929472,0.44913274,0.06630625,0.0,0.0,0.0,1.0]},"headPose":{"x":0.0286131073,"y":0.273904741,"z":0.398872048}},{"recID":95,"timestamp":0,"world2head":{"data":[0.994881034,0.016818136,0.09964404,-0.0731060952,-0.09655446,0.4491464,0.8882257,-0.474403948,-0.029816471,-0.893299937,0.448471069,0.06657885,0.0,0.0,0.0,1.0]},"headPose":{"x":0.0289111938,"y":0.27378118,"z":0.398803622}},{"recID":96,"timestamp":0,"world2head":{"data":[0.9951556,0.017143257,0.09680634,-0.0727579445,-0.0942288,0.44717437,0.8894696,-0.474421531,-0.0280409232,-0.8942826,0.4466235,0.06755622,0.0,0.0,0.0,1.0]},"headPose":{"x":0.0295956489,"y":0.273810774,"z":0.3988547}},{"recID":97,"timestamp":0,"world2head":{"data":[0.99533534,0.01744144,0.0948862955,-0.0723831,-0.0926351547,0.447526753,0.8894598,-0.47484836,-0.0269507021,-0.8941005,0.447054863,0.0672327951,0.0,0.0,0.0,1.0]},"headPose":{"x":0.02986977,"y":0.273882657,"z":0.3991699}},{"recID":98,"timestamp":0,"world2head":{"data":[0.995659,0.017614916,0.0913943946,-0.071476,-0.08956101,0.448628962,0.8892192,-0.47509712,-0.025338646,-0.8935445,0.448259056,0.06666074,0.0,0.0,0.0,1.0]},"headPose":{"x":0.0303046331,"y":0.273965716,"z":0.399116755}},{"recID":99,"timestamp":0,"world2head":{"data":[0.995790541,0.0179930776,0.08987491,-0.07108816,-0.08837785,0.448465526,0.889420152,-0.475066632,-0.0243023969,-0.893619061,0.44816792,0.06667768,0.0,0.0,0.0,1.0]},"headPose":{"x":0.0304239746,"y":0.273914516,"z":0.39904}},{"recID":100,"timestamp":0,"world2head":{"data":[0.9958747,0.0182402246,0.08888681,-0.07097812,-0.0875891149,0.449103534,0.8891762,-0.475158542,-0.02370061,-0.89329356,0.4488485,0.06650427,0.0,0.0,0.0,1.0]},"headPose":{"x":0.0306427944,"y":0.27409783,"z":0.398958266}},{"recID":101,"timestamp":0,"world2head":{"data":[0.995936036,0.0180310868,0.08823985,-0.07078291,-0.08692983,0.4486413,0.889474034,-0.475511849,-0.0235498548,-0.8935299,0.448385477,0.06681685,0.0,0.0,0.0,1.0]},"headPose":{"x":0.0307326112,"y":0.27431345,"z":0.399241656}},{"recID":102,"timestamp":0,"world2head":{"data":[0.996020854,0.01762949,0.08735949,-0.07040858,-0.08589426,0.451260328,0.88824904,-0.47573185,-0.0237624943,-0.892218232,0.450978935,0.0653430149,0.0,0.0,0.0,1.0]},"headPose":{"x":0.0308184978,"y":0.274220377,"z":0.399250865}},{"recID":103,"timestamp":0,"world2head":{"data":[0.9959892,0.0172285177,0.0877994448,-0.07050361,-0.0861642361,0.449108541,0.8893128,-0.47562328,-0.0241099447,-0.8933111,0.448791742,0.06679213,0.0,0.0,0.0,1.0]},"headPose":{"x":0.03084947,"y":0.274487317,"z":0.3991923}},{"recID":104,"timestamp":0,"world2head":{"data":[0.9958535,0.0171972476,0.08933146,-0.0711829,-0.08739786,0.453394473,0.887014747,-0.476487339,-0.0252481848,-0.891144037,0.453017473,0.0645411462,0.0,0.0,0.0,1.0]},"headPose":{"x":0.0308733117,"y":0.27477634,"z":0.399771869}},{"recID":105,"timestamp":0,"world2head":{"data":[0.995787561,0.0171108134,0.0900797248,-0.0715690255,-0.0879510641,0.455954075,0.885646939,-0.476492316,-0.0259180851,-0.8898388,0.455538332,0.06326108,0.0,0.0,0.0,1.0]},"headPose":{"x":0.0309991464,"y":0.2747754,"z":0.39963305}},{"recID":106,"timestamp":0,"world2head":{"data":[0.99572897,0.01796754,0.09055912,-0.07224089,-0.0887019038,0.4582432,0.884389758,-0.4763367,-0.0256077945,-0.8886453,0.457879782,0.06205186,0.0,0.0,0.0,1.0]},"headPose":{"x":0.0312693864,"y":0.274718076,"z":0.399397016}},{"recID":107,"timestamp":0,"world2head":{"data":[0.995751143,0.0176345259,0.0903810859,-0.07209213,-0.08841909,0.457287431,0.88491255,-0.476103336,-0.0257251151,-0.8891441,0.4569037,0.062926285,0.0,0.0,0.0,1.0]},"headPose":{"x":0.0313079841,"y":0.274937928,"z":0.399074346}},{"recID":108,"timestamp":0,"world2head":{"data":[0.9958833,0.0178119838,0.0888772756,-0.07157408,-0.0871278942,0.458563924,0.884380043,-0.477211,-0.0250033587,-0.888483,0.458228052,0.0621677637,0.0,0.0,0.0,1.0]},"headPose":{"x":0.0312554464,"y":0.27534157,"z":0.3999101}},{"recID":109,"timestamp":0,"world2head":{"data":[0.995848536,0.0185706243,0.08911161,-0.0719806552,-0.08757246,0.4625618,0.882251441,-0.4774556,-0.0248356722,-0.886392534,0.462267756,0.0598688871,0.0,0.0,0.0,1.0]},"headPose":{"x":0.0313567445,"y":0.275256783,"z":0.399974763}},{"recID":110,"timestamp":0,"world2head":{"data":[0.99598974,0.0200105011,0.0872008651,-0.0715388,-0.08666531,0.457808256,0.8848168,-0.476814061,-0.02221565,-0.888825834,0.4577065,0.06257002,0.0,0.0,0.0,1.0]},"headPose":{"x":0.0313187055,"y":0.275334746,"z":0.399492621}},{"recID":111,"timestamp":0,"world2head":{"data":[0.996031344,0.02053671,0.08660133,-0.07125505,-0.08634877,0.458826661,0.88432014,-0.4773985,-0.0215739757,-0.8882885,0.458779037,0.0619462021,0.0,0.0,0.0,1.0]},"headPose":{"x":0.0310859121,"y":0.275532573,"z":0.399924248}},{"recID":112,"timestamp":0,"world2head":{"data":[0.9960042,0.01998046,0.08704211,-0.07076125,-0.08656177,0.455743253,0.8858924,-0.476108819,-0.0219683237,-0.8898871,0.45565176,0.06405985,0.0,0.0,0.0,1.0]},"headPose":{"x":0.0306729674,"y":0.2754032,"z":0.398751318}},{"recID":113,"timestamp":0,"world2head":{"data":[0.9959847,0.0190367289,0.08747677,-0.07049957,-0.08656761,0.45383954,0.8868686,-0.476534545,-0.02281735,-0.8908801,0.4536652,0.06504611,0.0,0.0,0.0,1.0]},"headPose":{"x":0.03044822,"y":0.275560558,"z":0.399281353}},{"recID":114,"timestamp":0,"world2head":{"data":[0.995918155,0.0178980455,0.08846861,-0.07043146,-0.0868665352,0.456321061,0.885565042,-0.476674378,-0.02452021,-0.8896352,0.456013143,0.0639851242,0.0,0.0,0.0,1.0]},"headPose":{"x":0.0303058475,"y":0.275700539,"z":0.399179041}},{"recID":115,"timestamp":0,"world2head":{"data":[0.9959208,0.017421063,0.08853443,-0.07024227,-0.0867417455,0.4551034,0.8862036,-0.476633132,-0.02485371,-0.890268147,0.454758048,0.06477047,0.0,0.0,0.0,1.0]},"headPose":{"x":0.030221533,"y":0.275804132,"z":0.399157941}},{"recID":116,"timestamp":0,"world2head":{"data":[0.99600774,0.0169361457,0.0876452848,-0.06944593,-0.0856779,0.4569652,0.885348558,-0.476913244,-0.025056459,-0.889323354,0.456591964,0.0638836548,0.0,0.0,0.0,1.0]},"headPose":{"x":0.0299084615,"y":0.27592212,"z":0.399152279}},{"recID":117,"timestamp":0,"world2head":{"data":[0.9959773,0.0168007948,0.0880169,-0.0694531947,-0.0859645754,0.456328571,0.885649145,-0.477012545,-0.02528502,-0.8896528,0.4559372,0.06432401,0.0,0.0,0.0,1.0]},"headPose":{"x":0.0297940541,"y":0.276067346,"z":0.399251074}},{"recID":118,"timestamp":0,"world2head":{"data":[0.9959821,0.0169125162,0.0879408345,-0.069227986,-0.08583556,0.460266471,0.883621633,-0.477424115,-0.0255319569,-0.8876198,0.459868848,0.06221941,0.0,0.0,0.0,1.0]},"headPose":{"x":0.0295584612,"y":0.276140243,"z":0.399337381}},{"recID":119,"timestamp":0,"world2head":{"data":[0.9959497,0.0171580128,0.0882599056,-0.06934616,-0.08625843,0.4593252,0.884070039,-0.477151,-0.0253711157,-0.8881024,0.458944857,0.0628806,0.0,0.0,0.0,1.0]},"headPose":{"x":0.0295023452,"y":0.276201755,"z":0.399096668}},{"recID":120,"timestamp":0,"world2head":{"data":[0.995956,0.0182249956,0.08797411,-0.06931464,-0.0864822,0.4597643,0.88382,-0.477869779,-0.02433975,-0.88785404,0.45948118,0.06268752,0.0,0.0,0.0,1.0]},"headPose":{"x":0.0292329043,"y":0.276628047,"z":0.399644941}},{"recID":121,"timestamp":0,"world2head":{"data":[0.9959257,0.0185412131,0.08825062,-0.0693612844,-0.08684078,0.4609365,0.883174,-0.478013754,-0.0243028216,-0.8872395,0.460668683,0.062176086,0.0,0.0,0.0,1.0]},"headPose":{"x":0.0290786512,"y":0.276785076,"z":0.3996479}},{"recID":122,"timestamp":0,"world2head":{"data":[0.995929,0.01814456,0.08829586,-0.0691071749,-0.08667967,0.461604834,0.882840753,-0.478179932,-0.0247390456,-0.8869002,0.4612984,0.0620015077,0.0,0.0,0.0,1.0]},"headPose":{"x":0.0289112218,"y":0.2769732,"z":0.399657369}},{"recID":123,"timestamp":0,"world2head":{"data":[0.9959961,0.0186479688,0.08742972,-0.06880647,-0.08613663,0.461878181,0.8827508,-0.478524774,-0.0239203684,-0.8867473,0.4616351,0.0616378,0.0,0.0,0.0,1.0]},"headPose":{"x":0.0287868623,"y":0.2769604,"z":0.3999797}},{"recID":124,"timestamp":0,"world2head":{"data":[0.995865166,0.0196903348,0.08868402,-0.0693922043,-0.08768275,0.463620067,0.8816848,-0.4783903,-0.0237550251,-0.885815263,0.46342963,0.0609382577,0.0,0.0,0.0,1.0]},"headPose":{"x":0.0286062881,"y":0.2771378,"z":0.399702877}},{"recID":125,"timestamp":0,"world2head":{"data":[0.9958555,0.0199325867,0.0887384638,-0.06944703,-0.0878635943,0.462850153,0.8820713,-0.478444457,-0.023490645,-0.8862124,0.4626832,0.0613960847,0.0,0.0,0.0,1.0]},"headPose":{"x":0.0285635944,"y":0.2772423,"z":0.3997778}},{"recID":126,"timestamp":0,"world2head":{"data":[0.995882,0.0207100287,0.08826194,-0.0694775656,-0.0877934247,0.463149965,0.881921,-0.478680044,-0.0226139128,-0.886038,0.463060915,0.06134644,0.0,0.0,0.0,1.0]},"headPose":{"x":0.0285537783,"y":0.277494758,"z":0.399882972}},{"recID":127,"timestamp":0,"world2head":{"data":[0.995893657,0.0209521018,0.08807266,-0.06942121,-0.08774629,0.462814271,0.8821018,-0.4788292,-0.0222793967,-0.8862076,0.462752283,0.0616687,0.0,0.0,0.0,1.0]},"headPose":{"x":0.0284945946,"y":0.2777148,"z":0.399952859}},{"recID":128,"timestamp":0,"world2head":{"data":[0.9958838,0.0214139521,0.08807328,-0.06946839,-0.08794956,0.463255525,0.8818499,-0.478373,-0.02191655,-0.885966063,0.46323204,0.0612396449,0.0,0.0,0.0,1.0]},"headPose":{"x":0.0284519047,"y":0.27735275,"z":0.3996033}},{"recID":129,"timestamp":0,"world2head":{"data":[0.995868444,0.02147258,0.0882327259,-0.06949573,-0.08817251,0.461037219,0.882989347,-0.478155345,-0.0217185132,-0.8871209,0.4610257,0.0624306723,0.0,0.0,0.0,1.0]},"headPose":{"x":0.0284043439,"y":0.277323246,"z":0.399555743}},{"recID":130,"timestamp":0,"world2head":{"data":[0.995778441,0.0213335045,0.08927616,-0.06989369,-0.0890886039,0.4588387,0.884042,-0.478067547,-0.0221036375,-0.888263464,0.458802223,0.06366341,0.0,0.0,0.0,1.0]},"headPose":{"x":0.028415449,"y":0.277396828,"z":0.399662733}},{"recID":131,"timestamp":0,"world2head":{"data":[0.9957879,0.0208016932,0.08929581,-0.069774054,-0.08887067,0.458505452,0.884236753,-0.478228271,-0.0225489959,-0.88844806,0.45842284,0.06391981,0.0,0.0,0.0,1.0]},"headPose":{"x":0.02842102,"y":0.27751115,"z":0.3997953}},{"recID":132,"timestamp":0,"world2head":{"data":[0.9958365,0.0200770572,0.08891903,-0.06947661,-0.08817332,0.459689677,0.8836916,-0.478455335,-0.0231332332,-0.8878526,0.45954603,0.06311455,0.0,0.0,0.0,1.0]},"headPose":{"x":0.0284603871,"y":0.2773723,"z":0.399980724}},{"recID":133,"timestamp":0,"world2head":{"data":[0.9958231,0.0197152123,0.08914979,-0.06949246,-0.0882086158,0.4598137,0.8836235,-0.478448033,-0.0235714689,-0.8877964,0.459632218,0.06313809,0.0,0.0,0.0,1.0]},"headPose":{"x":0.028487213,"y":0.277420849,"z":0.399942875}},{"recID":134,"timestamp":0,"world2head":{"data":[0.9957877,0.0195011944,0.0895911753,-0.06972591,-0.08849497,0.460072458,0.883460164,-0.4784353,-0.0239899009,-0.8876672,0.4598602,0.06293256,0.0,0.0,0.0,1.0]},"headPose":{"x":0.0286028236,"y":0.277337819,"z":0.399985254}},{"recID":135,"timestamp":0,"world2head":{"data":[0.995764136,0.0196190812,0.08982718,-0.06987983,-0.08875401,0.460239947,0.8833471,-0.478459924,-0.0240116082,-0.887577832,0.4600317,0.06283805,0.0,0.0,0.0,1.0]},"headPose":{"x":0.0286274329,"y":0.277350962,"z":0.4000157}},{"recID":136,"timestamp":0,"world2head":{"data":[0.995720446,0.0196188465,0.090310216,-0.070204,-0.08918572,0.460118234,0.883366942,-0.4782785,-0.0242227316,-0.887640834,0.459898829,0.0629227,0.0,0.0,0.0,1.0]},"headPose":{"x":0.0287721,"y":0.277294725,"z":0.399897456}},{"recID":137,"timestamp":0,"world2head":{"data":[0.995682657,0.0197750553,0.09069191,-0.0704856142,-0.0896109641,0.4595754,0.8836065,-0.478019536,-0.0242064036,-0.887918651,0.459363282,0.0631817952,0.0,0.0,0.0,1.0]},"headPose":{"x":0.02887492,"y":0.277180135,"z":0.3997502}},{"recID":138,"timestamp":0,"world2head":{"data":[0.9956964,0.019974567,0.09049687,-0.07072209,-0.08957081,0.458037019,0.884408951,-0.478013426,-0.02378523,-0.8887087,0.457855,0.06404456,0.0,0.0,0.0,1.0]},"headPose":{"x":0.02912499,"y":0.27727744,"z":0.399836361}},{"recID":139,"timestamp":0,"world2head":{"data":[0.9957215,0.0199852958,0.09021795,-0.0706845447,-0.08931551,0.458504617,0.884192467,-0.478112429,-0.0236945,-0.8884673,0.4583279,0.063807264,0.0,0.0,0.0,1.0]},"headPose":{"x":0.0291911438,"y":0.277320057,"z":0.39987576}},{"recID":140,"timestamp":0,"world2head":{"data":[0.9957137,0.0203070119,0.09023225,-0.07095826,-0.08948039,0.4583223,0.88427037,-0.4779521,-0.023398567,-0.888554156,0.458174825,0.0638558045,0.0,0.0,0.0,1.0]},"headPose":{"x":0.0293809045,"y":0.2772363,"z":0.399784416}},{"recID":141,"timestamp":0,"world2head":{"data":[0.995680451,0.020392783,0.0905789,-0.07126588,-0.08983444,0.4580602,0.8843702,-0.477901667,-0.0234558247,-0.888687253,0.457913578,0.06404934,0.0,0.0,0.0,1.0]},"headPose":{"x":0.0295283422,"y":0.277280867,"z":0.3997681}},{"recID":142,"timestamp":0,"world2head":{"data":[0.995709538,0.0203164034,0.090276286,-0.071337074,-0.089504,0.4590723,0.883878767,-0.477934,-0.0234861039,-0.8881666,0.458921015,0.06347414,0.0,0.0,0.0,1.0]},"headPose":{"x":0.0297447555,"y":0.277231157,"z":0.39974615}},{"recID":143,"timestamp":0,"world2head":{"data":[0.9957295,0.0203543,0.0900469944,-0.07140055,-0.08932807,0.458682954,0.8840987,-0.477808177,-0.0233078152,-0.8883669,0.458542347,0.06375783,0.0,0.0,0.0,1.0]},"headPose":{"x":0.0299000125,"y":0.2772561,"z":0.3996233}},{"recID":144,"timestamp":0,"world2head":{"data":[0.9957221,0.0201928169,0.09016472,-0.07159356,-0.0893681347,0.458322,0.884281933,-0.477895081,-0.0234683417,-0.8885569,0.458165944,0.06402929,0.0,0.0,0.0,1.0]},"headPose":{"x":0.030081369,"y":0.2773691,"z":0.399713039}},{"recID":145,"timestamp":0,"world2head":{"data":[0.995734,0.0197485946,0.0901325345,-0.07153111,-0.08912024,0.458913684,0.8839999,-0.478007078,-0.0239053,-0.8882614,0.458715916,0.06374563,0.0,0.0,0.0,1.0]},"headPose":{"x":0.0301497076,"y":0.2773994,"z":0.399764359}},{"recID":146,"timestamp":0,"world2head":{"data":[0.9958591,0.0188532136,0.08893364,-0.07099514,-0.08762343,0.459719181,0.8837309,-0.477855325,-0.02422332,-0.8878641,0.45946753,0.0631968156,0.0,0.0,0.0,1.0]},"headPose":{"x":0.0303606652,"y":0.277127981,"z":0.399572521}},{"recID":147,"timestamp":0,"world2head":{"data":[0.9958658,0.0188756436,0.08885391,-0.07103451,-0.08758729,0.458824158,0.8841997,-0.477613777,-0.0240784958,-0.8883267,0.458580554,0.06374742,0.0,0.0,0.0,1.0]},"headPose":{"x":0.0304428861,"y":0.27711004,"z":0.39938423}},{"recID":148,"timestamp":0,"wo