[{"recID":0,"timestamp":0,"world2head":{"data":[0.9915434,0.0248014946,-0.12738362,0.06198629,-0.0179979187,0.9983632,0.0542862639,-0.00387774,0.1285215,-0.05153455,0.9903668,-0.0759286,0.0,0.0,0.0,1.0]},"headPose":{"x":-0.05177343,"y":-0.0015789055,"z":0.08330371}},{"recID":1,"timestamp":0,"world2head":{"data":[0.9915434,0.0248014946,-0.12738362,0.06198629,-0.0179979187,0.9983632,0.0542862639,-0.00387774,0.1285215,-0.05153455,0.9903668,-0.0759286,0.0,0.0,0.0,1.0]},"headPose":{"x":-0.05177343,"y":-0.0015789055,"z":0.08330371}},{"recID":2,"timestamp":0,"world2head":{"data":[0.9915434,0.0248014946,-0.12738362,0.06198629,-0.0179979187,0.9983632,0.0542862639,-0.00387774,0.1285215,-0.05153455,0.9903668,-0.0759286,0.0,0.0,0.0,1.0]},"headPose":{"x":-0.05177343,"y":-0.0015789055,"z":0.08330371}},{"recID":3,"timestamp":0,"world2head":{"data":[0.9915434,0.0248014946,-0.12738362,0.06198629,-0.0179979187,0.9983632,0.0542862639,-0.00387774,0.1285215,-0.05153455,0.9903668,-0.0759286,0.0,0.0,0.0,1.0]},"headPose":{"x":-0.05177343,"y":-0.0015789055,"z":0.08330371}},{"recID":4,"timestamp":0,"world2head":{"data":[0.9915434,0.0248014946,-0.12738362,0.06198629,-0.0179979187,0.9983632,0.0542862639,-0.00387774,0.1285215,-0.05153455,0.9903668,-0.0759286,0.0,0.0,0.0,1.0]},"headPose":{"x":-0.05177343,"y":-0.0015789055,"z":0.08330371}},{"recID":5,"timestamp":0,"world2head":{"data":[0.9915434,0.0248014946,-0.12738362,0.06198629,-0.0179979187,0.9983632,0.0542862639,-0.00387774,0.1285215,-0.05153455,0.9903668,-0.0759286,0.0,0.0,0.0,1.0]},"headPose":{"x":-0.05177343,"y":-0.0015789055,"z":0.08330371}},{"recID":6,"timestamp":0,"world2head":{"data":[0.9915434,0.0248014946,-0.12738362,0.06198629,-0.0179979187,0.9983632,0.0542862639,-0.00387774,0.1285215,-0.05153455,0.9903668,-0.0759286,0.0,0.0,0.0,1.0]},"headPose":{"x":-0.05177343,"y":-0.0015789055,"z":0.08330371}},{"recID":7,"timestamp":0,"world2head":{"data":[0.9915434,0.0248014946,-0.12738362,0.06198629,-0.0179979187,0.9983632,0.0542862639,-0.00387774,0.1285215,-0.05153455,0.9903668,-0.0759286,0.0,0.0,0.0,1.0]},"headPose":{"x":-0.05177343,"y":-0.0015789055,"z":0.08330371}},{"recID":8,"timestamp":0,"world2head":{"data":[0.9915434,0.0248014946,-0.12738362,0.06198629,-0.0179979187,0.9983632,0.0542862639,-0.00387774,0.1285215,-0.05153455,0.9903668,-0.0759286,0.0,0.0,0.0,1.0]},"headPose":{"x":-0.05177343,"y":-0.0015789055,"z":0.08330371}},{"recID":9,"timestamp":0,"world2head":{"data":[0.9915434,0.0248014946,-0.12738362,0.06198629,-0.0179979187,0.9983632,0.0542862639,-0.00387774,0.1285215,-0.05153455,0.9903668,-0.0759286,0.0,0.0,0.0,1.0]},"headPose":{"x":-0.05177343,"y":-0.0015789055,"z":0.08330371}},{"recID":10,"timestamp":0,"world2head":{"data":[0.9915307,0.0249080863,-0.127461568,0.0620392747,-0.0181136373,0.9983663,0.05419019,-0.003921191,0.128603116,-0.051422447,0.990362048,-0.07634387,0.0,0.0,0.0,1.0]},"headPose":{"x":-0.0517668128,"y":-0.00155628263,"z":0.08372819}},{"recID":11,"timestamp":0,"world2head":{"data":[0.99137485,0.0255730487,-0.1285378,0.06279531,-0.01900199,0.998461545,0.0520905964,-0.00391882472,0.12967217,-0.0491988324,0.9903356,-0.08090338,0.0,0.0,0.0,1.0]},"headPose":{"x":-0.0518372431,"y":-0.0016734238,"z":0.0883972049}},{"recID":12,"timestamp":0,"world2head":{"data":[0.9914076,0.02583007,-0.1282336,0.0630220845,-0.0193827134,0.998496532,0.05127413,-0.003938239,0.129365221,-0.0483480468,0.990417659,-0.08283279,0.0,0.0,0.0,1.0]},"headPose":{"x":-0.05184122,"y":-0.0017003502,"z":0.09032254}},{"recID":13,"timestamp":0,"world2head":{"data":[0.991443753,0.0258603133,-0.12794733,0.06324301,-0.0196823925,0.9985893,0.0493159853,-0.003531622,0.129042149,-0.046375718,0.9905541,-0.08487557,0.0,0.0,0.0,1.0]},"headPose":{"x":-0.05181887,"y":-0.00204500975,"z":0.0923397839}},{"recID":14,"timestamp":0,"world2head":{"data":[0.9915431,0.0258161835,-0.1271842,0.06353821,-0.0196229741,0.9985709,0.049709525,-0.00346471742,0.128285751,-0.046793405,0.9906327,-0.0868034959,0.0,0.0,0.0,1.0]},"headPose":{"x":-0.05193321,"y":-0.00224237912,"z":0.09424367}},{"recID":15,"timestamp":0,"world2head":{"data":[0.991704345,0.02618015,-0.125845626,0.0636456162,-0.0199989621,0.9985423,0.05013231,-0.00324079441,0.126974657,-0.0471996479,0.9907823,-0.08875902,0.0,0.0,0.0,1.0]},"headPose":{"x":-0.0519123,"y":-0.002619576,"z":0.09611286}},{"recID":16,"timestamp":0,"world2head":{"data":[0.9917947,0.026261216,-0.12511459,0.06376437,-0.0201798063,0.9985638,0.0496287234,-0.0031955454,0.126238227,-0.04669672,0.9909003,-0.0907947943,0.0,0.0,0.0,1.0]},"headPose":{"x":-0.0518438742,"y":-0.00272339256,"z":0.09810503}},{"recID":17,"timestamp":0,"world2head":{"data":[0.9918499,0.0259597115,-0.124739304,0.06394706,-0.0198301747,0.9985457,0.0501317643,-0.00319594867,0.1258593,-0.04724958,0.9909223,-0.09259253,0.0,0.0,0.0,1.0]},"headPose":{"x":-0.0518356264,"y":-0.00284370477,"z":0.09988893}},{"recID":18,"timestamp":0,"world2head":{"data":[0.991722167,0.0257927161,-0.125785068,0.0642878041,-0.01976364,0.998605847,0.04894634,-0.00287831482,0.126872167,-0.0460552,0.9908493,-0.0946456343,0.0,0.0,0.0,1.0]},"headPose":{"x":-0.05180463,"y":-0.00314277876,"z":0.10200689}},{"recID":19,"timestamp":0,"world2head":{"data":[0.991657257,0.0270319972,-0.126036137,0.06448966,-0.0206726212,0.9984593,0.05149469,-0.00282775238,0.127233952,-0.0484595858,0.990688264,-0.0963445455,0.0,0.0,0.0,1.0]},"headPose":{"x":-0.0517518073,"y":-0.00358870625,"z":0.103721052}},{"recID":20,"timestamp":0,"world2head":{"data":[0.99168,0.0266012289,-0.125948578,0.06477162,-0.0201450028,0.9984303,0.0522600263,-0.00283172866,0.127141058,-0.04928799,0.9906593,-0.09801014,0.0,0.0,0.0,1.0]},"headPose":{"x":-0.0518286638,"y":-0.003726444,"z":0.105400532}},{"recID":21,"timestamp":0,"world2head":{"data":[0.9917175,0.0275136717,-0.125456676,0.06503322,-0.0211595148,0.998438358,0.0517026745,-0.00246104039,0.12668328,-0.0486198477,0.990750968,-0.09966214,0.0,0.0,0.0,1.0]},"headPose":{"x":-0.05192113,"y":-0.004177663,"z":0.10702645}},{"recID":22,"timestamp":0,"world2head":{"data":[0.9918899,0.028205676,-0.123931065,0.06511474,-0.0215460081,0.9982675,0.05475256,-0.00262285187,0.125260681,-0.05163829,0.9907791,-0.101204589,0.0,0.0,0.0,1.0]},"headPose":{"x":-0.0519662,"y":-0.004444329,"z":0.108484738}},{"recID":23,"timestamp":0,"world2head":{"data":[0.991974056,0.0284839347,-0.123191424,0.06512762,-0.0219299532,0.9982874,0.05423438,-0.002566304,0.124525256,-0.051097516,0.990899861,-0.1028394,0.0,0.0,0.0,1.0]},"headPose":{"x":-0.0518550873,"y":-0.00454802066,"z":0.110065892}},{"recID":24,"timestamp":0,"world2head":{"data":[0.9919539,0.0292129163,-0.123182833,0.0650896356,-0.0223920327,0.998157263,0.05639763,-0.00252753031,0.124603376,-0.0531855375,0.9907802,-0.103908166,0.0,0.0,0.0,1.0]},"headPose":{"x":-0.05167521,"y":-0.0049049966,"z":0.111110613}},{"recID":25,"timestamp":0,"world2head":{"data":[0.9918166,0.0277596172,-0.124616712,0.06526575,-0.0210789647,0.9982851,0.05461183,-0.00224772678,0.125919014,-0.05153812,0.9907009,-0.104893617,0.0,0.0,0.0,1.0]},"headPose":{"x":-0.05157093,"y":-0.0049739,"z":0.112174153}},{"recID":26,"timestamp":0,"world2head":{"data":[0.991593361,0.02782152,-0.12636666,0.06541529,-0.0211289357,0.99831754,0.0539968349,-0.00230266736,0.127656326,-0.05087291,0.9905129,-0.105529949,0.0,0.0,0.0,1.0]},"headPose":{"x":-0.051442463,"y":-0.004889775,"z":0.11291942}},{"recID":27,"timestamp":0,"world2head":{"data":[0.9915112,0.02718055,-0.127148271,0.06569886,-0.0211729128,0.9986053,0.0483644865,-0.00186388276,0.128285527,-0.0452618338,0.9907039,-0.106150478,0.0,0.0,0.0,1.0]},"headPose":{"x":-0.05156305,"y":-0.00472901342,"z":0.11360734}},{"recID":28,"timestamp":0,"world2head":{"data":[0.9916065,0.0269055031,-0.12646243,0.06580502,-0.021244131,0.9987199,0.045904886,-0.00174538337,0.127535641,-0.0428329967,0.9909087,-0.106690668,0.0,0.0,0.0,1.0]},"headPose":{"x":-0.0516828932,"y":-0.004597249,"z":0.114122689}},{"recID":29,"timestamp":0,"world2head":{"data":[0.9917967,0.0268240832,-0.124979168,0.06572253,-0.02147822,0.998803854,0.04392706,-0.00198018923,0.126007974,-0.04088238,0.9911865,-0.107253946,0.0,0.0,0.0,1.0]},"headPose":{"x":-0.0517110676,"y":-0.00416992232,"z":0.114609592}},{"recID":30,"timestamp":0,"world2head":{"data":[0.9919312,0.0264437161,-0.1239888,0.0656016544,-0.0211179964,0.9988051,0.0440726951,-0.002339784,0.1250061,-0.0410986841,0.9913044,-0.107807741,0.0,0.0,0.0,1.0]},"headPose":{"x":-0.051645115,"y":-0.00382851972,"z":0.115107276}},{"recID":31,"timestamp":0,"world2head":{"data":[0.9920306,0.0255253837,-0.123384371,0.0654084459,-0.0199568756,0.9987348,0.0461586565,-0.003124346,0.124406472,-0.0433284342,0.991284847,-0.108269878,0.0,0.0,0.0,1.0]},"headPose":{"x":-0.05148006,"y":-0.00324034714,"z":0.115540884}},{"recID":32,"timestamp":0,"world2head":{"data":[0.9919423,0.0243502147,-0.124328628,0.0652624145,-0.01870583,0.9987494,0.04636629,-0.00295562344,0.125302166,-0.04366701,0.9911572,-0.108696073,0.0,0.0,0.0,1.0]},"headPose":{"x":-0.05117198,"y":-0.00338365976,"z":0.11598593}},{"recID":33,"timestamp":0,"world2head":{"data":[0.9917522,0.02191355,-0.12628293,0.06534243,-0.015540421,0.9985658,0.0512331761,-0.002879948,0.1272245,-0.0488481261,0.9906704,-0.109039851,0.0,0.0,0.0,1.0]},"headPose":{"x":-0.05097571,"y":-0.00388245867,"z":0.116421722}},{"recID":34,"timestamp":0,"world2head":{"data":[0.99151206,0.0199415013,-0.128476351,0.06538379,-0.0127311153,0.99831,0.0567010753,-0.002248153,0.129389942,-0.05458415,0.9900903,-0.109925911,0.0,0.0,0.0,1.0]},"headPose":{"x":-0.05063413,"y":-0.00505971024,"z":0.117364325}},{"recID":35,"timestamp":0,"world2head":{"data":[0.991185367,0.0170969553,-0.131374314,0.06561319,-0.008454378,0.997779548,0.0660641938,-0.000759975,0.132212088,-0.06437118,0.989129066,-0.111049078,0.0,0.0,0.0,1.0]},"headPose":{"x":-0.0503592268,"y":-0.00751185743,"z":0.11851196}},{"recID":36,"timestamp":0,"world2head":{"data":[0.990934968,0.01497999,-0.13350457,0.06599112,-0.00365855126,0.9964043,0.08464685,-0.0005879164,0.134292543,-0.0833910853,0.9874267,-0.112042278,0.0,0.0,0.0,1.0]},"headPose":{"x":-0.0503486134,"y":-0.009746071,"z":0.11949341}},{"recID":37,"timestamp":0,"world2head":{"data":[0.9906555,0.0156832784,-0.1354836,0.06625015,-0.00251837773,0.9953007,0.09679944,-0.0007647261,0.136365056,-0.09555369,0.9860396,-0.112777762,0.0,0.0,0.0,1.0]},"headPose":{"x":-0.0502540544,"y":-0.01105422,"z":0.120253175}},{"recID":38,"timestamp":0,"world2head":{"data":[0.990469337,0.0177742876,-0.136581838,0.0664235055,-0.00295541482,0.994152665,0.1079434,-0.001390715,0.137701809,-0.106510967,0.984730244,-0.112684473,0.0,0.0,0.0,1.0]},"headPose":{"x":-0.0502776951,"y":-0.01180018,"z":0.120186172}},{"recID":39,"timestamp":0,"world2head":{"data":[0.9903634,0.0169716142,-0.1374493,0.06682675,-0.00167917553,0.9938615,0.110618562,-0.00183436729,0.138482928,-0.109321773,0.9843126,-0.112158395,0.0,0.0,0.0,1.0]},"headPose":{"x":-0.0506538227,"y":-0.0115724057,"z":0.119787119}},{"recID":40,"timestamp":0,"world2head":{"data":[0.9902399,0.0177572519,-0.138237581,0.0672609657,-0.00291079,0.994269,0.1068675,-0.00193932466,0.139343008,-0.105422087,0.9846165,-0.111310877,0.0,0.0,0.0,1.0]},"headPose":{"x":-0.0510997474,"y":-0.0110007832,"z":0.119103774}},{"recID":41,"timestamp":0,"world2head":{"data":[0.990124345,0.01872796,-0.138935372,0.0676983148,-0.00484423945,0.995015562,0.09960178,-0.00143841468,0.140108213,-0.09794512,0.985279858,-0.110313617,0.0,0.0,0.0,1.0]},"headPose":{"x":-0.0515808761,"y":-0.0106412871,"z":0.118238755}},{"recID":42,"timestamp":0,"world2head":{"data":[0.9900405,0.01897515,-0.139498219,0.06838288,-0.00574920652,0.995497942,0.09460892,-0.000847670133,0.1406654,-0.09286466,0.9856923,-0.108719468,0.0,0.0,0.0,1.0]},"headPose":{"x":-0.05241363,"y":-0.0105499169,"z":0.116783433}},{"recID":43,"timestamp":0,"world2head":{"data":[0.9901663,0.0208545346,-0.13833198,0.06874794,-0.007999891,0.99564904,0.092838794,-0.000592879369,0.1396662,-0.09081921,0.986025,-0.106824026,0.0,0.0,0.0,1.0]},"headPose":{"x":-0.05315693,"y":-0.01054508,"z":0.11489623}},{"recID":44,"timestamp":0,"world2head":{"data":[0.9901875,0.0204902776,-0.138234437,0.06940508,-0.007885202,0.9958083,0.09112463,-0.000326168578,0.139522165,-0.08914047,0.986198545,-0.105204478,0.0,0.0,0.0,1.0]},"headPose":{"x":-0.0540482625,"y":-0.010475304,"z":0.113376394}},{"recID":45,"timestamp":0,"world2head":{"data":[0.9902665,0.02365027,-0.137160257,0.0699349046,-0.0113967657,0.9959267,0.08944355,-0.000427445571,0.138716921,-0.08700977,0.986502349,-0.103252575,0.0,0.0,0.0,1.0]},"headPose":{"x":-0.05493618,"y":-0.0102122575,"z":0.111489438}},{"recID":46,"timestamp":0,"world2head":{"data":[0.990477145,0.0255494248,-0.1352856,0.07034917,-0.0139767434,0.9962134,0.08581129,-0.0001911128,0.136965767,-0.08310327,0.9870837,-0.101368278,0.0,0.0,0.0,1.0]},"headPose":{"x":-0.055797942,"y":-0.0100310287,"z":0.109592617}},{"recID":47,"timestamp":0,"world2head":{"data":[0.990712,0.0263692029,-0.133395746,0.07056123,-0.0150715485,0.9962666,0.0850041658,-0.0012723906,0.135139212,-0.08220416,0.987410665,-0.09967223,0.0,0.0,0.0,1.0]},"headPose":{"x":-0.0564554036,"y":-0.008786475,"z":0.107938156}},{"recID":48,"timestamp":0,"world2head":{"data":[0.99074775,0.0273284819,-0.132936254,0.070775494,-0.0166276712,0.996579468,0.0809498951,-0.00168546906,0.134693787,-0.07799051,0.9878133,-0.0978289,0.0,0.0,0.0,1.0]},"headPose":{"x":-0.0569717437,"y":-0.007884209,"z":0.106181756}},{"recID":49,"timestamp":0,"world2head":{"data":[0.990640044,0.0288485,-0.133416891,0.07104088,-0.0181174967,0.9965528,0.08095781,-0.0025349264,0.1352925,-0.07778286,0.987747848,-0.09565789,0.0,0.0,0.0,1.0]},"headPose":{"x":-0.0574800745,"y":-0.00696378062,"z":0.104169153}},{"recID":50,"timestamp":0,"world2head":{"data":[0.9904868,0.0300179347,-0.134293869,0.07136208,-0.0201029032,0.99701184,0.07458702,-0.00229408545,0.13613154,-0.0711777657,0.9881305,-0.09413346,0.0,0.0,0.0,1.0]},"headPose":{"x":-0.05791478,"y":-0.006555121,"z":0.102770746}},{"recID":51,"timestamp":0,"world2head":{"data":[0.990535,0.03140725,-0.133618891,0.0716922358,-0.02168133,0.997049868,0.07363089,-0.00211004866,0.135537237,-0.07003694,0.9882937,-0.09195039,0.0,0.0,0.0,1.0]},"headPose":{"x":-0.0585967153,"y":-0.00658775633,"z":0.100608796}},{"recID":52,"timestamp":0,"world2head":{"data":[0.990861237,0.0319612361,-0.131043851,0.071626775,-0.0229460057,0.997301459,0.06973756,-0.00222753454,0.132919133,-0.06609332,0.9889207,-0.09048713,0.0,0.0,0.0,1.0]},"headPose":{"x":-0.05899584,"y":-0.00604835153,"z":0.0990261957}},{"recID":53,"timestamp":0,"world2head":{"data":[0.991282165,0.03108015,-0.128037944,0.07130178,-0.02258268,0.9974777,0.06729217,-0.00146321044,0.129806444,-0.06381409,0.9894837,-0.08914503,0.0,0.0,0.0,1.0]},"headPose":{"x":-0.0591416247,"y":-0.00644525839,"z":0.09743535}},{"recID":54,"timestamp":0,"world2head":{"data":[0.9917288,0.0286984053,-0.125101581,0.0711207539,-0.0204536263,0.997563541,0.06669806,-0.00187263789,0.1267109,-0.063587606,0.989899457,-0.08820921,0.0,0.0,0.0,1.0]},"headPose":{"x":-0.0593937337,"y":-0.00578198954,"z":0.09634047}},{"recID":55,"timestamp":0,"world2head":{"data":[0.9922689,0.027328074,-0.121060334,0.0705541,-0.0194047354,0.9976209,0.0661516562,-0.00198524282,0.122580118,-0.06329108,0.990438461,-0.0866225,0.0,0.0,0.0,1.0]},"headPose":{"x":-0.0594289675,"y":-0.00543002039,"z":0.09446689}},{"recID":56,"timestamp":0,"world2head":{"data":[0.9926186,0.0246430412,-0.118747845,0.0703980848,-0.01705309,0.9977711,0.064514026,-0.00271802535,0.120072991,-0.0620128065,0.990826368,-0.08552435,0.0,0.0,0.0,1.0]},"headPose":{"x":-0.05965563,"y":-0.00432646135,"z":0.09327476}},{"recID":57,"timestamp":0,"world2head":{"data":[0.992932737,0.0252896789,-0.115952663,0.0701577,-0.0179564673,0.9977975,0.06385721,-0.001690979,0.1173122,-0.0613238178,0.9911999,-0.0839125142,0.0,0.0,0.0,1.0]},"headPose":{"x":-0.05984828,"y":-0.005232847,"z":0.09141703}},{"recID":58,"timestamp":0,"world2head":{"data":[0.9930854,0.0249100439,-0.114721037,0.06993106,-0.0170591958,0.9974767,0.0689146,-0.00335015054,0.116148226,-0.06648103,0.991004467,-0.08251047,0.0,0.0,0.0,1.0]},"headPose":{"x":-0.05992122,"y":-0.00388567033,"z":0.0900216848}},{"recID":59,"timestamp":0,"world2head":{"data":[0.993063569,0.0265142024,-0.114550032,0.06983636,-0.019436758,0.9978578,0.0624658652,-0.00334046222,0.115960874,-0.0598060973,0.9914516,-0.08122702,0.0,0.0,0.0,1.0]},"headPose":{"x":-0.0599977225,"y":-0.00337622035,"z":0.08874109}},{"recID":60,"timestamp":0,"world2head":{"data":[0.993188739,0.02848556,-0.112981111,0.06984432,-0.0219019335,0.9980123,0.05909117,-0.0030194053,0.114439785,-0.05621418,0.991838455,-0.07998204,0.0,0.0,0.0,1.0]},"headPose":{"x":-0.0602815934,"y":-0.00347227557,"z":0.0873987749}},{"recID":61,"timestamp":0,"world2head":{"data":[0.993601739,0.029264031,-0.109083429,0.06975388,-0.0231206547,0.998097062,0.05716379,-0.00347310165,0.11054869,-0.05427596,0.9923876,-0.07896643,0.0,0.0,0.0,1.0]},"headPose":{"x":-0.0606582426,"y":-0.00286076637,"z":0.086172834}},{"recID":62,"timestamp":0,"world2head":{"data":[0.9940648,0.03093771,-0.104297578,0.06918759,-0.0253036749,0.9981703,0.0549160428,-0.0035809367,0.105805725,-0.0519509949,0.9930288,-0.07777273,0.0,0.0,0.0,1.0]},"headPose":{"x":-0.06063876,"y":-0.00260649133,"z":0.08464331}},{"recID":63,"timestamp":0,"world2head":{"data":[0.9944327,0.0294919088,-0.101162262,0.0689235553,-0.02447733,0.9984262,0.0504579432,-0.00326022622,0.102491148,-0.04770085,0.9935896,-0.07683689,0.0,0.0,0.0,1.0]},"headPose":{"x":-0.0607445426,"y":-0.00244277716,"z":0.0834813043}},{"recID":64,"timestamp":0,"world2head":{"data":[0.994610846,0.028950125,-0.099554874,0.06833514,-0.0241991617,0.998524964,0.0486030877,-0.00385471154,0.100815095,-0.04593201,0.99384433,-0.07590002,0.0,0.0,0.0,1.0]},"headPose":{"x":-0.060408283,"y":-0.00161552557,"z":0.08242325}},{"recID":65,"timestamp":0,"world2head":{"data":[0.9947692,0.02723569,-0.0984500945,0.0687589645,-0.0225521587,0.998574555,0.0483765453,-0.0032503088,0.09962733,-0.0459032357,0.993965447,-0.0745343938,0.0,0.0,0.0,1.0]},"headPose":{"x":-0.06104694,"y":-0.00204839255,"z":0.08101118}},{"recID":66,"timestamp":0,"world2head":{"data":[0.9952166,0.0286589283,-0.09339496,0.06835827,-0.0237987619,0.998324454,0.0527435951,-0.004480902,0.09475004,-0.0502686165,0.9942311,-0.07391297,0.0,0.0,0.0,1.0]},"headPose":{"x":-0.0611346662,"y":-0.0012011833,"z":0.0801072344}},{"recID":67,"timestamp":0,"world2head":{"data":[0.995497048,0.03034034,-0.08980587,0.0685703158,-0.0262793452,0.998592854,0.0460619666,-0.00358712487,0.0910770446,-0.04349451,0.994893551,-0.0737160742,0.0,0.0,0.0,1.0]},"headPose":{"x":-0.0616419762,"y":-0.00170461414,"z":0.0796629}},{"recID":68,"timestamp":0,"world2head":{"data":[0.9960186,0.0343197547,-0.08227478,0.0691428,-0.0294953473,0.9978131,0.0591528155,-0.00362375937,0.08412497,-0.05649058,0.994852662,-0.07210489,0.0,0.0,0.0,1.0]},"headPose":{"x":-0.06290858,"y":-0.00283037685,"z":0.07763681}},{"recID":69,"timestamp":0,"world2head":{"data":[0.996427357,0.04373235,-0.07224956,0.06849478,-0.0388106219,0.9969182,0.0681749657,-0.00500618946,0.07500835,-0.06512735,0.9950538,-0.07116188,0.0,0.0,0.0,1.0]},"headPose":{"x":-0.0631066263,"y":-0.00263926177,"z":0.0760999247}},{"recID":70,"timestamp":0,"world2head":{"data":[0.996924043,0.0476889946,-0.0621949136,0.06750453,-0.04310253,0.996392131,0.0731087,-0.005216861,0.065457,-0.0702030659,0.9953828,-0.06980653,0.0,0.0,0.0,1.0]},"headPose":{"x":-0.06295243,"y":-0.002921816,"z":0.07406405}},{"recID":71,"timestamp":0,"world2head":{"data":[0.997486234,0.0412540063,-0.05761389,0.06731682,-0.03654127,0.9960778,0.08058449,-0.00470554549,0.06071235,-0.07827663,0.9950813,-0.06793975,0.0,0.0,0.0,1.0]},"headPose":{"x":-0.06319477,"y":-0.00340809417,"z":0.07186315}},{"recID":72,"timestamp":0,"world2head":{"data":[0.9975833,0.0454114377,-0.05258636,0.06678494,-0.04052484,0.9950689,0.0905293152,-0.006312142,0.05643812,-0.08817948,0.994504452,-0.06546616,0.0,0.0,0.0,1.0]},"headPose":{"x":-0.06318456,"y":-0.00252455566,"z":0.0691897944}},{"recID":73,"timestamp":0,"world2head":{"data":[0.9975652,0.0493703969,-0.04925675,0.06535946,-0.0449667238,0.995208442,0.08682252,-0.00574995,0.053307198,-0.0843962058,0.9950053,-0.06331618,0.0,0.0,0.0,1.0]},"headPose":{"x":-0.06208367,"y":-0.00284806942,"z":0.06671856}},{"recID":74,"timestamp":0,"world2head":{"data":[0.9975034,0.05166363,-0.04814372,0.06353167,-0.0471324548,0.9947423,0.0909196138,-0.006176091,0.0525878258,-0.08842349,0.9946938,-0.0612202361,0.0,0.0,0.0,1.0]},"headPose":{"x":-0.0604447126,"y":-0.00255196448,"z":0.06451557}},{"recID":75,"timestamp":0,"world2head":{"data":[0.997586131,0.0464335047,-0.0516323037,0.06171232,-0.041619014,0.995008051,0.09070213,-0.00546537153,0.0555861779,-0.08833431,0.9945387,-0.05889814,0.0,0.0,0.0,1.0]},"headPose":{"x":-0.0585168935,"y":-0.00263015646,"z":0.06225855}},{"recID":76,"timestamp":0,"world2head":{"data":[0.997548759,0.039553497,-0.0577236041,0.0611271523,-0.03399534,0.9949649,0.09428252,-0.00409498066,0.06116216,-0.09208907,0.9938706,-0.0558793657,0.0,0.0,0.0,1.0]},"headPose":{"x":-0.0576988235,"y":-0.00348930969,"z":0.0594514236}},{"recID":77,"timestamp":0,"world2head":{"data":[0.9974904,0.0381805375,-0.0596252158,0.06097944,-0.0321923271,0.994631231,0.0983480141,-0.004542272,0.06306008,-0.09618173,0.9933642,-0.05433087,0.0,0.0,0.0,1.0]},"headPose":{"x":-0.0575465225,"y":-0.00303597935,"z":0.05805298}},{"recID":78,"timestamp":0,"world2head":{"data":[0.997224033,0.03808268,-0.0639837161,0.05950611,-0.0317736343,0.9947887,0.09688073,-0.00411253935,0.0673397556,-0.0945787951,0.993237257,-0.0511028059,0.0,0.0,0.0,1.0]},"headPose":{"x":-0.0560303442,"y":-0.00300828647,"z":0.05496306}},{"recID":79,"timestamp":0,"world2head":{"data":[0.996877432,0.0403712578,-0.0678644255,0.05844728,-0.0337826125,0.9948488,0.09557548,-0.00371902948,0.071373336,-0.09298441,0.9931061,-0.04918232,0.0,0.0,0.0,1.0]},"headPose":{"x":-0.054880105,"y":-0.00323290681,"z":0.0531651974}},{"recID":80,"timestamp":0,"world2head":{"data":[0.9967145,0.0408427231,-0.06994402,0.0576968379,-0.03369664,0.9943699,0.100463904,-0.00380720524,0.07365345,-0.09777694,0.992479146,-0.0474633463,0.0,0.0,0.0,1.0]},"headPose":{"x":-0.0541397221,"y":-0.00321154669,"z":0.0515244156}},{"recID":81,"timestamp":0,"world2head":{"data":[0.996791244,0.03936708,-0.06969541,0.0567732826,-0.03268356,0.9949819,0.09456646,-0.003420558,0.0730684847,-0.09198513,0.9930759,-0.04677862,0.0,0.0,0.0,1.0]},"headPose":{"x":-0.0532848649,"y":-0.00313454214,"z":0.0507350266}},{"recID":82,"timestamp":0,"world2head":{"data":[0.9968849,0.0369240269,-0.06969338,0.05636987,-0.0303755626,0.995222449,0.09278764,-0.00288413721,0.07278652,-0.09038162,0.9932438,-0.0465163961,0.0,0.0,0.0,1.0]},"headPose":{"x":-0.0528961122,"y":-0.00341527141,"z":0.0503983423}},{"recID":83,"timestamp":0,"world2head":{"data":[0.996908665,0.0362539962,-0.06970498,0.05592509,-0.02969941,0.995235,0.09287208,-0.00255768979,0.0727398247,-0.090514794,0.9932351,-0.0460715033,0.0,0.0,0.0,1.0]},"headPose":{"x":-0.0524769351,"y":-0.00365215773,"z":0.04989563}},{"recID":84,"timestamp":0,"world2head":{"data":[0.9971755,0.03188323,-0.06800374,0.0546995476,-0.0254068058,0.9952422,0.09406087,-0.002591737,0.07067915,-0.0920674354,0.9932412,-0.0448194779,0.0,0.0,0.0,1.0]},"headPose":{"x":-0.0514430925,"y":-0.003291007,"z":0.04848011}},{"recID":85,"timestamp":0,"world2head":{"data":[0.9973851,0.03034273,-0.0655922443,0.05431968,-0.0240968559,0.9952805,0.0940002,-0.0017860753,0.0681349039,-0.09217382,0.9934091,-0.04399786,0.0,0.0,0.0,1.0]},"headPose":{"x":-0.0512228832,"y":-0.00392601267,"z":0.04743872}},{"recID":86,"timestamp":0,"world2head":{"data":[0.9976763,0.0288672019,-0.06171445,0.05424127,-0.02279962,0.9950374,0.0968542,-0.00149457145,0.0642041,-0.09522208,0.9933834,-0.0431901477,0.0,0.0,0.0,1.0]},"headPose":{"x":-0.05137632,"y":-0.00419129431,"z":0.0463966}},{"recID":87,"timestamp":0,"world2head":{"data":[0.9979779,0.02910435,-0.0565070361,0.0538801253,-0.02313372,0.994352,0.103580542,-0.00143947126,0.05920253,-0.102063872,0.993014634,-0.0418854,0.0,0.0,0.0,1.0]},"headPose":{"x":-0.05132475,"y":-0.00441179145,"z":0.04478652}},{"recID":88,"timestamp":0,"world2head":{"data":[0.99816376,0.0290056672,-0.0531766,0.05381043,-0.023183709,0.993988156,0.107004829,-0.00149675622,0.05596066,-0.105575509,0.992835462,-0.0404538326,0.0,0.0,0.0,1.0]},"headPose":{"x":-0.0514825,"y":-0.00434398372,"z":0.043185614}},{"recID":89,"timestamp":0,"world2head":{"data":[0.9982484,0.03017687,-0.0508876,0.0537355579,-0.0245423615,0.993855953,0.107925922,-0.00176676281,0.05383181,-0.106487975,0.9928557,-0.03899636,0.0,0.0,0.0,1.0]},"headPose":{"x":-0.0515855476,"y":-0.00401830673,"z":0.04164291}},{"recID":90,"timestamp":0,"world2head":{"data":[0.998221,0.0319264755,-0.0503545962,0.0537166372,-0.0265776385,0.994271159,0.103530109,-0.00169658265,0.0533714779,-0.102007627,0.993350863,-0.037527144,0.0,0.0,0.0,1.0]},"headPose":{"x":-0.051663287,"y":-0.00385617418,"z":0.0401581451}},{"recID":91,"timestamp":0,"world2head":{"data":[0.998202145,0.0329950266,-0.0500386059,0.0540032871,-0.0277664457,0.9944166,0.101806961,-0.00147796574,0.05311834,-0.100234531,0.993544936,-0.0358977,0.0,0.0,0.0,1.0]},"headPose":{"x":-0.0520404056,"y":-0.00391031476,"z":0.03851869}},{"recID":92,"timestamp":0,"world2head":{"data":[0.9982463,0.0350682139,-0.04769219,0.054320503,-0.0300457459,0.994307041,0.102228872,-0.0015202756,0.0510056652,-0.100616641,0.993617,-0.03451255,0.0,0.0,0.0,1.0]},"headPose":{"x":-0.0525105819,"y":-0.00386583921,"z":0.0370383337}},{"recID":93,"timestamp":0,"world2head":{"data":[0.99833554,0.0352911949,-0.0456139334,0.05445098,-0.0305163283,0.9943735,0.101440333,-0.0011790815,0.048937235,-0.0998795256,0.9937954,-0.03389359,0.0,0.0,0.0,1.0]},"headPose":{"x":-0.0527376756,"y":-0.00413446827,"z":0.0362866223}},{"recID":94,"timestamp":0,"world2head":{"data":[0.998468339,0.0362646356,-0.0417839028,0.05457048,-0.031759344,0.9940853,0.103854455,-0.00108555262,0.0453030057,-0.102368347,0.993714452,-0.0322625227,0.0,0.0,0.0,1.0]},"headPose":{"x":-0.0530597828,"y":-0.004202508,"z":0.03445264}},{"recID":95,"timestamp":0,"world2head":{"data":[0.9986367,0.0353180878,-0.0384356044,0.05748337,-0.0309903566,0.9936798,0.107888646,-0.00148014689,0.0420031063,-0.106550433,0.9934197,-0.03116785,0.0,0.0,0.0,1.0]},"headPose":{"x":-0.05614173,"y":-0.00388035877,"z":0.0333318561}},{"recID":96,"timestamp":0,"world2head":{"data":[0.9986582,0.0362454467,-0.0369873531,0.0575131625,-0.0319046937,0.9932114,0.111862645,-0.00152369728,0.04079077,-0.110532477,0.9930351,-0.0300505143,0.0,0.0,0.0,1.0]},"headPose":{"x":-0.0562588237,"y":-0.00389279472,"z":0.03213892}},{"recID":97,"timestamp":0,"world2head":{"data":[0.9987346,0.0359327644,-0.03518576,0.0575313456,-0.0318270251,0.9933106,0.111000791,-0.00168928073,0.0389389545,-0.109740466,0.993197262,-0.0271684,0.0,0.0,0.0,1.0]},"headPose":{"x":-0.0564544,"y":-0.00337075326,"z":0.0291953757}},{"recID":98,"timestamp":0,"world2head":{"data":[0.9986047,0.03700428,-0.03767316,0.05751772,-0.03284299,0.993861437,0.105644546,-0.00139867177,0.0413512,-0.104259841,0.9936901,-0.0253985971,0.0,0.0,0.0,1.0]},"headPose":{"x":-0.05643314,"y":-0.00338636967,"z":0.02755297}},{"recID":99,"timestamp":0,"world2head":{"data":[0.998493969,0.038812805,-0.03877365,0.0573598519,-0.03463464,0.9940617,0.103158817,-0.00121658866,0.0425472856,-0.10166055,0.9939089,-0.0236454774,0.0,0.0,0.0,1.0]},"headPose":{"x":-0.0563095473,"y":-0.00342074456,"z":0.0258510038}},{"recID":100,"timestamp":0,"world2head":{"data":[0.998490632,0.0385403968,-0.0391296968,0.0568354353,-0.0343935676,0.9942287,0.101618811,-0.0010765862,0.0428202972,-0.100119621,0.994053543,-0.0220919568,0.0,0.0,0.0,1.0]},"headPose":{"x":-0.05584069,"y":-0.00333192549,"z":0.0242939442}},{"recID":101,"timestamp":0,"world2head":{"data":[0.9984924,0.03792314,-0.0396830961,0.0560465567,-0.0337284468,0.994263232,0.1015038,-0.00134448835,0.0433047861,-0.100012325,0.99404335,-0.0206955522,0.0,0.0,0.0,1.0]},"headPose":{"x":-0.0551111922,"y":-0.0028584965,"z":0.02293285}},{"recID":102,"timestamp":0,"world2head":{"data":[0.9984983,0.0338227078,-0.0430947132,0.0552606881,-0.0294868257,0.9947933,0.09755397,-0.00139701075,0.0461698733,-0.09613675,0.9942968,-0.0197341926,0.0,0.0,0.0,1.0]},"headPose":{"x":-0.0543077737,"y":-0.0023765103,"z":0.02213937}},{"recID":103,"timestamp":0,"world2head":{"data":[0.998346269,0.03139379,-0.0481573939,0.05454976,-0.0267791767,0.9952456,0.0936437547,-0.0013068855,0.0508682653,-0.09219928,0.9944404,-0.018790178,0.0,0.0,0.0,1.0]},"headPose":{"x":-0.0535387248,"y":-0.0021442927,"z":0.0214350671}},{"recID":104,"timestamp":0,"world2head":{"data":[0.9980798,0.0309786927,-0.05363835,0.0537094846,-0.0259383526,0.9953989,0.0922401547,-0.00121214474,0.0562490337,-0.09067175,0.994291067,-0.0177775323,0.0,0.0,0.0,1.0]},"headPose":{"x":-0.05263782,"y":-0.00206920179,"z":0.0206687376}},{"recID":105,"timestamp":0,"world2head":{"data":[0.9978496,0.0294857621,-0.0585391633,0.05296819,-0.0240988582,0.995588,0.09068521,-0.00182188116,0.0609548129,-0.08907948,0.9941576,-0.01704371,0.0,0.0,0.0,1.0]},"headPose":{"x":-0.0518592931,"y":-0.00126620918,"z":0.0202100649}},{"recID":106,"timestamp":0,"world2head":{"data":[0.9976486,0.02834787,-0.062399216,0.0519457981,-0.0229259338,0.9960353,0.08595388,-0.00209941482,0.064588435,-0.0843212,0.994343162,-0.01662469,0.0,0.0,0.0,1.0]},"headPose":{"x":-0.05079802,"y":-0.000783275347,"z":0.019952476}},{"recID":107,"timestamp":0,"world2head":{"data":[0.9974594,0.0263034962,-0.06620318,0.05103933,-0.0209329985,0.996531,0.08054652,-0.00198343256,0.06809217,-0.07895606,0.9945499,-0.01666433,0.0,0.0,0.0,1.0]},"headPose":{"x":-0.04981647,"y":-0.000681710662,"z":0.0201122314}},{"recID":108,"timestamp":0,"world2head":{"data":[0.9972404,0.02359449,-0.07039063,0.0502206758,-0.0179131944,0.9966116,0.08027746,-0.00155332545,0.07204622,-0.078795,0.994284034,-0.0170054026,0.0,0.0,0.0,1.0]},"headPose":{"x":-0.04888474,"y":-0.0009768098,"z":0.020567961}},{"recID":109,"timestamp":0,"world2head":{"data":[0.996917963,0.0211184565,-0.0755550042,0.0494484529,-0.0147956852,0.996415854,0.0832860842,-0.00120120053,0.07704308,-0.08191151,0.9936573,-0.0177724361,0.0,0.0,0.0,1.0]},"headPose":{"x":-0.047944583,"y":-0.001303147,"z":0.021495834}},{"recID":110,"timestamp":0,"world2head":{"data":[0.9965317,0.0216583032,-0.08034594,0.0488908626,-0.0146281254,0.996094167,0.0870774239,-0.0004773304,0.0819180757,-0.08560011,0.9929562,-0.0189190563,0.0,0.0,0.0,1.0]},"headPose":{"x":-0.0471784659,"y":-0.00220290013,"z":0.02275554}},{"recID":111,"timestamp":0,"world2head":{"data":[0.9961677,0.0213943385,-0.08480692,0.048342526,-0.0131412335,0.995226264,0.0967059955,5.73646976E-05,0.0864710361,-0.095220916,0.9916934,-0.01954565,0.0,0.0,0.0,1.0]},"headPose":{"x":-0.0464663766,"y":-0.00295250188,"z":0.0234775245}},{"recID":112,"timestamp":0,"world2head":{"data":[0.995938361,0.0226467513,-0.08714303,0.04787201,-0.0138940439,0.9949139,0.0997665,-0.00131243025,0.0889591947,-0.0981505141,0.9911875,-0.0192851517,0.0,0.0,0.0,1.0]},"headPose":{"x":-0.0459802151,"y":-0.00167123834,"z":0.0234178528}},{"recID":113,"timestamp":0,"world2head":{"data":[0.9959265,0.0221538972,-0.087405026,0.0473806076,-0.0140993018,0.9956854,0.0917160362,-0.0013954551,0.08905977,-0.09011008,0.9919418,-0.0189590529,0.0,0.0,0.0,1.0]},"headPose":{"x":-0.04551879,"y":-0.00136863254,"z":0.0230755657}},{"recID":114,"timestamp":0,"world2head":{"data":[0.9959719,0.0203215759,-0.08733273,0.0469043478,-0.0123722833,0.99580884,0.09061846,-0.00170925085,0.0888082162,-0.08917293,0.992049038,-0.0179330446,0.0,0.0,0.0,1.0]},"headPose":{"x":-0.04514396,"y":-0.0008502252,"z":0.0220416337}},{"recID":115,"timestamp":0,"world2head":{"data":[0.996085346,0.0199021287,-0.08612684,0.04645746,-0.0127568394,0.99649024,0.08273119,-0.00216296082,0.08747109,-0.08130862,0.9928433,-0.0172361471,0.0,0.0,0.0,1.0]},"headPose":{"x":-0.0447955243,"y":-0.000170680112,"z":0.02129297}},{"recID":116,"timestamp":0,"world2head":{"data":[0.9960831,0.01816807,-0.08653582,0.0457812659,-0.0115309106,0.996996045,0.07658967,-0.00250164513,0.08766735,-0.0752918348,0.9933003,-0.0167573877,0.0,0.0,0.0,1.0]},"headPose":{"x":-0.04416171,"y":0.000400678371,"z":0.0207984373}},{"recID":117,"timestamp":0,"world2head":{"data":[0.995890439,0.0184747241,-0.0886619762,0.0452612825,-0.0122716287,0.997471154,0.07000528,-0.00260614441,0.08973109,-0.06862956,0.99359864,-0.0164464675,0.0,0.0,0.0,1.0]},"headPose":{"x":-0.0436314978,"y":0.000634650351,"z":0.0205365866}},{"recID":118,"timestamp":0,"world2head":{"data":[0.995781541,0.0186948031,-0.08983085,0.04477267,-0.0125218248,0.997552156,0.0687963963,-0.002898262,0.09089709,-0.06738134,0.993578136,-0.01582616,0.0,0.0,0.0,1.0]},"headPose":{"x":-0.04318154,"y":0.0009877635,"z":0.0199458823}},{"recID":119,"timestamp":0,"world2head":{"data":[0.9956897,0.0178915113,-0.09100503,0.04446742,-0.012058584,0.997861266,0.06424523,-0.00304537057,0.0919598341,-0.06287093,0.993775964,-0.0156938341,0.0,0.0,0.0,1.0]},"headPose":{"x":-0.04286927,"y":0.00125658221,"z":0.0198385641}},{"recID":120,"timestamp":0,"world2head":{"data":[0.995877564,0.0183869265,-0.0888247043,0.04423345,-0.0125947017,0.9977839,0.0653354,-0.00271426234,0.08982918,-0.06394734,0.993902147,-0.0152822165,0.0,0.0,0.0,1.0]},"headPose":{"x":-0.0427124947,"y":0.000917673053,"z":0.019295387}},{"recID":121,"timestamp":0,"world2head":{"data":[0.9962199,0.0163719561,-0.08531044,0.0438521877,-0.010715805,0.997739434,0.066341795,-0.00302873366,0.08620373,-0.06517685,0.9941433,-0.0155106168,0.0,0.0,0.0,1.0]},"headPose":{"x":-0.04238181,"y":0.00129300763,"z":0.0193617567}},{"recID":122,"timestamp":0,"world2head":{"data":[0.996439338,0.0158776529,-0.082804285,0.0434315577,-0.0104696117,0.997808039,0.06534104,-0.00239152252,0.08366025,-0.064241454,0.9944214,-0.0159944762,0.0,0.0,0.0,1.0]},"headPose":{"x":-0.0419638455,"y":0.000669180765,"z":0.0196578354}},{"recID":123,"timestamp":0,"world2head":{"data":[0.9965603,0.0153474025,-0.08143733,0.0429709256,-0.009491585,0.997373044,0.071811676,-0.00176634081,0.08232551,-0.07079169,0.994088054,-0.0163911134,0.0,0.0,0.0,1.0]},"headPose":{"x":-0.0414904766,"y":-5.81462E-05,"z":0.01992049}},{"recID":124,"timestamp":0,"world2head":{"data":[0.996632636,0.0153463511,-0.08054743,0.0424479656,-0.00910618249,0.9969682,0.07727504,-0.00195588265,0.08148912,-0.07628134,0.9937508,-0.0162499286,0.0,0.0,0.0,1.0]},"headPose":{"x":-0.0409986451,"y":5.89649644E-05,"z":0.0197185948}},{"recID":125,"timestamp":0,"world2head":{"data":[0.996698141,0.01367762,-0.08003606,0.0420869924,-0.00775491726,0.9972393,0.07384858,-0.00227765413,0.08082518,-0.07298408,0.994052649,-0.01582864,0.0,0.0,0.0,1.0]},"headPose":{"x":-0.0406863354,"y":0.000540477631,"z":0.01927118}},{"recID":126,"timestamp":0,"world2head":{"data":[0.9968478,0.012686193,-0.07831679,0.0416785032,-0.007332385,0.997639656,0.0682737,-0.00299272174,0.0789980739,-0.06748424,0.994587958,-0.0145711061,0.0,0.0,0.0,1.0]},"headPose":{"x":-0.0404179767,"y":0.00147359644,"z":0.0179606974}},{"recID":127,"timestamp":0,"world2head":{"data":[0.996957242,0.01107195,-0.07716012,0.0412952155,-0.00681280345,0.998449564,0.0552449934,-0.004101906,0.07765216,-0.0545512177,0.995487,-0.0135450345,0.0,0.0,0.0,1.0]},"headPose":{"x":-0.0401457064,"y":0.00289943,"z":0.0168968588}},{"recID":128,"timestamp":0,"world2head":{"data":[0.9970075,0.0110201091,-0.07651527,0.040946234,-0.007962704,0.999161959,0.0401488356,-0.00433616433,0.0768936,-0.0394194238,0.996259749,-0.0123440018,0.0,0.0,0.0,1.0]},"headPose":{"x":-0.0399090573,"y":0.00339470524,"z":0.0156049356}},{"recID":129,"timestamp":0,"world2head":{"data":[0.9970304,0.0112401713,-0.0761848763,0.0405534729,-0.009021323,0.999526858,0.0294063557,-0.005304154,0.07647935,-0.0286317412,0.99666,-0.0112249888,0.0,0.0,0.0,1.0]},"headPose":{"x":-0.03962241,"y":0.004524425,"z":0.0144330338}},{"recID":130,"timestamp":0,"world2head":{"data":[0.997015357,0.012336663,-0.07621142,0.0402106047,-0.01097815,0.999773741,0.0182188824,-0.00590787176,0.0764189363,-0.0173278451,0.996925235,-0.0103116166,0.0,0.0,0.0,1.0]},"headPose":{"x":-0.03936745,"y":0.00523179257,"z":0.0134520531}},{"recID":131,"timestamp":0,"world2head":{"data":[0.996948361,0.01230899,-0.07708709,0.0397862568,-0.0114950659,0.9998735,0.0109933419,-0.00576361874,0.07721266,-0.0100736739,0.996963739,-0.009927971,0.0,0.0,0.0,1.0]},"headPose":{"x":-0.0389645323,"y":0.00517314952,"z":0.013028197}},{"recID":132,"timestamp":0,"world2head":{"data":[0.9968967,0.0136174466,-0.0775341,0.039476417,-0.0128165558,0.999859333,0.0108177979,-0.005531348,0.07767051,-0.009790506,0.996931,-0.009569072,0.0,0.0,0.0,1.0]},"headPose":{"x":-0.0386815667,"y":0.004899316,"z":0.01266031}},{"recID":133,"timestamp":0,"world2head":{"data":[0.996949732,0.0141411712,-0.07675447,0.03924824,-0.0130400406,0.999805033,0.0148284333,-0.00508130575,0.0769492,-0.0137823215,0.9969398,-0.009626448,0.0,0.0,0.0,1.0]},"headPose":{"x":-0.0384540334,"y":0.004392624,"z":0.0126848146}},{"recID":134,"timestamp":0,"world2head":{"data":[0.9970383,0.0132456981,-0.07575714,0.0389615521,-0.0114970841,0.9996584,0.0234715864,-0.00428116973,0.07604215,-0.0225310847,0.99685,-0.0100655742,0.0,0.0,0.0,1.0]},"headPose":{"x":-0.0381299742,"y":0.003536846,"z":0.0130859688}},{"recID":135,"timestamp":0,"world2head":{"data":[0.9970928,0.0112021854,-0.0753691047,0.0388601273,-0.008819231,0.999452949,0.0318760052,-0.00343005732,0.07568495,-0.0311186388,0.9966461,-0.0109205181,0.0,0.0,0.0,1.0]},"headPose":{"x":-0.0379508846,"y":0.00265303068,"z":0.01392208}},{"recID":136,"timestamp":0,"world2head":{"data":[0.997197032,0.0117006665,-0.07389973,0.0388179123,-0.00835421,0.99893254,0.0454315953,-0.0024384968,0.07435243,-0.04468688,0.9962303,-0.0111582568,0.0,0.0,0.0,1.0]},"headPose":{"x":-0.0378998332,"y":0.00148307078,"z":0.0140956119}},{"recID":137,"timestamp":0,"world2head":{"data":[0.997415543,0.0114754327,-0.07092675,0.0388132,-0.00778323226,0.998610735,0.0521153733,-0.00326440926,0.0714262649,-0.0514286458,0.996119142,-0.01109661,0.0,0.0,0.0,1.0]},"headPose":{"x":-0.0379457027,"y":0.00224379217,"z":0.0139765665}},{"recID":138,"timestamp":0,"world2head":{"data":[0.997657835,0.0106624048,-0.06756634,0.0388019644,-0.00737374835,0.9987844,0.0487367958,-0.00324264634,0.0680038556,-0.0481244251,0.996523738,-0.010880596,0.0,0.0,0.0,1.0]},"headPose":{"x":-0.03799507,"y":0.00230136,"z":0.0136225149}},{"recID":139,"timestamp":0,"world2head":{"data":[0.9978408,0.0115452074,-0.06465562,0.0386607833,-0.008504974,0.9988539,0.04710134,-0.003214958,0.06512532,-0.04644975,0.9967954,-0.010520787,0.0,0.0,0.0,1.0]},"headPose":{"x":-0.0379194841,"y":0.00227623852,"z":0.0131381378}},{"recID":140,"timestamp":0,"world2head":{"data":[0.9979517,0.011724012,-0.0628888458,0.0385551825,-0.008995872,0.999013364,0.04348943,-0.00348489825,0.06333667,-0.042834606,0.9970725,-0.0101802479,0.0,0.0,0.0,1.0]},"headPose":{"x":-0.037862774,"y":0.00259337178,"z":0.0127266943}},{"recID":141,"timestamp":0,"world2head":{"data":[0.9980237,0.01256462,-0.0615696944,0.03853417,-0.01009197,0.9991363,0.0403078832,-0.003411559,0.0620229729,-0.0396068655,0.9972885,-0.00985090248,0.0,0.0,0.0,1.0]},"headPose":{"x":-0.0378814638,"y":0.002534282,"z":0.0123342425}},{"recID":142,"timestamp":0,"world2head":{"data":[0.9981105,0.0131968977,-0.0600112639,0.03831553,-0.0108018471,0.999138832,0.04006075,-0.00349216675,0.060488265,-0.0393368229,0.9973935,-0.009445653,0.0,0.0,0.0,1.0]},"headPose":{"x":-0.0377095044,"y":0.00261195144,"z":0.0118602961}},{"recID":143,"timestamp":0,"world2head":{"data":[0.998102963,0.01305632,-0.06016674,0.038079977,-0.01064412,0.999133348,0.0402394831,-0.00373847643,0.0606399775,-0.0395227224,0.9973769,-0.009094836,0.0,0.0,0.0,1.0]},"headPose":{"x":-0.03749602,"y":0.00287859933,"z":0.0115125626}},{"recID":144,"timestamp":0,"world2head":{"data":[0.998053551