[{"recID":0,"timestamp":0,"world2head":{"data":[0.982555866,0.0352624729,-0.182593718,-0.07227642,0.08266979,0.7966875,0.598710954,-0.0726453662,0.166582152,-0.6033619,0.7798748,-0.121276058,0.0,0.0,0.0,1.0]},"headPose":{"x":0.09722363,"y":-0.0127490629,"z":0.1248765}},{"recID":1,"timestamp":0,"world2head":{"data":[0.983671844,0.07891054,-0.161749348,-0.05903908,0.05647973,0.717991769,0.6937564,-0.0872022957,0.170879379,-0.691564143,0.701811433,-0.140383765,0.0,0.0,0.0,1.0]},"headPose":{"x":0.08698893,"y":-0.0298150554,"z":0.149470538}},{"recID":2,"timestamp":0,"world2head":{"data":[0.983671844,0.07891054,-0.161749348,-0.05903908,0.05647973,0.717991769,0.6937564,-0.0872022957,0.170879379,-0.691564143,0.701811433,-0.140383765,0.0,0.0,0.0,1.0]},"headPose":{"x":0.08698893,"y":-0.0298150554,"z":0.149470538}},{"recID":3,"timestamp":0,"world2head":{"data":[0.983671844,0.07891054,-0.161749348,-0.05903908,0.05647973,0.717991769,0.6937564,-0.0872022957,0.170879379,-0.691564143,0.701811433,-0.140383765,0.0,0.0,0.0,1.0]},"headPose":{"x":0.08698893,"y":-0.0298150554,"z":0.149470538}},{"recID":4,"timestamp":0,"world2head":{"data":[0.983671844,0.07891054,-0.161749348,-0.05903908,0.05647973,0.717991769,0.6937564,-0.0872022957,0.170879379,-0.691564143,0.701811433,-0.140383765,0.0,0.0,0.0,1.0]},"headPose":{"x":0.08698893,"y":-0.0298150554,"z":0.149470538}},{"recID":5,"timestamp":0,"world2head":{"data":[0.983671844,0.07891054,-0.161749348,-0.05903908,0.05647973,0.717991769,0.6937564,-0.0872022957,0.170879379,-0.691564143,0.701811433,-0.140383765,0.0,0.0,0.0,1.0]},"headPose":{"x":0.08698893,"y":-0.0298150554,"z":0.149470538}},{"recID":6,"timestamp":0,"world2head":{"data":[0.983671844,0.07891054,-0.161749348,-0.05903908,0.05647973,0.717991769,0.6937564,-0.0872022957,0.170879379,-0.691564143,0.701811433,-0.140383765,0.0,0.0,0.0,1.0]},"headPose":{"x":0.08698893,"y":-0.0298150554,"z":0.149470538}},{"recID":7,"timestamp":0,"world2head":{"data":[0.983671844,0.07891054,-0.161749348,-0.05903908,0.05647973,0.717991769,0.6937564,-0.0872022957,0.170879379,-0.691564143,0.701811433,-0.140383765,0.0,0.0,0.0,1.0]},"headPose":{"x":0.08698893,"y":-0.0298150554,"z":0.149470538}},{"recID":8,"timestamp":0,"world2head":{"data":[0.983671844,0.07891054,-0.161749348,-0.05903908,0.05647973,0.717991769,0.6937564,-0.0872022957,0.170879379,-0.691564143,0.701811433,-0.140383765,0.0,0.0,0.0,1.0]},"headPose":{"x":0.08698893,"y":-0.0298150554,"z":0.149470538}},{"recID":9,"timestamp":0,"world2head":{"data":[0.983671844,0.07891054,-0.161749348,-0.05903908,0.05647973,0.717991769,0.6937564,-0.0872022957,0.170879379,-0.691564143,0.701811433,-0.140383765,0.0,0.0,0.0,1.0]},"headPose":{"x":0.08698893,"y":-0.0298150554,"z":0.149470538}},{"recID":10,"timestamp":0,"world2head":{"data":[0.983671844,0.07891054,-0.161749348,-0.05903908,0.05647973,0.717991769,0.6937564,-0.0872022957,0.170879379,-0.691564143,0.701811433,-0.140383765,0.0,0.0,0.0,1.0]},"headPose":{"x":0.08698893,"y":-0.0298150554,"z":0.149470538}},{"recID":11,"timestamp":0,"world2head":{"data":[0.983671844,0.07891054,-0.161749348,-0.05903908,0.05647973,0.717991769,0.6937564,-0.0872022957,0.170879379,-0.691564143,0.701811433,-0.140383765,0.0,0.0,0.0,1.0]},"headPose":{"x":0.08698893,"y":-0.0298150554,"z":0.149470538}},{"recID":12,"timestamp":0,"world2head":{"data":[0.983671844,0.07891054,-0.161749348,-0.05903908,0.05647973,0.717991769,0.6937564,-0.0872022957,0.170879379,-0.691564143,0.701811433,-0.140383765,0.0,0.0,0.0,1.0]},"headPose":{"x":0.08698893,"y":-0.0298150554,"z":0.149470538}},{"recID":13,"timestamp":0,"world2head":{"data":[0.983671844,0.07891054,-0.161749348,-0.05903908,0.05647973,0.717991769,0.6937564,-0.0872022957,0.170879379,-0.691564143,0.701811433,-0.140383765,0.0,0.0,0.0,1.0]},"headPose":{"x":0.08698893,"y":-0.0298150554,"z":0.149470538}},{"recID":14,"timestamp":0,"world2head":{"data":[0.983671844,0.07891054,-0.161749348,-0.05903908,0.05647973,0.717991769,0.6937564,-0.0872022957,0.170879379,-0.691564143,0.701811433,-0.140383765,0.0,0.0,0.0,1.0]},"headPose":{"x":0.08698893,"y":-0.0298150554,"z":0.149470538}},{"recID":15,"timestamp":0,"world2head":{"data":[0.983671844,0.07891054,-0.161749348,-0.05903908,0.05647973,0.717991769,0.6937564,-0.0872022957,0.170879379,-0.691564143,0.701811433,-0.140383765,0.0,0.0,0.0,1.0]},"headPose":{"x":0.08698893,"y":-0.0298150554,"z":0.149470538}},{"recID":16,"timestamp":0,"world2head":{"data":[0.983671844,0.07891054,-0.161749348,-0.05903908,0.05647973,0.717991769,0.6937564,-0.0872022957,0.170879379,-0.691564143,0.701811433,-0.140383765,0.0,0.0,0.0,1.0]},"headPose":{"x":0.08698893,"y":-0.0298150554,"z":0.149470538}},{"recID":17,"timestamp":0,"world2head":{"data":[0.983671844,0.07891054,-0.161749348,-0.05903908,0.05647973,0.717991769,0.6937564,-0.0872022957,0.170879379,-0.691564143,0.701811433,-0.140383765,0.0,0.0,0.0,1.0]},"headPose":{"x":0.08698893,"y":-0.0298150554,"z":0.149470538}},{"recID":18,"timestamp":0,"world2head":{"data":[0.9838613,0.07836401,-0.160860017,-0.0591567829,0.0563296936,0.7176416,0.6941308,-0.087116845,0.169834718,-0.69198966,0.7016456,-0.140264824,0.0,0.0,0.0,1.0]},"headPose":{"x":0.08693117,"y":-0.02990736,"z":0.149370715}},{"recID":19,"timestamp":0,"world2head":{"data":[0.9842664,0.07751789,-0.158778459,-0.05958966,0.05549986,0.7175046,0.6943391,-0.08693795,0.167747974,-0.6922268,0.7019135,-0.14003256,0.0,0.0,0.0,1.0]},"headPose":{"x":0.08696733,"y":-0.0299366433,"z":0.149193615}},{"recID":20,"timestamp":0,"world2head":{"data":[0.984294057,0.07745594,-0.158637211,-0.0596708953,0.0552405566,0.7183464,0.693488955,-0.0866701,0.167671308,-0.691360235,0.7027854,-0.140053,0.0,0.0,0.0,1.0]},"headPose":{"x":0.08700428,"y":-0.0299460664,"z":0.149065942}},{"recID":21,"timestamp":0,"world2head":{"data":[0.9842163,0.07770839,-0.158996046,-0.059660513,0.0553901941,0.7180271,0.693807662,-0.0865626857,0.168078154,-0.691663563,0.702389657,-0.139996871,0.0,0.0,0.0,1.0]},"headPose":{"x":0.0870439857,"y":-0.0300402641,"z":0.148904413}},{"recID":22,"timestamp":0,"world2head":{"data":[0.984108746,0.0784871653,-0.15927878,-0.0596585236,0.0550922975,0.7177799,0.6940871,-0.08657913,0.168804049,-0.691832244,0.7020495,-0.139898539,0.0,0.0,0.0,1.0]},"headPose":{"x":0.08709576,"y":-0.029959118,"z":0.1488068}},{"recID":23,"timestamp":0,"world2head":{"data":[0.984122455,0.07900343,-0.158938617,-0.05975212,0.0544972979,0.717720747,0.6941952,-0.08649523,0.168917358,-0.691834867,0.702019632,-0.139790878,0.0,0.0,0.0,1.0]},"headPose":{"x":0.08713026,"y":-0.0299121458,"z":0.148683578}},{"recID":24,"timestamp":0,"world2head":{"data":[0.984071553,0.07911828,-0.159196451,-0.05970155,0.0545509756,0.717908859,0.6939965,-0.08656855,0.169196352,-0.6916265,0.7021577,-0.1397551,0.0,0.0,0.0,1.0]},"headPose":{"x":0.08711904,"y":-0.02978651,"z":0.1487041}},{"recID":25,"timestamp":0,"world2head":{"data":[0.9839737,0.07927286,-0.159723535,-0.0596330538,0.0547889061,0.718003035,0.6938803,-0.08657889,0.169687852,-0.691511035,0.702152848,-0.1398925,0.0,0.0,0.0,1.0]},"headPose":{"x":0.08715898,"y":-0.0298460238,"z":0.148776487}},{"recID":26,"timestamp":0,"world2head":{"data":[0.9840157,0.07953162,-0.159335524,-0.0596057363,0.05433186,0.7179955,0.69392395,-0.08649638,0.1695911,-0.6914891,0.7021978,-0.139885113,0.0,0.0,0.0,1.0]},"headPose":{"x":0.087075755,"y":-0.0298844688,"z":0.148751616}},{"recID":27,"timestamp":0,"world2head":{"data":[0.9842908,0.07911545,-0.157836527,-0.05976873,0.053558927,0.718053,0.6939246,-0.0864681453,0.168235153,-0.6914771,0.7025356,-0.139638945,0.0,0.0,0.0,1.0]},"headPose":{"x":0.08695313,"y":-0.0297398027,"z":0.148670018}},{"recID":28,"timestamp":0,"world2head":{"data":[0.984771132,0.07825398,-0.155248567,-0.06023728,0.0520603545,0.719267547,0.6927799,-0.08612833,0.165878043,-0.6903119,0.704239964,-0.139737189,0.0,0.0,0.0,1.0]},"headPose":{"x":0.08698314,"y":-0.0297991335,"z":0.148724735}},{"recID":29,"timestamp":0,"world2head":{"data":[0.9849901,0.07738163,-0.154293731,-0.0604442731,0.05195918,0.719500661,0.6925454,-0.08620143,0.164604738,-0.6901673,0.7046803,-0.139838949,0.0,0.0,0.0,1.0]},"headPose":{"x":0.08703411,"y":-0.029813014,"z":0.14891398}},{"recID":30,"timestamp":0,"world2head":{"data":[0.985200047,0.07660532,-0.153337985,-0.0606358945,0.0517478138,0.7199092,0.6921365,-0.08615183,0.163410753,-0.6898278,0.7052904,-0.139876842,0.0,0.0,0.0,1.0]},"headPose":{"x":0.08705404,"y":-0.0298244115,"z":0.14898482}},{"recID":31,"timestamp":0,"world2head":{"data":[0.985460639,0.07582948,-0.152043417,-0.06079508,0.0512411222,0.720567346,0.691489041,-0.0859277248,0.161992773,-0.6892261,0.7062051,-0.13986142,0.0,0.0,0.0,1.0]},"headPose":{"x":0.08697073,"y":-0.0298693683,"z":0.148945451}},{"recID":32,"timestamp":0,"world2head":{"data":[0.985963166,0.07431502,-0.149512336,-0.0612988956,0.0504763424,0.720905066,0.691193163,-0.08588384,0.159150228,-0.689037859,0.7070347,-0.139779538,0.0,0.0,0.0,1.0]},"headPose":{"x":0.0870195,"y":-0.0298438724,"z":0.149026379}},{"recID":33,"timestamp":0,"world2head":{"data":[0.986194551,0.0736966,-0.148287147,-0.06155908,0.04994695,0.7214089,0.690705836,-0.0859186053,0.157878339,-0.6885769,0.7077686,-0.13985765,0.0,0.0,0.0,1.0]},"headPose":{"x":0.0870811,"y":-0.02978359,"z":0.149202913}},{"recID":34,"timestamp":0,"world2head":{"data":[0.986419439,0.07302287,-0.1471202,-0.0618068576,0.0494496673,0.7221344,0.6899831,-0.08580301,0.1566251,-0.6878878,0.708716452,-0.139862478,0.0,0.0,0.0,1.0]},"headPose":{"x":0.08711639,"y":-0.029735066,"z":0.149232417}},{"recID":35,"timestamp":0,"world2head":{"data":[0.9866146,0.07231217,-0.1461596,-0.0620378368,0.0491903648,0.722575068,0.689540148,-0.08566261,0.155473426,-0.6875,0.709346056,-0.139776379,0.0,0.0,0.0,1.0]},"headPose":{"x":0.08715272,"y":-0.0297124926,"z":0.1491502}},{"recID":36,"timestamp":0,"world2head":{"data":[0.9867264,0.07156462,-0.1457722,-0.06225674,0.04933633,0.723118663,0.6889596,-0.08564327,0.154715732,-0.6870065,0.7099895,-0.139856175,0.0,0.0,0.0,1.0]},"headPose":{"x":0.08729364,"y":-0.02969648,"z":0.149225876}},{"recID":37,"timestamp":0,"world2head":{"data":[0.986748457,0.07034289,-0.146216884,-0.06241759,0.0502364263,0.7244173,0.6875288,-0.08552809,0.15428482,-0.6857634,0.7112839,-0.139983669,0.0,0.0,0.0,1.0]},"headPose":{"x":0.0874844342,"y":-0.0296470057,"z":0.149244651}},{"recID":38,"timestamp":0,"world2head":{"data":[0.986688554,0.07001728,-0.146776229,-0.0624473467,0.05076187,0.724859238,0.687024355,-0.08552078,0.154495686,-0.6853297,0.7116561,-0.140026346,0.0,0.0,0.0,1.0]},"headPose":{"x":0.08759074,"y":-0.0296012964,"z":0.149239659}},{"recID":39,"timestamp":0,"world2head":{"data":[0.9865701,0.07001997,-0.1475691,-0.0624042451,0.0511253849,0.725683331,0.6861268,-0.0855653957,0.155131027,-0.6844567,0.7123577,-0.140224531,0.0,0.0,0.0,1.0]},"headPose":{"x":0.0876939,"y":-0.0295147,"z":0.149389774}},{"recID":40,"timestamp":0,"world2head":{"data":[0.986452162,0.07028284,-0.148231268,-0.06239072,0.0512262471,0.7264271,0.6853317,-0.08518972,0.155846268,-0.683640242,0.7129852,-0.140277937,0.0,0.0,0.0,1.0]},"headPose":{"x":0.0877712,"y":-0.0296305213,"z":0.149151057}},{"recID":41,"timestamp":0,"world2head":{"data":[0.98630476,0.0707194954,-0.1490021,-0.0623151325,0.05135014,0.7268425,0.6848818,-0.08492926,0.156735569,-0.6831535,0.713256836,-0.140462086,0.0,0.0,0.0,1.0]},"headPose":{"x":0.08783825,"y":-0.0298200659,"z":0.149066955}},{"recID":42,"timestamp":0,"world2head":{"data":[0.9861054,0.07106313,-0.150154114,-0.0622068532,0.0519652925,0.7265643,0.685130537,-0.0852088258,0.157784134,-0.6834137,0.7127761,-0.140386134,0.0,0.0,0.0,1.0]},"headPose":{"x":0.08792111,"y":-0.0296115037,"z":0.149102449}},{"recID":43,"timestamp":0,"world2head":{"data":[0.9858634,0.07203928,-0.151273713,-0.0621035323,0.0516352579,0.728280067,0.683331549,-0.08499355,0.159396335,-0.6814826,0.71426487,-0.1405509,0.0,0.0,0.0,1.0]},"headPose":{"x":0.08801756,"y":-0.0294099841,"z":0.1490747}},{"recID":44,"timestamp":0,"world2head":{"data":[0.985731,0.0722316355,-0.152042717,-0.0620969869,0.0516897142,0.7297205,0.681789,-0.08489169,0.16019541,-0.679919541,0.715574443,-0.14071545,0.0,0.0,0.0,1.0]},"headPose":{"x":0.08814092,"y":-0.029242618,"z":0.149129212}},{"recID":45,"timestamp":0,"world2head":{"data":[0.985538065,0.07309362,-0.152879268,-0.062102966,0.0512140654,0.731515,0.6798992,-0.0847478,0.161529779,-0.677896142,0.7171924,-0.14091,0.0,0.0,0.0,1.0]},"headPose":{"x":0.08830628,"y":-0.028988732,"z":0.1491853}},{"recID":46,"timestamp":0,"world2head":{"data":[0.985287547,0.0741366148,-0.153987631,-0.06206897,0.05070892,0.7336246,0.6776604,-0.08452814,0.163208559,-0.6754989,0.7190718,-0.141224876,0.0,0.0,0.0,1.0]},"headPose":{"x":0.0884912238,"y":-0.0287837461,"z":0.149274349}},{"recID":47,"timestamp":0,"world2head":{"data":[0.9849894,0.07560083,-0.155178577,-0.061942663,0.0499574244,0.735660136,0.675506055,-0.08392508,0.1652275,-0.673118651,0.720840633,-0.141514078,0.0,0.0,0.0,1.0]},"headPose":{"x":0.08858757,"y":-0.028832512,"z":0.14908883}},{"recID":48,"timestamp":0,"world2head":{"data":[0.984401047,0.07689183,-0.158247277,-0.06161586,0.0503947064,0.73852843,0.67233634,-0.0838569254,0.168567285,-0.6698234,0.7231332,-0.14170599,0.0,0.0,0.0,1.0]},"headPose":{"x":0.0887676552,"y":-0.02824951,"z":0.149101824}},{"recID":49,"timestamp":0,"world2head":{"data":[0.9840628,0.07780023,-0.15989849,-0.0614787377,0.05033326,0.7405661,0.6700959,-0.08310752,0.170549,-0.667464733,0.724847555,-0.141911685,0.0,0.0,0.0,1.0]},"headPose":{"x":0.08888491,"y":-0.0283913631,"z":0.14872399}},{"recID":50,"timestamp":0,"world2head":{"data":[0.9837393,0.0787444,-0.1614195,-0.06137974,0.05068946,0.7404944,0.6701483,-0.08275584,0.172300652,-0.66743356,0.7244619,-0.1414802,0.0,0.0,0.0,1.0]},"headPose":{"x":0.088953644,"y":-0.0283150841,"z":0.14804782}},{"recID":51,"timestamp":0,"world2head":{"data":[0.983336449,0.07890343,-0.163779423,-0.0610677637,0.0523755625,0.7397431,0.670847952,-0.08380578,0.174086913,-0.6682473,0.723283768,-0.141156971,0.0,0.0,0.0,1.0]},"headPose":{"x":0.0890131146,"y":-0.0275145546,"z":0.148315832}},{"recID":52,"timestamp":0,"world2head":{"data":[0.9827707,0.08055309,-0.166352078,-0.06084141,0.051203914,0.7461467,0.663809657,-0.08273088,0.177594975,-0.6608906,0.729166448,-0.14173618,0.0,0.0,0.0,1.0]},"headPose":{"x":0.08920093,"y":-0.02704177,"z":0.148145735}},{"recID":53,"timestamp":0,"world2head":{"data":[0.982490838,0.08024989,-0.168141961,-0.0605924726,0.05225223,0.7475742,0.6621197,-0.08251915,0.178833634,-0.6593123,0.7302916,-0.141735673,0.0,0.0,0.0,1.0]},"headPose":{"x":0.08919046,"y":-0.0268963315,"z":0.147957772}},{"recID":54,"timestamp":0,"world2head":{"data":[0.9822137,0.0798874348,-0.169924274,-0.0603372976,0.0535831265,0.74809,0.661430359,-0.0825279057,0.179958627,-0.658771038,0.7305037,-0.141616225,0.0,0.0,0.0,1.0]},"headPose":{"x":0.08917128,"y":-0.0267341565,"z":0.147784859}},{"recID":55,"timestamp":0,"world2head":{"data":[0.9820671,0.0808017552,-0.170338646,-0.06023535,0.05287443,0.749199152,0.660231,-0.0824000537,0.180965379,-0.657397747,0.731491446,-0.141435653,0.0,0.0,0.0,1.0]},"headPose":{"x":0.08910698,"y":-0.0263783019,"z":0.147601634}},{"recID":56,"timestamp":0,"world2head":{"data":[0.9819266,0.0814666152,-0.1708313,-0.0601410419,0.0523591451,0.7504599,0.658838749,-0.08233891,0.181875408,-0.6558759,0.732630968,-0.141345456,0.0,0.0,0.0,1.0]},"headPose":{"x":0.08907254,"y":-0.0260135345,"z":0.147528142}},{"recID":57,"timestamp":0,"world2head":{"data":[0.981800735,0.0831232,-0.170756578,-0.06020661,0.05017685,0.75364,0.6553694,-0.0818389952,0.1831654,-0.6520102,0.7357535,-0.1413142,0.0,0.0,0.0,1.0]},"headPose":{"x":0.08910119,"y":-0.0254565887,"z":0.1473265}},{"recID":58,"timestamp":0,"world2head":{"data":[0.9816726,0.08372176,-0.171200648,-0.0601216778,0.0495472,0.755321562,0.6534787,-0.08174628,0.184021935,-0.649984658,0.737330258,-0.14141953,0.0,0.0,0.0,1.0]},"headPose":{"x":0.08909439,"y":-0.025142299,"z":0.147399485}},{"recID":59,"timestamp":0,"world2head":{"data":[0.981667638,0.08441526,-0.170887873,-0.06017626,0.0481722951,0.757583737,0.650958,-0.08149526,0.184412673,-0.647256434,0.73962903,-0.14122811,0.0,0.0,0.0,1.0]},"headPose":{"x":0.0890431553,"y":-0.0245915186,"z":0.147223}},{"recID":60,"timestamp":0,"world2head":{"data":[0.9816944,0.08470963,-0.170588285,-0.0602505729,0.0469121821,0.7605171,0.6476209,-0.08139047,0.184595048,-0.643768549,0.742621541,-0.141202956,0.0,0.0,0.0,1.0]},"headPose":{"x":0.08903122,"y":-0.0238993615,"z":0.1472925}},{"recID":61,"timestamp":0,"world2head":{"data":[0.9817167,0.0853398,-0.1701455,-0.0603862777,0.045005735,0.7644549,0.6431043,-0.08076149,0.184950963,-0.639003754,0.746637344,-0.141446233,0.0,0.0,0.0,1.0]},"headPose":{"x":0.0890775546,"y":-0.0234927982,"z":0.147272646}},{"recID":62,"timestamp":0,"world2head":{"data":[0.9817085,0.08592832,-0.16989626,-0.0603865944,0.0426367931,0.770470738,0.636047959,-0.0796641558,0.185554639,-0.6316575,0.752714,-0.141623333,0.0,0.0,0.0,1.0]},"headPose":{"x":0.08895752,"y":-0.022889629,"z":0.147012621}},{"recID":63,"timestamp":0,"world2head":{"data":[0.9816834,0.08620832,-0.169899777,-0.06039577,0.04175999,0.772719145,0.633372843,-0.07941534,0.185886815,-0.6288666,0.7549655,-0.141721979,0.0,0.0,0.0,1.0]},"headPose":{"x":0.08895015,"y":-0.0225518458,"z":0.147033513}},{"recID":64,"timestamp":0,"world2head":{"data":[0.98166734,0.08667928,-0.169752687,-0.0603519455,0.0407084078,0.774714649,0.630999267,-0.0789026543,0.186204463,-0.62634176,0.756983459,-0.141837791,0.0,0.0,0.0,1.0]},"headPose":{"x":0.0888683647,"y":-0.0224806219,"z":0.146911472}},{"recID":65,"timestamp":0,"world2head":{"data":[0.9816898,0.0867437348,-0.169589549,-0.06032193,0.04008866,0.776276,0.6291173,-0.07852672,0.186220258,-0.6243966,0.7585848,-0.141731977,0.0,0.0,0.0,1.0]},"headPose":{"x":0.08875882,"y":-0.02230601,"z":0.146688253}},{"recID":66,"timestamp":0,"world2head":{"data":[0.9817152,0.08602342,-0.169809252,-0.0602489524,0.04056786,0.777022064,0.6281648,-0.0786042139,0.1859824,-0.62356776,0.7593246,-0.1416438,0.0,0.0,0.0,1.0]},"headPose":{"x":0.08867938,"y":-0.0220644884,"z":0.14669919}},{"recID":67,"timestamp":0,"world2head":{"data":[0.981702268,0.08623126,-0.169778749,-0.0600680336,0.039995715,0.778329134,0.626581252,-0.07837591,0.186174646,-0.6219067,0.7606386,-0.141522929,0.0,0.0,0.0,1.0]},"headPose":{"x":0.08845161,"y":-0.0218320452,"z":0.1465584}},{"recID":68,"timestamp":0,"world2head":{"data":[0.9817993,0.0864710659,-0.169094145,-0.06006881,0.03933784,0.7784419,0.626482844,-0.07820397,0.185802609,-0.621732235,0.7608722,-0.1414742,0.0,0.0,0.0,1.0]},"headPose":{"x":0.08833817,"y":-0.0218876116,"z":0.146479934}},{"recID":69,"timestamp":0,"world2head":{"data":[0.9819472,0.08615725,-0.168394223,-0.06018945,0.0391752422,0.778311133,0.6266556,-0.0782108456,0.185054019,-0.62193954,0.7608852,-0.14132905,0.0,0.0,0.0,1.0]},"headPose":{"x":0.0883203,"y":-0.0218400043,"z":0.146410882}},{"recID":70,"timestamp":0,"world2head":{"data":[0.9819434,0.08602746,-0.168482721,-0.0601689741,0.03930114,0.7784183,0.6265144,-0.07825503,0.185047477,-0.621823251,0.7609818,-0.14136304,0.0,0.0,0.0,1.0]},"headPose":{"x":0.08831691,"y":-0.0218114946,"z":0.146465167}},{"recID":71,"timestamp":0,"world2head":{"data":[0.981935263,0.0861039758,-0.16849108,-0.0601328723,0.03921631,0.7785205,0.626392841,-0.07797844,0.185108677,-0.6216848,0.7610801,-0.141273364,0.0,0.0,0.0,1.0]},"headPose":{"x":0.08825554,"y":-0.0219420046,"z":0.146233618}},{"recID":72,"timestamp":0,"world2head":{"data":[0.981721044,0.08641036,-0.16957894,-0.05987551,0.0399043746,0.7777406,0.6273174,-0.07810243,0.186095148,-0.6226177,0.7600762,-0.1413289,0.0,0.0,0.0,1.0]},"headPose":{"x":0.0881983042,"y":-0.0220765732,"z":0.146262124}},{"recID":73,"timestamp":0,"world2head":{"data":[0.9816406,0.08656801,-0.1699638,-0.05979124,0.040118292,0.7774369,0.6276802,-0.0781621,0.186473161,-0.622975,0.759690642,-0.141179591,0.0,0.0,0.0,1.0]},"headPose":{"x":0.08815545,"y":-0.0220092535,"z":0.146151274}},{"recID":74,"timestamp":0,"world2head":{"data":[0.9815122,0.08668484,-0.1706444,-0.05964343,0.0405495055,0.777146757,0.6280117,-0.07818389,0.187054843,-0.6233207,0.759264,-0.141180322,0.0,0.0,0.0,1.0]},"headPose":{"x":0.08811954,"y":-0.02207008,"z":0.14611572}},{"recID":75,"timestamp":0,"world2head":{"data":[0.981304944,0.0871771649,-0.1715832,-0.0594670251,0.04081615,0.7769823,0.6281979,-0.0783361942,0.188081622,-0.6234571,0.758898258,-0.141206548,0.0,0.0,0.0,1.0]},"headPose":{"x":0.08811102,"y":-0.0219862182,"z":0.1461685}},{"recID":76,"timestamp":0,"world2head":{"data":[0.981152534,0.08746048,-0.172308952,-0.05929496,0.0408031419,0.7778295,0.6271494,-0.07859115,0.188877791,-0.622359931,0.759600759,-0.141191766,0.0,0.0,0.0,1.0]},"headPose":{"x":0.0880521461,"y":-0.02155561,"z":0.1463207}},{"recID":77,"timestamp":0,"world2head":{"data":[0.9809952,0.08787574,-0.1729922,-0.05918085,0.0403648466,0.77963376,0.6249334,-0.07835068,0.18978706,-0.6200395,0.7612699,-0.141382337,0.0,0.0,0.0,1.0]},"headPose":{"x":0.08805128,"y":-0.0213772412,"z":0.146356255}},{"recID":78,"timestamp":0,"world2head":{"data":[0.980863154,0.08849427,-0.173425019,-0.0590867661,0.03964722,0.7812886,0.6229095,-0.07802886,0.1906189,-0.6178648,0.762828648,-0.141537249,0.0,0.0,0.0,1.0]},"headPose":{"x":0.08802934,"y":-0.0212589875,"z":0.146326452}},{"recID":79,"timestamp":0,"world2head":{"data":[0.9807749,0.08867475,-0.173831731,-0.0590110868,0.0393658057,0.7825745,0.6213111,-0.07786712,0.191130877,-0.6162093,0.7640386,-0.141546533,0.0,0.0,0.0,1.0]},"headPose":{"x":0.0879958048,"y":-0.0210526921,"z":0.146268725}},{"recID":80,"timestamp":0,"world2head":{"data":[0.980585754,0.0891627148,-0.1746471,-0.05883967,0.03858433,0.7854985,0.617659569,-0.0776231438,0.192257226,-0.61240685,0.7668084,-0.1417322,0.0,0.0,0.0,1.0]},"headPose":{"x":0.08794142,"y":-0.0205785949,"z":0.146349937}},{"recID":81,"timestamp":0,"world2head":{"data":[0.980504036,0.08948706,-0.174939618,-0.05879167,0.03801461,0.787078738,0.6156801,-0.07747743,0.192786649,-0.6103271,0.768332064,-0.141874775,0.0,0.0,0.0,1.0]},"headPose":{"x":0.08794231,"y":-0.0203480758,"z":0.14642325}},{"recID":82,"timestamp":0,"world2head":{"data":[0.9804622,0.08981438,-0.1750066,-0.05875987,0.0373939872,0.7883537,0.6140848,-0.07713308,0.193120748,-0.6086311,0.769592464,-0.141890049,0.0,0.0,0.0,1.0]},"headPose":{"x":0.08789805,"y":-0.0202730689,"z":0.1462804}},{"recID":83,"timestamp":0,"world2head":{"data":[0.9804201,0.08976468,-0.175267518,-0.0587112643,0.0369049534,0.7905263,0.6113152,-0.07683355,0.1934281,-0.6058139,0.771735132,-0.14201954,0.0,0.0,0.0,1.0]},"headPose":{"x":0.08786781,"y":-0.0200282764,"z":0.1462808}},{"recID":84,"timestamp":0,"world2head":{"data":[0.9803986,0.08967165,-0.17543532,-0.0586639121,0.036917828,0.791044533,0.6106436,-0.07678636,0.193534568,-0.6051508,0.7722285,-0.142048165,0.0,0.0,0.0,1.0]},"headPose":{"x":0.0878400356,"y":-0.0199586544,"z":0.146291018}},{"recID":85,"timestamp":0,"world2head":{"data":[0.9804163,0.08922742,-0.175563,-0.0586191863,0.037243668,0.791378438,0.610191,-0.0766816363,0.193382546,-0.60477984,0.772557139,-0.1420174,0.0,0.0,0.0,1.0]},"headPose":{"x":0.0877907947,"y":-0.0199746266,"z":0.146215647}},{"recID":86,"timestamp":0,"world2head":{"data":[0.980403364,0.088749744,-0.175877064,-0.05860865,0.0378765836,0.791197836,0.610386252,-0.0767950863,0.193325162,-0.6050863,0.7723315,-0.142029911,0.0,0.0,0.0,1.0]},"headPose":{"x":0.08782681,"y":-0.01997875,"z":0.146260917}},{"recID":87,"timestamp":0,"world2head":{"data":[0.9804542,0.08788851,-0.176025927,-0.0584434755,0.03870287,0.791043043,0.610535,-0.0766308,0.1929031,-0.6054144,0.772179961,-0.141884252,0.0,0.0,0.0,1.0]},"headPose":{"x":0.0876368955,"y":-0.0201439876,"z":0.146058381}},{"recID":88,"timestamp":0,"world2head":{"data":[0.9804803,0.08751482,-0.176066756,-0.05837912,0.03942271,0.7897917,0.612107,-0.07682463,0.19262448,-0.607099831,0.770925164,-0.141642928,0.0,0.0,0.0,1.0]},"headPose":{"x":0.0875521153,"y":-0.02020691,"z":0.14594236}},{"recID":89,"timestamp":0,"world2head":{"data":[0.9804556,0.0878054053,-0.176059976,-0.0583535545,0.0393646546,0.7892355,0.6128278,-0.07677373,0.19276236,-0.607780933,0.770353854,-0.1417165,0.0,0.0,0.0,1.0]},"headPose":{"x":0.08755284,"y":-0.0204162709,"z":0.145947188}},{"recID":90,"timestamp":0,"world2head":{"data":[0.980384946,0.0884297043,-0.176140741,-0.0582649857,0.03929761,0.788047552,0.6143588,-0.07680107,0.193134859,-0.609230042,0.7691149,-0.141581431,0.0,0.0,0.0,1.0]},"headPose":{"x":0.0874845162,"y":-0.0205804035,"z":0.145812958}},{"recID":91,"timestamp":0,"world2head":{"data":[0.980305135,0.0888461843,-0.176375031,-0.0581440181,0.0395300165,0.7867393,0.6160184,-0.07711049,0.193492055,-0.6108581,0.7677325,-0.141411468,0.0,0.0,0.0,1.0]},"headPose":{"x":0.08740906,"y":-0.0205506235,"z":0.145812511}},{"recID":92,"timestamp":0,"world2head":{"data":[0.980201,0.09003918,-0.17634882,-0.0581511147,0.0386605971,0.7864579,0.6164327,-0.07718999,0.194194034,-0.6110458,0.767405868,-0.141595244,0.0,0.0,0.0,1.0]},"headPose":{"x":0.08748095,"y":-0.0205786172,"z":0.145988584}},{"recID":93,"timestamp":0,"world2head":{"data":[0.9797146,0.09241675,-0.177816018,-0.057897307,0.0382013172,0.784915447,0.6184242,-0.0770598,0.1967233,-0.612672,0.765462637,-0.1418046,0.0,0.0,0.0,1.0]},"headPose":{"x":0.08756288,"y":-0.0210436042,"z":0.145906687}},{"recID":94,"timestamp":0,"world2head":{"data":[0.9792791,0.09299897,-0.179898873,-0.05748394,0.0395385325,0.7834288,0.6202226,-0.07761233,0.19861801,-0.614484,0.7635184,-0.1417517,0.0,0.0,0.0,1.0]},"headPose":{"x":0.08751595,"y":-0.0209544674,"z":0.146025658}},{"recID":95,"timestamp":0,"world2head":{"data":[0.9787445,0.09437091,-0.182080626,-0.05710656,0.0402789935,0.782089055,0.6218636,-0.07805123,0.201089084,-0.615979552,0.7616642,-0.141539231,0.0,0.0,0.0,1.0]},"headPose":{"x":0.0874985456,"y":-0.0207530633,"z":0.14594458}},{"recID":96,"timestamp":0,"world2head":{"data":[0.9780579,0.09806278,-0.183810681,-0.0567632839,0.0391480327,0.780066,0.6244713,-0.0782596841,0.204621851,-0.617965,0.7591108,-0.141528174,0.0,0.0,0.0,1.0]},"headPose":{"x":0.08754125,"y":-0.0208453666,"z":0.1458728}},{"recID":97,"timestamp":0,"world2head":{"data":[0.976528645,0.106959224,-0.186953291,-0.0562860146,0.03578812,0.775344849,0.630523264,-0.0784277245,0.212393537,-0.622414768,0.753318548,-0.140894637,0.0,0.0,0.0,1.0]},"headPose":{"x":0.0876968,"y":-0.020866055,"z":0.1450662}},{"recID":98,"timestamp":0,"world2head":{"data":[0.9755207,0.113243483,-0.188508138,-0.0561064929,0.0332770571,0.7713258,0.6355699,-0.0786587,0.217375353,-0.62628454,0.748675942,-0.1404165,0.0,0.0,0.0,1.0]},"headPose":{"x":0.08787366,"y":-0.0209154915,"z":0.144543022}},{"recID":99,"timestamp":0,"world2head":{"data":[0.974361062,0.118026391,-0.1915472,-0.0555674843,0.03239497,0.7688919,0.6385577,-0.0798686,0.222645745,-0.6283909,0.745354831,-0.140118435,0.0,0.0,0.0,1.0]},"headPose":{"x":0.0879269,"y":-0.0200803913,"z":0.144794852}},{"recID":100,"timestamp":0,"world2head":{"data":[0.9734882,0.1214141,-0.1938539,-0.05513056,0.03140291,0.7685305,0.6390421,-0.07989519,0.226571336,-0.6281875,0.744342566,-0.139848858,0.0,0.0,0.0,1.0]},"headPose":{"x":0.08786364,"y":-0.0197557937,"z":0.144464582}},{"recID":101,"timestamp":0,"world2head":{"data":[0.972830355,0.123658046,-0.195728913,-0.0548572466,0.0307930112,0.7687907,0.638758659,-0.07930087,0.229462221,-0.6274309,0.744095147,-0.139789209,0.0,0.0,0.0,1.0]},"headPose":{"x":0.08788505,"y":-0.0199587531,"z":0.143933445}},{"recID":102,"timestamp":0,"world2head":{"data":[0.9720383,0.125538409,-0.198447973,-0.0546631142,0.0320165753,0.7663541,0.641620159,-0.07935749,0.232629389,-0.630033,0.740906239,-0.138992459,0.0,0.0,0.0,1.0]},"headPose":{"x":0.08800913,"y":-0.0198915731,"z":0.14304994}},{"recID":103,"timestamp":0,"world2head":{"data":[0.9718843,0.125087857,-0.199484169,-0.05477948,0.03354313,0.7650199,0.6431325,-0.08032747,0.23305741,-0.6317417,0.739315033,-0.138092473,0.0,0.0,0.0,1.0]},"headPose":{"x":0.08811723,"y":-0.01893441,"z":0.1428274}},{"recID":104,"timestamp":0,"world2head":{"data":[0.971445143,0.126037568,-0.201019526,-0.0546976477,0.0333014354,0.7664225,0.641472936,-0.08103353,0.234915584,-0.62985003,0.740340233,-0.1380931,0.0,0.0,0.0,1.0]},"headPose":{"x":0.08827452,"y":-0.01797806,"z":0.1432214}},{"recID":105,"timestamp":0,"world2head":{"data":[0.9712818,0.125830665,-0.20193623,-0.0546256825,0.03200407,0.7719089,0.634927154,-0.08025531,0.235769674,-0.623155951,0.745713949,-0.138543516,0.0,0.0,0.0,1.0]},"headPose":{"x":0.08828979,"y":-0.0175108556,"z":0.1432392}},{"recID":106,"timestamp":0,"world2head":{"data":[0.9712037,0.125398874,-0.202579573,-0.054609865,0.0315550342,0.7750862,0.6310671,-0.07893347,0.23615174,-0.6192871,0.748809636,-0.138653144,0.0,0.0,0.0,1.0]},"headPose":{"x":0.08827123,"y":-0.0178378373,"z":0.142574281}},{"recID":107,"timestamp":0,"world2head":{"data":[0.9713812,0.12335299,-0.202984422,-0.0546197556,0.0341753922,0.773103356,0.6333587,-0.07931091,0.235054642,-0.622169852,0.7467624,-0.137599289,0.0,0.0,0.0,1.0]},"headPose":{"x":0.08811043,"y":-0.0175570846,"z":0.141899258}},{"recID":108,"timestamp":0,"world2head":{"data":[0.971636057,0.122174762,-0.202476457,-0.05476156,0.03449557,0.7738226,0.6324624,-0.07996717,0.233951792,-0.621507764,0.747659445,-0.137228087,0.0,0.0,0.0,1.0]},"headPose":{"x":0.08807158,"y":-0.0167174377,"z":0.142088175}},{"recID":109,"timestamp":0,"world2head":{"data":[0.972244442,0.121253759,-0.200095728,-0.0551793426,0.0332963429,0.774818063,0.6313068,-0.0789210051,0.231586114,-0.620447,0.749275267,-0.137216076,0.0,0.0,0.0,1.0]},"headPose":{"x":0.08805293,"y":-0.0172951743,"z":0.141594827}},{"recID":110,"timestamp":0,"world2head":{"data":[0.972555935,0.120457172,-0.199060336,-0.0553354025,0.0336131565,0.7738349,0.632494867,-0.0792473,0.230228379,-0.621827662,0.748548746,-0.136576429,0.0,0.0,0.0,1.0]},"headPose":{"x":0.0879242942,"y":-0.0169371348,"z":0.141342551}},{"recID":111,"timestamp":0,"world2head":{"data":[0.9731444,0.119306967,-0.196864784,-0.0558528155,0.0330151,0.774028659,0.632289231,-0.07968264,0.227815509,-0.621808231,0.749302745,-0.136318848,0.0,0.0,0.0,1.0]},"headPose":{"x":0.08803914,"y":-0.0164239053,"z":0.14153111}},{"recID":112,"timestamp":0,"world2head":{"data":[0.9737757,0.117779307,-0.1946508,-0.0565540269,0.0322464779,0.775481045,0.6305468,-0.07870577,0.225213379,-0.620288,0.7513466,-0.136177778,0.0,0.0,0.0,1.0]},"headPose":{"x":0.08827798,"y":-0.0167737119,"z":0.1409361}},{"recID":113,"timestamp":0,"world2head":{"data":[0.9739281,0.117163621,-0.19425942,-0.0568907969,0.0326325819,0.7750479,0.6310593,-0.07891932,0.224497542,-0.6209456,0.7510176,-0.1359999,0.0,0.0,0.0,1.0]},"headPose":{"x":0.08851454,"y":-0.0166167524,"z":0.140889525}},{"recID":114,"timestamp":0,"world2head":{"data":[0.9739834,0.11647962,-0.194393426,-0.0569802523,0.0330058746,0.7757386,0.6301907,-0.0789186656,0.224202842,-0.6202114,0.751711965,-0.136131838,0.0,0.0,0.0,1.0]},"headPose":{"x":0.08862375,"y":-0.0165732242,"z":0.140989155}},{"recID":115,"timestamp":0,"world2head":{"data":[0.97400564,0.11601162,-0.194562018,-0.0571852326,0.03330703,0.7762226,0.6295786,-0.0786689743,0.224061847,-0.6196934,0.7521811,-0.136131063,0.0,0.0,0.0,1.0]},"headPose":{"x":0.08882074,"y":-0.0166607331,"z":0.140797436}},{"recID":116,"timestamp":0,"world2head":{"data":[0.9740208,0.115460791,-0.194813475,-0.0573107,0.03394223,0.776110232,0.629683137,-0.07866944,0.223900452,-0.6199368,0.7520285,-0.135855466,0.0,0.0,0.0,1.0]},"headPose":{"x":0.08891013,"y":-0.0165485162,"z":0.14053911}},{"recID":117,"timestamp":0,"world2head":{"data":[0.9737429,0.115183033,-0.19636111,-0.0573598966,0.0350037739,0.7765424,0.6290919,-0.07843514,0.224943444,-0.6194472,0.7521208,-0.136119679,0.0,0.0,0.0,1.0]},"headPose":{"x":0.08921854,"y":-0.0168038439,"z":0.140458092}},{"recID":118,"timestamp":0,"world2head":{"data":[0.9735816,0.114933074,-0.1973048,-0.0573119149,0.0361173339,0.775696039,0.630072355,-0.0786435753,0.225464717,-0.620553,0.7510524,-0.135971069,0.0,0.0,0.0,1.0]},"headPose":{"x":0.0892949,"y":-0.016786715,"z":0.140364617}},{"recID":119,"timestamp":0,"world2head":{"data":[0.9734522,0.114863314,-0.1979829,-0.05734224,0.0366609469,0.7755584,0.6302104,-0.07850633,0.22593537,-0.6207379,0.750758052,-0.136007369,0.0,0.0,0.0,1.0]},"headPose":{"x":0.08942692,"y":-0.0169521738,"z":0.140231341}},{"recID":120,"timestamp":0,"world2head":{"data":[0.9733437,0.114720605,-0.198598266,-0.0573529564,0.03736209,0.7750341,0.630813837,-0.07871734,0.226287782,-0.6214187,0.7500884,-0.135914639,0.0,0.0,0.0,1.0]},"headPose":{"x":0.0895210057,"y":-0.0168717112,"z":0.140213788}},{"recID":121,"timestamp":0,"world2head":{"data":[0.9732586,0.114578992,-0.199096143,-0.0572834052,0.0377550125,0.7751453,0.6306539,-0.0785348043,0.22658813,-0.621306241,0.750090957,-0.136043459,0.0,0.0,0.0,1.0]},"headPose":{"x":0.0895424858,"y":-0.0170852989,"z":0.140168339}},{"recID":122,"timestamp":0,"world2head":{"data":[0.9733189,0.113423079,-0.199463263,-0.05727711,0.0394004,0.773759246,0.6322533,-0.07879188,0.226048663,-0.623243,0.748645544,-0.135729522,0.0,0.0,0.0,1.0]},"headPose":{"x":0.0895348,"y":-0.0171299875,"z":0.140005052}},{"recID":123,"timestamp":0,"world2head":{"data":[0.9733641,0.113077655,-0.199438527,-0.0573380254,0.03968492,0.7736734,0.63234055,-0.07859958,0.225803867,-0.6234124,0.7485784,-0.135792568,0.0,0.0,0.0,1.0]},"headPose":{"x":0.08959249,"y":-0.0173607059,"z":0.139917687}},{"recID":124,"timestamp":0,"world2head":{"data":[0.973479331,0.112560809,-0.1991683,-0.0572500527,0.0400995,0.77315557,0.6329475,-0.07842762,0.225233167,-0.624147832,0.748137355,-0.135497555,0.0,0.0,0.0,1.0]},"headPose":{"x":0.0893951952,"y":-0.0174896475,"z":0.139608935}},{"recID":125,"timestamp":0,"world2head":{"data":[0.973663449,0.112061933,-0.198548838,-0.0573322959,0.0404033922,0.7722707,0.634007633,-0.0783721656,0.224381551,-0.625332057,0.747404,-0.13538748,0.0,0.0,0.0,1.0]},"headPose":{"x":0.0893673152,"y":-0.0177128557,"z":0.139494434}},{"recID":126,"timestamp":0,"world2head":{"data":[0.9738154,0.111654922,-0.19803232,-0.057404846,0.0406740271,0.771458745,0.634977937,-0.07841135,0.223672181,-0.6264061,0.746717,-0.1352524,0.0,0.0,0.0,1.0]},"headPose":{"x":0.08934322,"y":-0.0178222675,"z":0.139416724}},{"recID":127,"timestamp":0,"world2head":{"data":[0.9739647,0.11130368,-0.197495133,-0.0574220568,0.0411258563,0.7699702,0.636753142,-0.0786388442,0.222938329,-0.628297269,0.7453463,-0.13497819,0.0,0.0,0.0,1.0]},"headPose":{"x":0.0892529562,"y":-0.0178655684,"z":0.139338449}},{"recID":128,"timestamp":0,"world2head":{"data":[0.974078536,0.111258164,-0.196958378,-0.057402,0.0410867669,0.769188643,0.637699544,-0.0785577744,0.22244744,-0.6292618,0.744679,-0.134775043,0.0,0.0,0.0,1.0]},"headPose":{"x":0.0891221,"y":-0.017996598,"z":0.139154583}},{"recID":129,"timestamp":0,"world2head":{"data":[0.9742164,0.111231819,-0.196290269,-0.0573932,0.0410427861,0.7681298,0.6389774,-0.0784414038,0.221851036,-0.6305586,0.7437594,-0.134619221,0.0,0.0,0.0,1.0]},"headPose":{"x":0.0889982656,"y":-0.0182481669,"z":0.138980865}},{"recID":130,"timestamp":0,"world2head":{"data":[0.974352539,0.111150108,-0.19565995,-0.05744105,0.0411825255,0.7667318,0.6406453,-0.0783937,0.2212265,-0.6322722,0.7424896,-0.134288147,0.0,0.0,0.0,1.0]},"headPose":{"x":0.08890437,"y":-0.0184151344,"z":0.138691187}},{"recID":131,"timestamp":0,"world2head":{"data":[0.974394858,0.111610271,-0.195186466,-0.05750807,0.04120285,0.7647638,0.642992,-0.07831745,0.221036047,-0.63457036,0.740583241,-0.133963659,0.0,0.0,0.0,1.0]},"headPose":{"x":0.0888732746,"y":-0.01869653,"z":0.13834393}},{"recID":132,"timestamp":0,"world2head":{"data":[0.9743797,0.111614808,-0.195259586,-0.0572985038,0.0436473452,0.757824063,0.6509974,-0.07885668,0.220633373,-0.6428412,0.7335367,-0.1332503,0.0,0.0,0.0,1.0]},"headPose":{"x":0.08867185,"y":-0.0195039343,"z":0.137891382}},{"recID":133,"timestamp":0,"world2head":{"data":[0.97450006,0.111543953,-0.19469884,-0.0573201329,0.0447162427,0.753749251,0.655639052,-0.0789995044,0.219886661,-0.6476265,0.7295408,-0.13276124,0.0,0.0,0.0,1.0]},"headPose":{"x":0.08858346,"y":-0.0200401712,"z":0.137489736}},{"recID":134,"timestamp":0,"world2head":{"data":[0.974516749,0.110835046,-0.195019886,-0.0572590828,0.04725762,0.7484466,0.6615093,-0.07950371,0.219280377,-0.6538681,0.7241359,-0.132529348,0.0,0.0,0.0,1.0]},"headPose":{"x":0.08861817,"y":-0.0208061058,"z":0.137395024}},{"recID":135,"timestamp":0,"world2head":{"data":[0.974462032,0.10974884,-0.195905447,-0.0570911579,0.05048218,0.7430243,0.667357862,-0.0798683,0.21880427,-0.6602046,0.7185086,-0.132361665,0.0,0.0,0.0,1.0]},"headPose":{"x":0.0886263847,"y":-0.0217759982,"z":0.13721925}},{"recID":136,"timestamp":0,"world2head":{"data":[0.9743478,0.109653875,-0.196526036,-0.0569263026,0.0534021221,0.7356678,0.675234139,-0.08025698,0.218619928,-0.668407738,0.71094054,-0.132135451,0.0,0.0,0.0,1.0]},"headPose":{"x":0.08863935,"y":-0.0230356846,"z":0.136945188}},{"recID":137,"timestamp":0,"world2head":{"data":[0.9742173,0.111725286,-0.196005538,-0.05681596,0.05660739,0.719934642,0.6917295,-0.07976729,0.218394861,-0.6849902,0.695048332,-0.132158011,0.0,0.0,0.0,1.0]},"headPose":{"x":0.0887291357,"y":-0.0267519243,"z":0.135897338}},{"recID":138,"timestamp":0,"world2head":{"data":[0.974221468,0.113463618,-0.1949834,-0.05724074,0.05913014,0.705663562,0.7060755,-0.08034142,0.217706561,-0.699403346,0.6807635,-0.130600423,0.0,0.0,0.0,1.0]},"headPose":{"x":0.0889483243,"y":-0.0281536058,"z":0.1344741}},{"recID":139,"timestamp":0,"world2head":{"data":[0.97396034,0.113095179,-0.196496278,-0.0573883578,0.0644907951,0.692693353,0.718343139,-0.08254505,0.217352808,-0.712309957,0.6673622,-0.12944749,0.0,0.0,0.0,1.0]},"headPose":{"x":0.08935315,"y":-0.02853798,"z":0.134407431}},{"recID":140,"timestamp":0,"world2head":{"data":[0.9734693,0.113012239,-0.198961511,-0.05754459,0.0688953847,0.684406638,0.7258381,-0.083618626,0.218199149,-0.7202887,0.6584628,-0.128987491,0.0,0.0,0.0,1.0]},"headPose":{"x":0.0899238,"y":-0.0291758515,"z":0.1341779}},{"recID":141,"timestamp":0,"world2head":{"data":[0.9724349,0.113958426,-0.203430191,-0.0575429276,0.07289479,0.6801362,0.72945267,-0.0841952,0.2214875,-0.7241742,0.6530812,-0.129216731,0.0,0.0,0.0,1.0]},"headPose":{"x":0.09071404,"y":-0.0297537278,"z":0.134099454}},{"recID":142,"timestamp":0,"world2head":{"data":[0.9697871,0.116404466,-0.214389622,-0.057546664,0.0807213858,0.676195145,0.732287,-0.08430675,0.230210692,-0.7274683,0.64636904,-0.1294431,0.0,0.0,0.0,1.0]},"headPose":{"x":0.09241256,"y":-0.0304592475,"z":0.133067325}},{"recID":143,"timestamp":0,"world2head":{"data":[0.968021035,0.117254771,-0.221780464,-0.0575009957,0.085720636,0.676239848,0.731677353,-0.084785834,0.235769436,-0.7272902,0.6445632,-0.129475072,0.0,0.0,0.0,1.0]},"headPose":{"x":0.0934563354,"y":-0.0300881211,"z":0.132738143}},{"recID":144,"timestamp":0,"world2head":{"data":[0.965993166,0.118246235,-0.229945749,-0.05746923,0.09030206,0.679029,0.728536367,-0.08462704,0.242286533,-0.7245257,0.6452595,-0.130112484,0.0,0.0,0.0,1.0]},"headPose":{"x":0.0946813747,"y":-0.0300100967,"z":0.132395372}},{"recID":145,"timestamp":0,"world2head":{"data":[0.963835239,0.119253069,-0.238328144,-0.0576992929,0.09493227,0.68199265,0.7251716,-0.0839672238,0.249016985,-0.721571,0.6460076,-0.130478248,0.0,0.0,0.0,1.0]},"headPose":{"x":0.09607512,"y":-0.0300034713,"z":0.131429225}},{"recID":146,"timestamp":0,"world2head":{"data":[0.961260557,0.120026805,-0.248136476,-0.0578242466,0.101130553,0.683864951,0.7225658,-0.0836622939,0.2564191,-0.7196682,0.645234,-0.130860448,0.0,0.0,0.0,1.0]},"headPose":{"x":0.0976001,"y":-0.03002193,"z":0.130538821}},{"recID":147,"timestamp":0,"world2head":{"data":[0.9549492,0.121134855,-0.27092135,-0.0577381961,0.116225027,0.6873255,0.71699053,-0.08294149,0.27306366,-0.7161774,0.642282,-0.131528646,0.0,0.0,0.0,1.0]},"headPose":{"x":0.100692622,"y":-0.03019595,"z":0.128304243}},{"recID":148,"timestamp":0,"world2head":{"da